6.620000 1.746000 57.670000
6.830000 1.796000 49.520000
6.840000 1.866000 45.110000
6.430000 1.806000 50.580000
6.760000 1.856000 44.320000
5.800000 1.686000 74.640000
6.750000 1.766000 53.160000
6.540000 1.766000 54.030000
6.610000 1.706000 51.160000
5.900000 1.676000 71.520000
6.110000 1.676000 72.430000
6.240000 1.736000 63.170000
6.590000 1.826000 50.030000
6.800000 1.796000 53.320000
6.670000 1.786000 52.670000
6.280000 1.716000 65.860000
7.260000 1.706000 50.300000
6.500000 1.696000 59.840000
7.650000 1.846000 50.160000
7.030000 1.806000 47.500000
6.990000 1.716000 49.290000
6.570000 1.706000 48.930000
7.130000 1.826000 41.940000
6.220000 1.826000 50.770000
6.750000 1.846000 49.150000
6.380000 1.786000 54.800000
6.540000 1.766000 49.900000
6.260000 1.796000 53.900000
5.980000 1.696000 73.400000
6.180000 1.756000 60.700000
6.010000 1.746000 56.500000
6.810000 1.736000 48.300000
6.140000 1.686000 71.000000
7.290000 1.756000 34.700000
6.100000 1.676000 64.700000
6.860000 1.756000 45.400000
6.260000 1.706000 68.700000
6.360000 1.806000 46.000000
6.200000 1.716000 65.700000
5.960000 1.526000 90.700000
6.790000 1.776000 47.900000
6.610000 1.766000 48.400000
6.140000 1.716000 63.500000
6.340000 1.726000 61.800000
6.730000 1.756000 48.100000
5.860000 1.656000 57.900000
6.110000 1.736000 54.740000
6.960000 1.706000 54.000000
6.160000 1.706000 76.940000
8.040000 1.746000 45.220000
5.780000 1.876000 50.300000
6.630000 1.766000 50.410000
6.530000 1.726000 44.080000
5.830000 1.686000 75.970000
6.180000 1.696000 76.350000
5.980000 1.696000 71.620000
7.700000 1.706000 55.960000
7.510000 1.716000 50.030000
7.500000 1.696000 34.670000
6.260000 1.866000 45.200000
8.040000 1.756000 52.180000
6.830000 1.656000 53.660000
7.680000 1.756000 48.630000
7.520000 1.716000 45.220000
8.280000 1.756000 48.550000
8.540000 1.746000 50.850000
8.040000 1.746000 50.410000
7.940000 1.726000 49.730000
6.630000 1.766000 43.560000
6.960000 1.706000 43.570000
6.370000 1.776000 46.170000
8.470000 1.746000 43.990000
8.430000 1.806000 44.340000
8.380000 1.766000 43.320000
6.050000 1.776000 60.000000
6.150000 1.716000 65.000000
6.700000 1.776000 46.000000
5.870000 1.676000 67.000000
5.910000 1.616000 73.000000
5.720000 1.626000 79.000000
7.180000 1.846000 48.940000
7.220000 1.836000 48.190000
7.580000 1.806000 49.170000
7.180000 1.816000 51.850000
6.950000 1.866000 51.000000
6.880000 1.756000 51.000000
6.970000 1.916000 51.000000
5.940000 1.846000 51.000000
6.200000 1.746000 67.000000
6.825000 1.756000 47.000000
6.390000 1.806000 50.000000
6.354000 1.856000 47.500000
6.680000 1.796000 50.000000
6.510000 1.766000 62.000000
6.410000 1.776000 63.000000
7.140000 1.846000 49.000000
6.108000 1.726000 72.000000
7.150000 1.796000 48.000000
6.230000 1.706000 71.000000
6.840000 1.816000 48.000000
5.930000 1.736000 69.000000
6.340000 1.766000 64.000000
6.240000 1.766000 65.000000
6.330000 1.776000 64.000000
5.945000 1.486000 96.000000
6.200000 1.856000 57.000000
6.151000 1.766000 68.710000
6.007000 1.716000 64.160000
6.105000 1.746000 70.030000
6.137000 1.696000 73.550000
5.992000 1.826000 62.900000
5.928000 1.606000 73.610000
5.891000 1.666000 74.810000
5.903000 1.966000 62.410000
5.841000 1.646000 69.180000
6.023000 1.726000 70.250000
6.148000 1.766000 70.030000
6.128000 1.796000 62.570000
6.392000 1.806000 72.740000
6.127000 1.686000 74.490000
6.206000 1.736000 69.920000
6.286000 2.006000 65.360000
6.322000 1.786000 68.440000
6.260000 1.806000 70.030000
6.270000 1.746000 69.210000
6.172000 1.696000 74.590000
6.197000 1.696000 67.450000
6.090000 1.696000 69.820000
6.072000 1.706000 71.550000
6.121000 1.696000 73.100000
6.099000 1.716000 68.240000
7.119000 1.756000 53.420000
6.222000 1.716000 72.250000
6.289000 1.716000 71.110000
6.116000 1.696000 70.080000
6.178000 1.696000 69.270000
6.106000 1.716000 66.190000
6.058000 1.696000 70.650000
6.102000 1.656000 71.500000
6.211000 1.746000 69.200000
6.559000 1.766000 61.430000
6.572000 1.866000 63.070000
6.210000 1.676000 64.480000
6.275000 1.796000 60.090000
6.296000 1.726000 67.090000
6.807000 1.886000 48.010000
6.188000 1.736000 68.500000
6.508000 1.776000 63.910000
6.413000 1.826000 64.260000
6.373000 1.886000 63.940000
6.940000 1.786000 51.300000
7.055000 1.796000 44.510000
6.639000 1.786000 53.650000
6.203000 1.666000 65.630000
6.053000 1.686000 70.010000
6.393000 1.746000 59.890000
6.650000 1.826000 44.840000
6.973000 1.796000 46.950000
6.546000 1.836000 43.450000
6.112000 1.726000 64.080000
6.538000 1.866000 46.740000
5.411000 1.646000 63.300000
5.724000 1.726000 64.060000
5.226000 1.756000 59.100000
5.669000 1.736000 67.320000
6.260000 1.916000 63.700000
6.240000 1.806000 59.700000
6.216667 1.736000 73.400000
6.026667 1.846000 64.600000
6.220000 1.786000 70.400000
6.283333 1.856000 65.200000
6.470000 1.886000 53.200000
6.320000 1.906000 58.000000
6.033333 1.716000 72.100000
6.370000 1.786000 64.300000
6.280000 1.716000 71.200000
6.323333 1.776000 70.300000
6.256667 1.846000 69.600000
6.340000 1.756000 62.000000
6.310000 1.726000 62.000000
6.157000 1.726000 67.940000
6.660000 1.746000 56.020000
6.789000 1.816000 51.600000
6.867000 1.796000 47.650000
6.858000 1.816000 51.480000
6.284000 1.606000 75.710000
7.470000 1.826000 44.600000
7.342000 1.816000 42.620000
6.996000 1.806000 49.960000
6.847000 1.756000 56.550000
6.683000 1.726000 57.430000
6.776000 1.786000 47.390000
6.687000 1.716000 51.990000
7.175000 1.756000 51.910000
7.345000 1.756000 50.050000
8.035000 1.796000 40.810000
7.133000 1.746000 47.050000
6.178000 1.806000 50.130000
6.770000 1.806000 44.920000
6.708000 1.846000 43.460000
6.440000 1.676000 57.640000
6.587000 1.716000 47.780000
6.460000 1.646000 71.310000
6.788000 1.856000 52.520000
6.469000 1.776000 71.340000
6.430000 1.776000 69.830000
6.435667 1.866000 62.190000
6.383667 1.816000 67.060000
6.903333 1.906000 54.450000
6.843000 1.856000 54.110000
6.449333 1.716000 60.510000
6.606333 1.796000 53.350000
7.037000 1.836000 43.120000
7.046333 1.786000 46.440000
6.926333 1.796000 49.170000
6.845667 1.856000 46.030000
7.123333 1.776000 43.170000
7.149000 1.796000 47.160000
7.164667 1.846000 38.910000
