2.663707 31.800000 NaN
12.017936 32.500000 NaN
56.872848 32.600000 NaN
57.192220 29.800000 NaN
80.589347 33.500000 NaN
112.211346 34.600000 NaN
122.694931 32.900000 NaN
153.997558 34.100000 NaN
165.610501 39.200000 NaN
220.948999 38.200000 NaN
224.337070 38.200000 NaN
257.088426 38.400000 NaN
270.321340 40.500000 NaN
283.063640 36.600000 NaN
359.540551 32.100000 NaN
392.611278 40.100000 NaN
425.043262 31.700000 NaN
450.208491 39.600000 NaN
468.278204 44.900000 NaN
541.686416 40.100000 NaN
578.955200 41.400000 NaN
607.189128 45.000000 NaN
647.845983 46.400000 NaN
681.726696 45.200000 NaN
716.736766 36.500000 NaN
748.358765 44.300000 NaN
758.203607 24.500000 NaN
794.662406 47.800000 NaN
871.139317 32.500000 NaN
872.588046 44.500000 NaN
1121.856593 31.600000 NaN
1351.116085 30.000000 NaN
1374.832584 25.300000 NaN
