180.000000 28.000000
181.000000 28.000000
182.000000 28.000000
183.000000 28.500000
184.000000 28.500000
185.000000 28.500000
186.000000 28.500000
187.000000 29.000000
188.000000 29.000000
189.000000 29.000000
190.000000 29.000000
191.000000 29.000000
192.000000 29.500000
193.000000 29.500000
194.000000 29.500000
195.000000 29.500000
196.000000 29.500000
197.000000 29.500000
198.000000 30.000000
199.000000 30.000000
200.000000 30.000000
201.000000 30.000000
202.000000 30.000000
203.000000 30.500000
204.000000 30.500000
205.000000 30.500000
206.000000 30.500000
207.000000 30.500000
208.000000 30.500000
209.000000 31.000000
210.000000 31.000000
211.000000 31.000000
212.000000 31.000000
213.000000 31.000000
214.000000 31.000000
215.000000 31.500000
216.000000 31.500000
217.000000 31.500000
218.000000 31.500000
219.000000 31.500000
220.000000 32.000000
221.000000 32.000000
222.000000 32.000000
223.000000 32.000000
224.000000 32.000000
225.000000 32.500000
226.000000 32.500000
227.000000 32.500000
228.000000 32.500000
229.000000 32.500000
230.000000 33.000000
231.000000 33.000000
232.000000 33.000000
233.000000 33.000000
234.000000 33.000000
235.000000 33.000000
236.000000 33.000000
237.000000 33.500000
238.000000 33.500000
239.000000 33.500000
240.000000 33.500000
241.000000 33.500000
242.000000 33.500000
243.000000 34.000000
244.000000 34.000000
245.000000 34.000000
246.000000 34.500000
247.000000 34.500000
248.000000 34.500000
249.000000 35.000000
250.000000 35.000000
251.000000 35.000000
252.000000 35.500000
253.000000 35.500000
254.000000 35.500000
255.000000 36.000000
256.000000 36.000000
257.000000 36.000000
258.000000 36.500000
259.000000 36.500000
260.000000 36.500000
261.000000 37.000000
262.000000 37.000000
263.000000 37.000000
264.000000 37.500000
265.000000 37.500000
266.000000 37.500000
267.000000 38.000000
268.000000 38.000000
269.000000 38.000000
270.000000 38.000000
271.000000 38.500000
272.000000 38.500000
273.000000 38.500000
274.000000 38.500000
275.000000 39.000000
276.000000 39.000000
277.000000 39.000000
278.000000 39.000000
279.000000 39.500000
280.000000 39.500000
281.000000 39.500000
282.000000 39.500000
283.000000 40.000000
284.000000 40.000000
285.000000 40.000000
286.000000 40.000000
287.000000 40.000000
288.000000 40.500000
289.000000 40.500000
290.000000 40.500000
291.000000 40.500000
292.000000 40.500000
293.000000 40.500000
294.000000 41.000000
295.000000 41.000000
296.000000 41.000000
297.000000 41.000000
298.000000 41.000000
299.000000 41.500000
300.000000 41.500000
301.000000 41.500000
302.000000 41.500000
303.000000 41.500000
304.000000 41.500000
305.000000 41.500000
306.000000 42.000000
307.000000 42.000000
308.000000 42.000000
309.000000 42.000000
310.000000 42.000000
311.000000 42.000000
312.000000 42.000000
313.000000 42.000000
314.000000 42.500000
315.000000 42.500000
316.000000 42.500000
317.000000 42.500000
318.000000 42.500000
319.000000 42.500000
320.000000 42.500000
321.000000 42.500000
322.000000 42.500000
323.000000 43.000000
324.000000 43.000000
325.000000 43.000000
326.000000 43.000000
327.000000 43.000000
328.000000 43.000000
329.000000 43.000000
330.000000 43.000000
331.000000 43.000000
332.000000 43.500000
333.000000 43.500000
334.000000 43.500000
335.000000 43.500000
336.000000 43.500000
337.000000 43.500000
338.000000 43.500000
339.000000 43.500000
340.000000 43.500000
341.000000 44.000000
342.000000 44.000000
343.000000 44.000000
344.000000 44.000000
345.000000 44.000000
346.000000 44.000000
347.000000 44.000000
348.000000 44.500000
349.000000 44.500000
350.000000 44.500000
351.000000 44.500000
352.000000 44.500000
353.000000 44.500000
354.000000 44.500000
355.000000 44.500000
356.000000 44.500000
357.000000 44.500000
358.000000 45.000000
359.000000 45.000000
360.000000 45.000000
361.000000 45.000000
362.000000 45.000000
363.000000 45.000000
364.000000 45.000000
365.000000 45.500000
366.000000 45.500000
367.000000 45.500000
368.000000 45.500000
369.000000 45.500000
370.000000 46.000000
371.000000 46.000000
372.000000 46.000000
373.000000 46.000000
374.000000 46.000000
375.000000 46.500000
376.000000 46.500000
377.000000 46.500000
378.000000 46.500000
379.000000 46.500000
380.000000 47.000000
381.000000 47.000000
382.000000 47.000000
383.000000 47.000000
384.000000 47.500000
385.000000 47.500000
386.000000 47.500000
387.000000 47.500000
388.000000 47.500000
389.000000 48.000000
390.000000 48.000000
391.000000 48.000000
392.000000 48.500000
393.000000 48.500000
394.000000 48.500000
395.000000 48.500000
396.000000 48.500000
397.000000 48.500000
398.000000 48.500000
399.000000 48.500000
400.000000 48.500000
401.000000 48.500000
402.000000 48.500000
403.000000 48.500000
404.000000 48.500000
405.000000 50.000000
406.000000 50.000000
407.000000 50.000000
408.000000 50.500000
409.000000 50.500000
410.000000 50.500000
411.000000 50.500000
412.000000 51.000000
413.000000 51.000000
414.000000 51.000000
415.000000 51.000000
416.000000 51.000000
417.000000 51.500000
418.000000 51.500000
419.000000 51.500000
420.000000 51.500000
421.000000 51.500000
422.000000 51.500000
423.000000 51.500000
424.000000 52.000000
425.000000 52.000000
426.000000 52.000000
427.000000 52.000000
428.000000 52.000000
429.000000 52.000000
430.000000 52.000000
431.000000 52.000000
432.000000 52.000000
433.000000 52.500000
434.000000 52.500000
435.000000 52.500000
436.000000 52.500000
437.000000 52.500000
438.000000 52.500000
439.000000 52.500000
440.000000 52.500000
441.000000 52.500000
442.000000 52.500000
443.000000 53.000000
444.000000 53.000000
445.000000 53.000000
446.000000 53.000000
447.000000 53.000000
448.000000 53.000000
449.000000 53.000000
450.000000 53.000000
