39.122506 116.055088
40.122506 116.065817
41.122506 116.075493
42.122506 116.084116
43.122506 116.091686
44.122506 116.098204
45.122506 116.103669
46.122506 116.108081
47.122506 116.111440
48.122506 116.113747
49.122506 116.115001
50.122506 116.115201
51.122506 116.114349
52.122506 116.112445
53.122506 116.109487
54.122506 116.105477
55.122506 116.100414
56.122506 116.094298
57.122506 116.087129
58.122506 116.078908
59.122506 116.069634
60.122506 116.059307
61.122506 116.047927
62.122506 116.035494
63.122506 116.022009
64.122506 116.007470
65.122506 115.991879
66.122506 115.975236
67.122506 115.957539
68.122506 115.938789
69.122506 115.918987
70.122506 115.898132
71.122506 115.876224
72.122506 115.853264
73.122506 115.829250
74.122506 115.804184
75.122506 115.778065
76.122506 115.750894
77.122506 115.722669
78.122506 115.693392
79.122506 115.663061
80.122506 115.631678
81.122506 115.599243
82.122506 115.565754
83.122506 115.531213
84.122506 115.495619
85.122506 115.458972
86.122506 115.421272
87.122506 115.382519
88.122506 115.342714
89.122506 115.301856
90.122506 115.259945
91.122506 115.216981
92.122506 115.172965
93.122506 115.127896
94.122506 115.081774
95.122506 115.034599
96.122506 114.986371
97.122506 114.937091
98.122506 114.886757
99.122506 114.835371
100.122506 114.782932
101.122506 114.729441
102.122506 114.674896
103.122506 114.619299
104.122506 114.562649
105.122506 114.504946
106.122506 114.446190
107.122506 114.386382
108.122506 114.325521
109.122506 114.263607
110.122506 114.200640
111.122506 114.136620
112.122506 114.071548
113.122506 114.005423
114.122506 113.938245
115.122506 113.870014
116.122506 113.800730
117.122506 113.730394
118.122506 113.659005
119.122506 113.586563
120.122506 113.513068
121.122506 113.438521
122.122506 113.362920
123.122506 113.286267
124.122506 113.208561
125.122506 113.129803
126.122506 113.049991
127.122506 112.969127
128.122506 112.887210
129.122506 112.804240
130.122506 112.720217
131.122506 112.635141
132.122506 112.549013
133.122506 112.461832
134.122506 112.373598
135.122506 112.284311
136.122506 112.193972
137.122506 112.102580
138.122506 112.010135
139.122506 111.916637
140.122506 111.822086
141.122506 111.726483
142.122506 111.629826
143.122506 111.532117
144.122506 111.433356
145.122506 111.333541
146.122506 111.232674
147.122506 111.130753
148.122506 111.027780
149.122506 110.923754
150.122506 110.818676
151.122506 110.712544
152.122506 110.605360
153.122506 110.497123
154.122506 110.387833
155.122506 110.277491
156.122506 110.166096
157.122506 110.053647
158.122506 109.940146
159.122506 109.825593
160.122506 109.709986
161.122506 109.593327
162.122506 109.475615
163.122506 109.356850
164.122506 109.237032
165.122506 109.116161
166.122506 108.994238
167.122506 108.871262
168.122506 108.747233
169.122506 108.622151
170.122506 108.496017
171.122506 108.368830
172.122506 108.240589
173.122506 108.111297
174.122506 107.980951
175.122506 107.849552
176.122506 107.717101
177.122506 107.583597
178.122506 107.449040
179.122506 107.313430
180.122506 107.176768
181.122506 107.039053
182.122506 106.900285
183.122506 106.760464
184.122506 106.619590
185.122506 106.477664
186.122506 106.334685
187.122506 106.190653
188.122506 106.045568
189.122506 105.899430
190.122506 105.752240
191.122506 105.603997
192.122506 105.454701
193.122506 105.304352
194.122506 105.152950
195.122506 105.000496
196.122506 104.846989
197.122506 104.692429
198.122506 104.536816
199.122506 104.380150
200.122506 104.222432
201.122506 104.063661
202.122506 103.903837
203.122506 103.742960
204.122506 103.581031
205.122506 103.418048
206.122506 103.254013
207.122506 103.088925
208.122506 102.922785
209.122506 102.755591
210.122506 102.587345
211.122506 102.418046
212.122506 102.247694
213.122506 102.076289
214.122506 101.903832
215.122506 101.730321
216.122506 101.555758
217.122506 101.380142
218.122506 101.203474
219.122506 101.025752
220.122506 100.846978
221.122506 100.667151
222.122506 100.486271
223.122506 100.304338
224.122506 100.121353
225.122506 99.937315
226.122506 99.752224
227.122506 99.566080
228.122506 99.378883
229.122506 99.190634
230.122506 99.001332
231.122506 98.810977
232.122506 98.619569
233.122506 98.427108
234.122506 98.233595
235.122506 98.039029
236.122506 97.843410
237.122506 97.646738
238.122506 97.449013
239.122506 97.250236
240.122506 97.050406
241.122506 96.849523
242.122506 96.647587
243.122506 96.444599
244.122506 96.240557
245.122506 96.035463
246.122506 95.829316
247.122506 95.622117
248.122506 95.413864
249.122506 95.204559
250.122506 94.994201
251.122506 94.782790
252.122506 94.570326
253.122506 94.356810
254.122506 94.142240
255.122506 93.926618
256.122506 93.709943
257.122506 93.492216
258.122506 93.273435
259.122506 93.053602
260.122506 92.832716
261.122506 92.610777
262.122506 92.387786
263.122506 92.163741
264.122506 91.938644
265.122506 91.712494
266.122506 91.485291
267.122506 91.257035
268.122506 91.027727
269.122506 90.797366
270.122506 90.565952
271.122506 90.333485
272.122506 90.099965
273.122506 89.865393
274.122506 89.629768
275.122506 89.393090
276.122506 89.155359
277.122506 88.916576
278.122506 88.676739
279.122506 88.435850
280.122506 88.193908
281.122506 87.950913
282.122506 87.706866
283.122506 87.461765
284.122506 87.215612
285.122506 86.968406
286.122506 86.720148
287.122506 86.470836
288.122506 86.220472
289.122506 85.969055
290.122506 85.716585
291.122506 85.463062
292.122506 85.208487
293.122506 84.952858
294.122506 84.696177
295.122506 84.438443
296.122506 84.179657
297.122506 83.919817
298.122506 83.658925
299.122506 83.396980
300.122506 83.133982
301.122506 82.869931
302.122506 82.604828
303.122506 82.338672
304.122506 82.071463
305.122506 81.803201
306.122506 81.533886
307.122506 81.263519
308.122506 80.992099
309.122506 80.719626
310.122506 80.446100
311.122506 80.171521
312.122506 79.895890
313.122506 79.619206
314.122506 79.341469
315.122506 79.062679
316.122506 78.782836
317.122506 78.501941
318.122506 78.219993
319.122506 77.936992
320.122506 77.652938
321.122506 77.367832
322.122506 77.081672
323.122506 76.794460
324.122506 76.506195
325.122506 76.216877
326.122506 75.926507
327.122506 75.635084
328.122506 75.342608
329.122506 75.049079
330.122506 74.754497
331.122506 74.458862
332.122506 74.162175
333.122506 73.864435
334.122506 73.565642
335.122506 73.265797
336.122506 72.964898
337.122506 72.662947
338.122506 72.359943
339.122506 72.055886
340.122506 71.750776
341.122506 71.444614
342.122506 71.137399
343.122506 70.829131
344.122506 70.519810
345.122506 70.209436
346.122506 69.898010
347.122506 69.585530
348.122506 69.271998
349.122506 68.957414
350.122506 68.641776
351.122506 68.325086
352.122506 68.007342
353.122506 67.688546
354.122506 67.368698
355.122506 67.047796
356.122506 66.725842
357.122506 66.402835
358.122506 66.078775
359.122506 65.753662
360.122506 65.427496
361.122506 65.100278
362.122506 64.772007
363.122506 64.442683
364.122506 64.112306
365.122506 63.780877
366.122506 63.448394
367.122506 63.114859
368.122506 62.780271
369.122506 62.444631
370.122506 62.107937
371.122506 61.770191
372.122506 61.431392
373.122506 61.091540
374.122506 60.750635
375.122506 60.408678
376.122506 60.065667
377.122506 59.721604
378.122506 59.376489
379.122506 59.030320
380.122506 58.683098
381.122506 58.334824
382.122506 57.985497
383.122506 57.635117
384.122506 57.283685
385.122506 56.931199
386.122506 56.577661
387.122506 56.223070
388.122506 55.867426
389.122506 55.510730
390.122506 55.152980
391.122506 54.794178
392.122506 54.434323
393.122506 54.073415
394.122506 53.711455
395.122506 53.348441
396.122506 52.984375
397.122506 52.619256
398.122506 52.253084
399.122506 51.885860
400.122506 51.517583
401.122506 51.148252
402.122506 50.777870
403.122506 50.406434
404.122506 50.033945
405.122506 49.660404
406.122506 49.285810
407.122506 48.910163
408.122506 48.533463
409.122506 48.155711
410.122506 47.776905
411.122506 47.397047
412.122506 47.016136
413.122506 46.634173
414.122506 46.251156
415.122506 45.867087
416.122506 45.481965
417.122506 45.095790
418.122506 44.708562
419.122506 44.320282
420.122506 43.930949
421.122506 43.540563
422.122506 43.149124
423.122506 42.756632
424.122506 42.363088
425.122506 41.968491
426.122506 41.572841
427.122506 41.176138
428.122506 40.778382
429.122506 40.379574
430.122506 39.979713
431.122506 39.578799
432.122506 39.176832
433.122506 38.773812
434.122506 38.369740
435.122506 37.964615
436.122506 37.558437
437.122506 37.151206
438.122506 36.742922
439.122506 36.333586
440.122506 35.923197
441.122506 35.511755
442.122506 35.099260
443.122506 34.685713
444.122506 34.271112
445.122506 33.855459
446.122506 33.438753
447.122506 33.020995
448.122506 32.602183
449.122506 32.182319
450.122506 31.761402
451.122506 31.339432
452.122506 30.916409
453.122506 30.492334
454.122506 30.067205
455.122506 29.641024
456.122506 29.213791
457.122506 28.785504
458.122506 28.356164
459.122506 27.925772
460.122506 27.494327
461.122506 27.061829
462.122506 26.628279
463.122506 26.193675
464.122506 25.758019
465.122506 25.321310
466.122506 24.883548
467.122506 24.444734
468.122506 24.004866
469.122506 23.563946
470.122506 23.121973
471.122506 22.678947
472.122506 22.234869
473.122506 21.789737
474.122506 21.343553
475.122506 20.896316
476.122506 20.448026
477.122506 19.998684
478.122506 19.548288
479.122506 19.096840
480.122506 18.644339
481.122506 18.190786
482.122506 17.736179
483.122506 17.280520
484.122506 16.823808
485.122506 16.366043
486.122506 15.907225
487.122506 15.447354
488.122506 14.986431
489.122506 14.524455
490.122506 14.061426
491.122506 13.597344
492.122506 13.132210
493.122506 12.666023
494.122506 12.198783
495.122506 11.730490
496.122506 11.261144
497.122506 10.790746
498.122506 10.319294
499.122506 9.846790
500.122506 9.373234
501.122506 8.898624
502.122506 8.422961
503.122506 7.946246
504.122506 7.468478
505.122506 6.989657
506.122506 6.509784
507.122506 6.028857
508.122506 5.546878
509.122506 5.063846
510.122506 4.579761
511.122506 4.094624
512.122506 3.608433
513.122506 3.121190
514.122506 2.632894
515.122506 2.143546
516.122506 1.653144
517.122506 1.161690
518.122506 0.669182
