39.122506 0.139366
40.122506 0.139267
41.122506 0.139168
42.122506 0.139070
43.122506 0.138972
44.122506 0.138873
45.122506 0.138775
46.122506 0.138677
47.122506 0.138579
48.122506 0.138482
49.122506 0.138385
50.122506 0.138288
51.122506 0.138191
52.122506 0.138094
53.122506 0.137998
54.122506 0.137902
55.122506 0.137806
56.122506 0.137711
57.122506 0.137615
58.122506 0.137519
59.122506 0.137425
60.122506 0.137329
61.122506 0.137235
62.122506 0.137140
63.122506 0.137046
64.122506 0.136952
65.122506 0.136858
66.122506 0.136765
67.122506 0.136671
68.122506 0.136578
69.122506 0.136485
70.122506 0.136392
71.122506 0.136299
72.122506 0.136207
73.122506 0.136114
74.122506 0.136023
75.122506 0.135931
76.122506 0.135840
77.122506 0.135748
78.122506 0.135657
79.122506 0.135566
80.122506 0.135475
81.122506 0.135384
82.122506 0.135295
83.122506 0.135205
84.122506 0.135115
85.122506 0.135025
86.122506 0.134935
87.122506 0.134846
88.122506 0.134757
89.122506 0.134668
90.122506 0.134579
91.122506 0.134491
92.122506 0.134402
93.122506 0.134314
94.122506 0.134227
95.122506 0.134139
96.122506 0.134051
97.122506 0.133964
98.122506 0.133877
99.122506 0.133791
100.122506 0.133704
101.122506 0.133618
102.122506 0.133532
103.122506 0.133446
104.122506 0.133360
105.122506 0.133275
106.122506 0.133189
107.122506 0.133104
108.122506 0.133020
109.122506 0.132935
110.122506 0.132851
111.122506 0.132767
112.122506 0.132683
113.122506 0.132599
114.122506 0.132515
115.122506 0.132431
116.122506 0.132348
117.122506 0.132265
118.122506 0.132183
119.122506 0.132100
120.122506 0.132018
121.122506 0.131936
122.122506 0.131853
123.122506 0.131772
124.122506 0.131691
125.122506 0.131609
126.122506 0.131528
127.122506 0.131447
128.122506 0.131366
129.122506 0.131286
130.122506 0.131206
131.122506 0.131126
132.122506 0.131046
133.122506 0.130966
134.122506 0.130887
135.122506 0.130808
136.122506 0.130729
137.122506 0.130650
138.122506 0.130572
139.122506 0.130493
140.122506 0.130415
141.122506 0.130337
142.122506 0.130260
143.122506 0.130182
144.122506 0.130105
145.122506 0.130028
146.122506 0.129951
147.122506 0.129874
148.122506 0.129798
149.122506 0.129722
150.122506 0.129646
151.122506 0.129570
152.122506 0.129494
153.122506 0.129419
154.122506 0.129344
155.122506 0.129269
156.122506 0.129194
157.122506 0.129119
158.122506 0.129045
159.122506 0.128971
160.122506 0.128898
161.122506 0.128824
162.122506 0.128750
163.122506 0.128677
164.122506 0.128604
165.122506 0.128531
166.122506 0.128459
167.122506 0.128386
168.122506 0.128314
169.122506 0.128242
170.122506 0.128170
171.122506 0.128098
172.122506 0.128027
173.122506 0.127956
174.122506 0.127885
175.122506 0.127815
176.122506 0.127744
177.122506 0.127674
178.122506 0.127604
179.122506 0.127534
180.122506 0.127464
181.122506 0.127394
182.122506 0.127325
183.122506 0.127256
184.122506 0.127187
185.122506 0.127119
186.122506 0.127050
187.122506 0.126982
188.122506 0.126914
189.122506 0.126846
190.122506 0.126779
191.122506 0.126711
192.122506 0.126644
193.122506 0.126577
194.122506 0.126511
195.122506 0.126444
196.122506 0.126378
197.122506 0.126312
198.122506 0.126246
199.122506 0.126180
200.122506 0.126115
201.122506 0.126050
202.122506 0.125985
203.122506 0.125920
204.122506 0.125856
205.122506 0.125791
206.122506 0.125727
207.122506 0.125663
208.122506 0.125599
209.122506 0.125535
210.122506 0.125472
211.122506 0.125409
212.122506 0.125347
213.122506 0.125285
214.122506 0.125225
215.122506 0.125167
216.122506 0.125108
217.122506 0.125050
218.122506 0.124992
219.122506 0.124934
220.122506 0.124877
221.122506 0.124820
222.122506 0.124763
223.122506 0.124706
224.122506 0.124650
225.122506 0.124593
226.122506 0.124537
227.122506 0.124480
228.122506 0.124424
229.122506 0.124366
230.122506 0.124309
231.122506 0.124253
232.122506 0.124196
233.122506 0.124140
234.122506 0.124083
235.122506 0.124027
236.122506 0.123972
237.122506 0.123917
238.122506 0.123861
239.122506 0.123806
240.122506 0.123751
241.122506 0.123696
242.122506 0.123641
243.122506 0.123586
244.122506 0.123532
245.122506 0.123478
246.122506 0.123424
247.122506 0.123370
248.122506 0.123316
249.122506 0.123263
250.122506 0.123210
251.122506 0.123157
252.122506 0.123104
253.122506 0.123051
254.122506 0.122999
255.122506 0.122947
256.122506 0.122894
257.122506 0.122843
258.122506 0.122791
259.122506 0.122739
260.122506 0.122688
261.122506 0.122637
262.122506 0.122586
263.122506 0.122536
264.122506 0.122485
265.122506 0.122435
266.122506 0.122385
267.122506 0.122336
268.122506 0.122286
269.122506 0.122236
270.122506 0.122187
271.122506 0.122138
272.122506 0.122089
273.122506 0.122040
274.122506 0.121992
275.122506 0.121944
276.122506 0.121896
277.122506 0.121848
278.122506 0.121800
279.122506 0.121752
280.122506 0.121705
281.122506 0.121658
282.122506 0.121612
283.122506 0.121565
284.122506 0.121519
285.122506 0.121473
286.122506 0.121427
287.122506 0.121381
288.122506 0.121335
289.122506 0.121290
290.122506 0.121244
291.122506 0.121199
292.122506 0.121154
293.122506 0.121110
294.122506 0.121066
295.122506 0.121022
296.122506 0.120978
297.122506 0.120934
298.122506 0.120891
299.122506 0.120848
300.122506 0.120804
301.122506 0.120762
302.122506 0.120719
303.122506 0.120676
304.122506 0.120634
305.122506 0.120592
306.122506 0.120550
307.122506 0.120509
308.122506 0.120467
309.122506 0.120426
310.122506 0.120385
311.122506 0.120344
312.122506 0.120304
313.122506 0.120263
314.122506 0.120223
315.122506 0.120183
316.122506 0.120143
317.122506 0.120104
318.122506 0.120064
319.122506 0.120025
320.122506 0.119987
321.122506 0.119948
322.122506 0.119909
323.122506 0.119871
324.122506 0.119833
325.122506 0.119795
326.122506 0.119758
327.122506 0.119720
328.122506 0.119683
329.122506 0.119645
330.122506 0.119609
331.122506 0.119572
332.122506 0.119535
333.122506 0.119499
334.122506 0.119464
335.122506 0.119428
336.122506 0.119392
337.122506 0.119357
338.122506 0.119322
339.122506 0.119286
340.122506 0.119252
341.122506 0.119218
342.122506 0.119183
343.122506 0.119149
344.122506 0.119115
345.122506 0.119082
346.122506 0.119048
347.122506 0.119015
348.122506 0.118982
349.122506 0.118949
350.122506 0.118916
351.122506 0.118884
352.122506 0.118851
353.122506 0.118819
354.122506 0.118787
355.122506 0.118756
356.122506 0.118725
357.122506 0.118694
358.122506 0.118663
359.122506 0.118632
360.122506 0.118602
361.122506 0.118572
362.122506 0.118541
363.122506 0.118511
364.122506 0.118482
365.122506 0.118452
366.122506 0.118423
367.122506 0.118394
368.122506 0.118365
369.122506 0.118336
370.122506 0.118308
371.122506 0.118279
372.122506 0.118251
373.122506 0.118224
374.122506 0.118197
375.122506 0.118169
376.122506 0.118142
377.122506 0.118115
378.122506 0.118089
379.122506 0.118062
380.122506 0.118036
381.122506 0.118010
382.122506 0.117984
383.122506 0.117958
384.122506 0.117933
385.122506 0.117907
386.122506 0.117882
387.122506 0.117857
388.122506 0.117832
389.122506 0.117808
390.122506 0.117784
391.122506 0.117760
392.122506 0.117736
393.122506 0.117712
394.122506 0.117689
395.122506 0.117666
396.122506 0.117643
397.122506 0.117621
398.122506 0.117598
399.122506 0.117576
400.122506 0.117553
401.122506 0.117531
402.122506 0.117510
403.122506 0.117489
404.122506 0.117467
405.122506 0.117447
406.122506 0.117426
407.122506 0.117405
408.122506 0.117384
409.122506 0.117364
410.122506 0.117344
411.122506 0.117325
412.122506 0.117305
413.122506 0.117285
414.122506 0.117266
415.122506 0.117248
416.122506 0.117229
417.122506 0.117211
418.122506 0.117192
419.122506 0.117174
420.122506 0.117156
421.122506 0.117139
422.122506 0.117122
423.122506 0.117104
424.122506 0.117087
425.122506 0.117070
426.122506 0.117054
427.122506 0.117037
428.122506 0.117021
429.122506 0.117005
430.122506 0.116990
431.122506 0.116974
432.122506 0.116959
433.122506 0.116944
434.122506 0.116931
435.122506 0.116919
436.122506 0.116907
437.122506 0.116895
438.122506 0.116883
439.122506 0.116872
440.122506 0.116860
441.122506 0.116849
442.122506 0.116838
443.122506 0.116828
444.122506 0.116817
445.122506 0.116807
446.122506 0.116796
447.122506 0.116786
448.122506 0.116777
449.122506 0.116768
450.122506 0.116758
451.122506 0.116749
452.122506 0.116740
453.122506 0.116731
454.122506 0.116723
455.122506 0.116714
456.122506 0.116705
457.122506 0.116697
458.122506 0.116688
459.122506 0.116680
460.122506 0.116673
461.122506 0.116665
462.122506 0.116658
463.122506 0.116650
464.122506 0.116643
465.122506 0.116637
466.122506 0.116630
467.122506 0.116624
468.122506 0.116617
469.122506 0.116611
470.122506 0.116605
471.122506 0.116599
472.122506 0.116594
473.122506 0.116589
474.122506 0.116584
475.122506 0.116579
476.122506 0.116574
477.122506 0.116569
478.122506 0.116565
479.122506 0.116560
480.122506 0.116556
481.122506 0.116552
482.122506 0.116549
483.122506 0.116545
484.122506 0.116542
485.122506 0.116539
486.122506 0.116536
487.122506 0.116534
488.122506 0.116532
489.122506 0.116530
490.122506 0.116528
491.122506 0.116526
492.122506 0.116525
493.122506 0.116523
494.122506 0.116522
495.122506 0.116521
496.122506 0.116520
497.122506 0.116520
498.122506 0.116519
499.122506 0.116520
500.122506 0.116519
501.122506 0.116519
502.122506 0.116520
503.122506 0.116521
504.122506 0.116522
505.122506 0.116523
506.122506 0.116524
507.122506 0.116526
508.122506 0.116528
509.122506 0.116530
510.122506 0.116532
511.122506 0.116534
512.122506 0.116537
513.122506 0.116540
514.122506 0.116543
515.122506 0.116546
516.122506 0.116549
517.122506 0.116553
518.122506 0.116557
