0.000000 0.131723
1.796201 0.131711
3.592403 0.131698
5.388604 0.131686
7.184806 0.131672
8.981007 0.131659
10.777209 0.131646
12.573410 0.131633
14.369612 0.131620
16.165813 0.131607
17.962015 0.131593
19.758216 0.131580
21.554418 0.131566
23.350619 0.131552
25.146821 0.131539
26.943022 0.131525
28.739224 0.131511
30.535425 0.131497
32.331627 0.131484
34.127828 0.131470
35.924030 0.131456
37.720231 0.131442
39.516433 0.131428
41.312634 0.131414
43.108836 0.131400
44.905037 0.131385
46.701239 0.131371
48.497440 0.131357
50.293642 0.131343
52.089843 0.131328
53.886045 0.131314
55.682246 0.131300
57.478448 0.131285
59.274649 0.131271
61.070851 0.131256
62.867052 0.131242
64.663254 0.131227
66.459455 0.131213
68.255657 0.131198
70.051858 0.131184
71.848060 0.131169
73.644261 0.131154
75.440463 0.131140
77.236664 0.131125
79.032866 0.131110
80.829067 0.131095
82.625269 0.131081
84.421470 0.131066
86.217672 0.131051
88.013873 0.131036
89.810075 0.131021
91.606276 0.131006
93.402478 0.130991
95.198679 0.130976
96.994881 0.130961
98.791082 0.130946
100.587284 0.130931
102.383485 0.130916
104.179687 0.130901
105.975888 0.130886
107.772090 0.130871
109.568291 0.130856
111.364493 0.130841
113.160694 0.130826
114.956896 0.130810
116.753097 0.130795
118.549299 0.130780
120.345500 0.130765
122.141702 0.130749
123.937903 0.130734
125.734105 0.130719
127.530306 0.130703
129.326508 0.130688
131.122709 0.130673
132.918911 0.130657
134.715112 0.130642
136.511314 0.130626
138.307515 0.130611
140.103716 0.130595
141.899918 0.130580
143.696119 0.130564
145.492321 0.130549
147.288522 0.130533
149.084724 0.130518
150.880925 0.130502
152.677127 0.130486
154.473328 0.130471
156.269530 0.130455
158.065731 0.130439
159.861933 0.130424
161.658134 0.130408
163.454336 0.130392
165.250537 0.130377
167.046739 0.130361
168.842940 0.130345
170.639142 0.130329
172.435343 0.130313
174.231545 0.130298
176.027746 0.130282
177.823948 0.130266
179.620149 0.130250
181.416351 0.130234
183.212552 0.130218
185.008754 0.130202
186.804955 0.130186
188.601157 0.130170
190.397358 0.130154
192.193560 0.130138
193.989761 0.130122
195.785963 0.130106
197.582164 0.130090
199.378366 0.130074
201.174567 0.130058
202.970769 0.130042
204.766970 0.130026
206.563172 0.130010
208.359373 0.129993
210.155575 0.129977
211.951776 0.129961
213.747978 0.129947
215.544179 0.129938
217.340381 0.129928
219.136582 0.129918
220.932784 0.129909
222.728985 0.129899
224.525187 0.129890
226.321388 0.129880
228.117590 0.129869
229.913791 0.129856
231.709993 0.129844
233.506194 0.129831
235.302396 0.129818
237.098597 0.129806
238.894799 0.129793
240.691000 0.129780
242.487202 0.129766
244.283403 0.129753
246.079605 0.129740
247.875806 0.129726
249.672008 0.129712
251.468209 0.129699
253.264411 0.129685
255.060612 0.129671
256.856814 0.129657
258.653015 0.129643
260.449217 0.129629
262.245418 0.129615
264.041620 0.129601
265.837821 0.129587
267.634023 0.129573
269.430224 0.129558
271.226426 0.129544
273.022627 0.129529
274.818829 0.129515
276.615030 0.129501
278.411231 0.129486
280.207433 0.129471
282.003634 0.129457
283.799836 0.129442
285.596037 0.129428
287.392239 0.129413
289.188440 0.129398
290.984642 0.129383
292.780843 0.129368
294.577045 0.129354
296.373246 0.129339
298.169448 0.129324
299.965649 0.129309
301.761851 0.129294
303.558052 0.129279
305.354254 0.129264
307.150455 0.129249
308.946657 0.129234
310.742858 0.129219
312.539060 0.129204
314.335261 0.129188
316.131463 0.129173
317.927664 0.129158
319.723866 0.129143
321.520067 0.129128
323.316269 0.129112
325.112470 0.129097
326.908672 0.129082
328.704873 0.129066
330.501075 0.129051
332.297276 0.129035
334.093478 0.129020
335.889679 0.129004
337.685881 0.128989
339.482082 0.128973
341.278284 0.128958
343.074485 0.128942
344.870687 0.128927
346.666888 0.128911
348.463090 0.128896
350.259291 0.128880
352.055493 0.128864
353.851694 0.128848
355.647896 0.128833
357.444097 0.128817
359.240299 0.128801
361.036500 0.128786
362.832702 0.128770
364.628903 0.128754
366.425105 0.128738
368.221306 0.128722
370.017508 0.128706
371.813709 0.128690
373.609911 0.128675
375.406112 0.128659
377.202314 0.128643
378.998515 0.128627
380.794717 0.128611
382.590918 0.128595
384.387120 0.128579
386.183321 0.128563
387.979523 0.128546
389.775724 0.128530
391.571926 0.128514
393.368127 0.128498
395.164329 0.128482
396.960530 0.128466
398.756732 0.128450
400.552933 0.128433
402.349135 0.128417
404.145336 0.128401
405.941538 0.128385
407.737739 0.128368
409.533941 0.128352
411.330142 0.128336
413.126343 0.128319
414.922545 0.128303
416.718746 0.128287
418.514948 0.128270
420.311149 0.128254
422.107351 0.128238
423.903552 0.128221
425.699754 0.128205
427.495955 0.128188
429.292157 0.128172
431.088358 0.128155
432.884560 0.128139
434.680761 0.128126
436.476963 0.128114
438.273164 0.128101
440.069366 0.128089
441.865567 0.128076
443.661769 0.128064
445.457970 0.128051
447.254172 0.128038
449.050373 0.128026
450.846575 0.128013
452.642776 0.128000
454.438978 0.127987
456.235179 0.127973
458.031381 0.127959
459.827582 0.127945
461.623784 0.127931
463.419985 0.127917
465.216187 0.127903
467.012388 0.127889
468.808590 0.127874
470.604791 0.127860
472.400993 0.127845
474.197194 0.127831
475.993396 0.127816
477.789597 0.127801
479.585799 0.127786
481.382000 0.127771
483.178202 0.127756
484.974403 0.127741
486.770605 0.127726
488.566806 0.127711
490.363008 0.127696
492.159209 0.127681
493.955411 0.127666
495.751612 0.127650
497.547814 0.127635
499.344015 0.127620
501.140217 0.127604
502.936418 0.127589
504.732620 0.127574
506.528821 0.127558
508.325023 0.127543
510.121224 0.127527
511.917426 0.127512
513.713627 0.127496
515.509829 0.127480
517.306030 0.127465
519.102232 0.127449
520.898433 0.127433
522.694635 0.127417
524.490836 0.127402
526.287038 0.127386
528.083239 0.127370
529.879441 0.127354
531.675642 0.127338
533.471844 0.127322
535.268045 0.127307
537.064247 0.127291
538.860448 0.127275
540.656650 0.127259
542.452851 0.127243
544.249053 0.127227
546.045254 0.127210
547.841456 0.127194
549.637657 0.127178
