39.122506 0.375756
40.122506 0.383646
41.122506 0.391444
42.122506 0.399152
43.122506 0.406769
44.122506 0.414295
45.122506 0.421732
46.122506 0.429078
47.122506 0.436334
48.122506 0.443501
49.122506 0.450579
50.122506 0.457567
51.122506 0.464467
52.122506 0.471277
53.122506 0.478000
54.122506 0.484634
55.122506 0.491180
56.122506 0.497638
57.122506 0.504008
58.122506 0.510291
59.122506 0.516487
60.122506 0.522596
61.122506 0.528618
62.122506 0.534554
63.122506 0.540403
64.122506 0.546167
65.122506 0.551844
66.122506 0.557436
67.122506 0.562942
68.122506 0.568363
69.122506 0.573699
70.122506 0.578950
71.122506 0.584117
72.122506 0.589199
73.122506 0.594197
74.122506 0.599112
75.122506 0.603942
76.122506 0.608689
77.122506 0.613353
78.122506 0.617934
79.122506 0.622431
80.122506 0.626847
81.122506 0.631179
82.122506 0.635430
83.122506 0.639599
84.122506 0.643686
85.122506 0.647691
86.122506 0.651615
87.122506 0.655458
88.122506 0.659220
89.122506 0.662901
90.122506 0.666502
91.122506 0.670023
92.122506 0.673463
93.122506 0.676824
94.122506 0.680105
95.122506 0.683307
96.122506 0.686430
97.122506 0.689474
98.122506 0.692439
99.122506 0.695325
100.122506 0.698134
101.122506 0.700864
102.122506 0.703516
103.122506 0.706091
104.122506 0.708588
105.122506 0.711008
106.122506 0.713351
107.122506 0.715618
108.122506 0.717808
109.122506 0.719921
110.122506 0.721958
111.122506 0.723920
112.122506 0.725806
113.122506 0.727616
114.122506 0.729351
115.122506 0.731011
116.122506 0.732596
117.122506 0.734107
118.122506 0.735543
119.122506 0.736905
120.122506 0.738194
121.122506 0.739408
122.122506 0.740549
123.122506 0.741617
124.122506 0.742611
125.122506 0.743533
126.122506 0.744382
127.122506 0.745159
128.122506 0.745863
129.122506 0.746495
130.122506 0.747056
131.122506 0.747545
132.122506 0.747963
133.122506 0.748310
134.122506 0.748585
135.122506 0.748790
136.122506 0.748925
137.122506 0.748989
138.122506 0.748984
139.122506 0.748908
140.122506 0.748763
141.122506 0.748549
142.122506 0.748265
143.122506 0.747912
144.122506 0.747491
145.122506 0.747001
146.122506 0.746443
147.122506 0.745817
148.122506 0.745122
149.122506 0.744361
150.122506 0.743531
151.122506 0.742635
152.122506 0.741672
153.122506 0.740641
154.122506 0.739545
155.122506 0.738381
156.122506 0.737152
157.122506 0.735857
158.122506 0.734496
159.122506 0.733070
160.122506 0.731578
161.122506 0.730022
162.122506 0.728400
163.122506 0.726714
164.122506 0.724964
165.122506 0.723149
166.122506 0.721270
167.122506 0.719328
168.122506 0.717322
169.122506 0.715253
170.122506 0.713121
171.122506 0.710926
172.122506 0.708668
173.122506 0.706348
174.122506 0.703965
175.122506 0.701521
176.122506 0.699014
177.122506 0.696446
178.122506 0.693817
179.122506 0.691127
180.122506 0.688376
181.122506 0.685564
182.122506 0.682691
183.122506 0.679759
184.122506 0.676766
185.122506 0.673713
186.122506 0.670601
187.122506 0.667429
188.122506 0.664199
189.122506 0.660909
190.122506 0.657560
191.122506 0.654153
192.122506 0.650688
193.122506 0.647165
194.122506 0.643583
195.122506 0.639944
196.122506 0.636248
197.122506 0.632494
198.122506 0.628683
199.122506 0.624816
200.122506 0.620892
201.122506 0.616911
202.122506 0.612875
203.122506 0.608782
204.122506 0.604634
205.122506 0.600430
206.122506 0.596171
207.122506 0.591857
208.122506 0.587488
209.122506 0.583065
210.122506 0.578587
211.122506 0.574055
212.122506 0.569469
213.122506 0.564829
214.122506 0.560136
215.122506 0.555389
216.122506 0.550589
217.122506 0.545736
218.122506 0.540831
219.122506 0.535873
220.122506 0.530863
221.122506 0.525801
222.122506 0.520687
223.122506 0.515522
224.122506 0.510305
225.122506 0.505037
226.122506 0.499718
227.122506 0.494348
228.122506 0.488928
229.122506 0.483457
230.122506 0.477937
231.122506 0.472367
232.122506 0.466747
233.122506 0.461077
234.122506 0.455359
235.122506 0.449591
236.122506 0.443775
237.122506 0.437910
238.122506 0.431996
239.122506 0.426035
240.122506 0.420026
241.122506 0.413969
242.122506 0.407864
243.122506 0.401713
244.122506 0.395514
245.122506 0.389269
246.122506 0.382976
247.122506 0.376638
248.122506 0.370253
249.122506 0.363823
250.122506 0.357347
251.122506 0.350825
252.122506 0.344258
253.122506 0.337645
254.122506 0.330988
255.122506 0.324287
256.122506 0.317541
257.122506 0.310750
258.122506 0.303916
259.122506 0.297038
260.122506 0.290116
261.122506 0.283151
262.122506 0.276143
263.122506 0.269092
264.122506 0.261999
265.122506 0.254862
266.122506 0.247684
267.122506 0.240464
268.122506 0.233201
269.122506 0.225897
270.122506 0.218552
271.122506 0.211166
272.122506 0.203738
273.122506 0.196270
274.122506 0.188762
275.122506 0.181213
276.122506 0.173624
277.122506 0.165995
278.122506 0.158326
279.122506 0.150618
280.122506 0.142871
281.122506 0.135085
282.122506 0.127260
283.122506 0.119397
284.122506 0.111495
285.122506 0.103555
286.122506 0.095577
287.122506 0.087561
288.122506 0.079508
289.122506 0.071418
290.122506 0.063290
291.122506 0.055126
292.122506 0.046925
293.122506 0.038688
294.122506 0.030415
295.122506 0.022105
296.122506 0.013760
297.122506 0.005380
298.122506 -0.003036
299.122506 -0.011487
300.122506 -0.019973
301.122506 -0.028494
302.122506 -0.037049
303.122506 -0.045638
304.122506 -0.054261
305.122506 -0.062918
306.122506 -0.071609
307.122506 -0.080333
308.122506 -0.089090
309.122506 -0.097880
310.122506 -0.106702
311.122506 -0.115558
312.122506 -0.124445
313.122506 -0.133365
314.122506 -0.142316
315.122506 -0.151299
316.122506 -0.160313
317.122506 -0.169359
318.122506 -0.178435
319.122506 -0.187543
320.122506 -0.196680
321.122506 -0.205849
322.122506 -0.215047
323.122506 -0.224275
324.122506 -0.233533
325.122506 -0.242820
326.122506 -0.252136
327.122506 -0.261482
328.122506 -0.270856
329.122506 -0.280259
330.122506 -0.289690
331.122506 -0.299149
332.122506 -0.308637
333.122506 -0.318152
334.122506 -0.327694
335.122506 -0.337264
336.122506 -0.346861
337.122506 -0.356484
338.122506 -0.366135
339.122506 -0.375811
340.122506 -0.385514
341.122506 -0.395243
342.122506 -0.404998
343.122506 -0.414778
344.122506 -0.424583
345.122506 -0.434414
346.122506 -0.444269
347.122506 -0.454149
348.122506 -0.464054
349.122506 -0.473983
350.122506 -0.483936
351.122506 -0.493912
352.122506 -0.503913
353.122506 -0.513936
354.122506 -0.523983
355.122506 -0.534053
356.122506 -0.544145
357.122506 -0.554260
358.122506 -0.564397
359.122506 -0.574557
360.122506 -0.584738
361.122506 -0.594941
362.122506 -0.605165
363.122506 -0.615410
364.122506 -0.625677
365.122506 -0.635964
366.122506 -0.646271
367.122506 -0.656599
368.122506 -0.666948
369.122506 -0.677316
370.122506 -0.687703
371.122506 -0.698110
372.122506 -0.708537
373.122506 -0.718982
374.122506 -0.729447
375.122506 -0.739929
376.122506 -0.750431
377.122506 -0.760950
378.122506 -0.771487
379.122506 -0.782043
380.122506 -0.792615
381.122506 -0.803205
382.122506 -0.813812
383.122506 -0.824436
384.122506 -0.835076
385.122506 -0.845733
386.122506 -0.856406
387.122506 -0.867095
388.122506 -0.877800
389.122506 -0.888520
390.122506 -0.899256
391.122506 -0.910007
392.122506 -0.920773
393.122506 -0.931553
394.122506 -0.942348
395.122506 -0.953157
396.122506 -0.963981
397.122506 -0.974818
398.122506 -0.985668
399.122506 -0.996532
400.122506 -1.007410
401.122506 -1.018300
402.122506 -1.029203
403.122506 -1.040118
404.122506 -1.051046
405.122506 -1.061986
406.122506 -1.072937
407.122506 -1.083901
408.122506 -1.094875
409.122506 -1.105861
410.122506 -1.116858
411.122506 -1.127866
412.122506 -1.138884
413.122506 -1.149913
414.122506 -1.160952
415.122506 -1.172000
416.122506 -1.183059
417.122506 -1.194127
418.122506 -1.205204
419.122506 -1.216290
420.122506 -1.227385
421.122506 -1.238489
422.122506 -1.249601
423.122506 -1.260721
424.122506 -1.271849
425.122506 -1.282985
426.122506 -1.294128
427.122506 -1.305279
428.122506 -1.316437
429.122506 -1.327601
430.122506 -1.338773
431.122506 -1.349951
432.122506 -1.361135
433.122506 -1.372325
434.122506 -1.383520
435.122506 -1.394722
436.122506 -1.405928
437.122506 -1.417140
438.122506 -1.428357
439.122506 -1.439579
440.122506 -1.450805
441.122506 -1.462035
442.122506 -1.473269
443.122506 -1.484507
444.122506 -1.495749
445.122506 -1.506994
446.122506 -1.518243
447.122506 -1.529494
448.122506 -1.540748
449.122506 -1.552005
450.122506 -1.563263
451.122506 -1.574524
452.122506 -1.585787
453.122506 -1.597052
454.122506 -1.608318
455.122506 -1.619585
456.122506 -1.630853
457.122506 -1.642122
458.122506 -1.653392
459.122506 -1.664662
460.122506 -1.675932
461.122506 -1.687202
462.122506 -1.698472
463.122506 -1.709741
464.122506 -1.721010
465.122506 -1.732278
466.122506 -1.743544
467.122506 -1.754809
468.122506 -1.766073
469.122506 -1.777334
470.122506 -1.788594
471.122506 -1.799851
472.122506 -1.811106
473.122506 -1.822359
474.122506 -1.833608
475.122506 -1.844854
476.122506 -1.856097
477.122506 -1.867337
478.122506 -1.878572
479.122506 -1.889804
480.122506 -1.901031
481.122506 -1.912254
482.122506 -1.923473
483.122506 -1.934686
484.122506 -1.945895
485.122506 -1.957098
486.122506 -1.968296
487.122506 -1.979488
488.122506 -1.990674
489.122506 -2.001854
490.122506 -2.013028
491.122506 -2.024195
492.122506 -2.035355
493.122506 -2.046508
494.122506 -2.057654
495.122506 -2.068793
496.122506 -2.079923
497.122506 -2.091046
498.122506 -2.102161
499.122506 -2.113268
500.122506 -2.124366
501.122506 -2.135455
502.122506 -2.146535
503.122506 -2.157606
504.122506 -2.168668
505.122506 -2.179720
506.122506 -2.190762
507.122506 -2.201794
508.122506 -2.212816
509.122506 -2.223828
510.122506 -2.234828
511.122506 -2.245818
512.122506 -2.256797
513.122506 -2.267764
514.122506 -2.278720
515.122506 -2.289664
516.122506 -2.300596
517.122506 -2.311515
518.122506 -2.322422
