41201 110.584702 34.341301 39.122506 0.008490
41202 110.897301 34.412998 43.639934 1.127187
14903 110.418999 34.827702 95.590361 0.080052
61095 110.458702 35.739601 194.973786 0.831198
61124 110.391502 36.103199 235.630641 0.290521
61125 110.446198 36.397301 268.381997 0.890573
61120 110.027199 36.709801 306.780139 -0.021823
14870 110.492401 36.757000 306.780139 -0.593177
14863 110.458603 37.006901 335.014066 -0.833854
61109 110.018700 37.049301 344.048923 -0.394115
61132 110.045898 37.370499 380.188350 -0.261979
61116 110.454498 37.695400 411.810349 -1.109844
61133 110.037697 37.668499 412.939706 -1.017760
61103 110.461998 38.003899 445.691062 -1.762292
61128 109.937897 37.987598 449.079133 -2.038177
61129 110.024300 38.325100 485.218561 -1.777813
61111 110.034798 38.636902 519.099274 -2.205260
