110.755474 34.000000
110.753211 34.016044
110.750948 34.032089
110.748683 34.048133
110.746417 34.064177
110.744151 34.080221
110.741884 34.096265
110.739615 34.112309
110.737346 34.128353
110.735076 34.144397
110.732806 34.160441
110.730534 34.176485
110.728262 34.192529
110.725988 34.208573
110.723714 34.224617
110.721439 34.240661
110.719163 34.256704
110.716886 34.272748
110.714609 34.288792
110.712330 34.304835
110.710051 34.320879
110.707770 34.336922
110.705489 34.352966
110.703207 34.369009
110.700924 34.385052
110.698641 34.401096
110.696356 34.417139
110.694070 34.433182
110.691784 34.449225
110.689497 34.465269
110.687208 34.481312
110.684919 34.497355
110.682629 34.513398
110.680339 34.529441
110.678047 34.545484
110.675754 34.561527
110.673461 34.577569
110.671167 34.593612
110.668871 34.609655
110.666575 34.625698
110.664278 34.641740
110.661980 34.657783
110.659682 34.673826
110.657382 34.689868
110.655081 34.705911
110.652780 34.721953
110.650477 34.737996
110.648174 34.754038
110.645870 34.770080
110.643565 34.786123
110.641259 34.802165
110.638952 34.818207
110.636644 34.834249
110.634336 34.850291
110.632026 34.866333
110.629716 34.882375
110.627405 34.898417
110.625092 34.914459
110.622779 34.930501
110.620465 34.946543
110.618150 34.962585
110.615834 34.978627
110.613517 34.994668
110.611200 35.010710
110.608881 35.026752
110.606562 35.042793
110.604241 35.058835
110.601920 35.074876
110.599598 35.090918
110.597275 35.106959
110.594951 35.123001
110.592626 35.139042
110.590300 35.155083
110.587973 35.171125
110.585645 35.187166
110.583316 35.203207
110.580987 35.219248
110.578656 35.235289
110.576325 35.251330
110.573993 35.267371
110.571659 35.283412
110.569325 35.299453
110.566990 35.315494
110.564654 35.331534
110.562317 35.347575
110.559979 35.363616
110.557640 35.379657
110.555301 35.395697
110.552960 35.411738
110.550618 35.427778
110.548276 35.443819
110.545932 35.459859
110.543588 35.475900
110.541243 35.491940
110.538896 35.507980
110.536549 35.524020
110.534201 35.540061
110.531852 35.556101
110.529502 35.572141
110.527151 35.588181
110.524799 35.604221
110.522446 35.620261
110.520092 35.636301
110.517737 35.652341
110.515382 35.668381
110.513025 35.684420
110.510667 35.700460
110.508309 35.716500
110.505949 35.732540
110.503589 35.748579
110.501228 35.764619
110.498865 35.780658
110.496502 35.796698
110.494138 35.812737
110.491772 35.828776
110.489406 35.844816
110.487039 35.860855
110.484671 35.876894
110.482302 35.892934
110.479932 35.908973
110.477561 35.925012
110.475189 35.941051
110.472816 35.957090
110.470442 35.973129
110.468067 35.989168
110.465692 36.005207
110.463315 36.021245
110.460937 36.037284
110.458559 36.053323
110.456179 36.069362
110.453798 36.085400
110.451417 36.101439
110.449034 36.117477
110.446651 36.133516
110.444266 36.149554
110.441880 36.165593
110.439494 36.181631
110.437107 36.197669
110.434718 36.213707
110.432329 36.229746
110.429938 36.245784
110.427547 36.261822
110.425155 36.277860
110.422761 36.293898
110.420367 36.309936
110.417972 36.325974
110.415575 36.342012
110.413178 36.358050
110.410780 36.374087
110.408381 36.390125
110.405980 36.406163
110.403579 36.422200
110.401177 36.438238
110.398774 36.454276
110.396369 36.470313
110.393964 36.486350
110.391558 36.502388
110.389151 36.518425
110.386743 36.534462
110.384333 36.550500
110.381923 36.566537
110.379512 36.582574
110.377100 36.598611
110.374687 36.614648
110.372272 36.630685
110.369857 36.646722
110.367441 36.662759
110.365024 36.678796
110.362605 36.694833
110.360186 36.710869
110.357766 36.726906
110.355345 36.742943
110.352922 36.758979
110.350499 36.775016
110.348075 36.791053
110.345649 36.807089
110.343223 36.823125
110.340796 36.839162
110.338367 36.855198
110.335938 36.871234
110.333508 36.887271
110.331076 36.903307
110.328644 36.919343
110.326210 36.935379
110.323776 36.951415
110.321340 36.967451
110.318904 36.983487
110.316466 36.999523
110.314027 37.015558
110.311588 37.031594
110.309147 37.047630
110.306705 37.063666
110.304263 37.079701
110.301819 37.095737
110.299374 37.111772
110.296928 37.127808
110.294481 37.143843
110.292033 37.159879
110.289584 37.175914
110.287134 37.191949
110.284683 37.207984
110.282231 37.224020
110.279778 37.240055
110.277324 37.256090
110.274869 37.272125
110.272413 37.288160
110.269955 37.304195
110.267497 37.320229
110.265038 37.336264
110.262577 37.352299
110.260116 37.368334
110.257653 37.384368
110.255189 37.400403
110.252725 37.416438
110.250259 37.432472
110.247792 37.448507
110.245325 37.464541
110.242856 37.480575
110.240386 37.496610
110.237915 37.512644
110.235443 37.528678
110.232969 37.544712
110.230495 37.560746
110.228020 37.576780
110.225544 37.592814
110.223066 37.608848
110.220588 37.624882
110.218108 37.640916
110.215628 37.656950
110.213146 37.672983
110.210663 37.689017
110.208179 37.705051
110.205695 37.721084
110.203209 37.737118
110.200721 37.753151
110.198233 37.769185
110.195744 37.785218
110.193254 37.801251
110.190762 37.817285
110.188270 37.833318
110.185777 37.849351
110.183282 37.865384
110.180786 37.881417
110.178289 37.897450
110.175792 37.913483
110.173293 37.929516
110.170792 37.945549
110.168291 37.961582
110.165789 37.977614
110.163286 37.993647
110.160781 38.009680
110.158276 38.025712
110.155769 38.041745
110.153261 38.057777
110.150753 38.073810
110.148243 38.089842
110.145732 38.105874
110.143220 38.121907
110.140706 38.137939
110.138192 38.153971
110.135677 38.170003
110.133160 38.186035
110.130642 38.202067
110.128124 38.218099
110.125604 38.234131
110.123083 38.250163
110.120561 38.266194
110.118037 38.282226
110.115513 38.298258
110.112988 38.314289
110.110461 38.330321
110.107933 38.346352
110.105405 38.362384
110.102875 38.378415
110.100344 38.394447
110.097812 38.410478
110.095278 38.426509
110.092744 38.442540
110.090208 38.458571
110.087672 38.474603
110.085134 38.490634
110.082595 38.506664
110.080055 38.522695
110.077514 38.538726
110.074971 38.554757
110.072428 38.570788
110.069883 38.586818
110.067338 38.602849
110.064791 38.618880
110.062243 38.634910
110.059694 38.650941
110.057143 38.666971
110.054592 38.683001
110.052039 38.699032
110.049486 38.715062
110.046931 38.731092
110.044375 38.747122
110.041818 38.763152
110.039259 38.779182
110.036700 38.795212
110.034139 38.811242
110.031578 38.827272
110.029015 38.843302
110.026451 38.859331
110.023885 38.875361
110.021319 38.891391
110.018751 38.907420
110.016183 38.923450
110.013613 38.939479
110.011042 38.955509
110.008470 38.971538
110.005896 38.987567
110.003322 39.003597
110.000746 39.019626
109.998169 39.035655
109.995591 39.051684
109.993012 39.067713
109.990432 39.083742
109.987850 39.099771
109.985268 39.115800
109.982684 39.131828
109.980099 39.147857
109.977512 39.163886
109.974925 39.179914
109.972336 39.195943
109.969747 39.211971
109.967156 39.228000
109.964564 39.244028
109.961970 39.260056
109.959376 39.276085
109.956780 39.292113
109.954183 39.308141
109.951585 39.324169
109.948986 39.340197
109.946385 39.356225
109.943784 39.372253
109.941181 39.388281
109.938577 39.404309
109.935972 39.420336
109.933365 39.436364
109.930757 39.452392
109.928149 39.468419
109.925539 39.484447
109.922927 39.500474
109.920315 39.516502
109.917701 39.532529
109.915086 39.548556
109.912470 39.564583
109.909853 39.580611
109.907235 39.596638
109.904615 39.612665
109.901994 39.628692
109.899372 39.644719
109.896748 39.660745
109.894124 39.676772
109.891498 39.692799
109.888871 39.708826
109.886243 39.724852
109.883613 39.740879
109.880983 39.756905
109.878351 39.772932
109.875718 39.788958
109.873083 39.804985
109.870448 39.821011
109.867811 39.837037
109.865173 39.853063
109.862534 39.869089
109.859893 39.885115
109.857252 39.901141
109.854609 39.917167
109.851964 39.933193
109.849319 39.949219
109.846672 39.965244
109.844024 39.981270
109.841375 39.997296
109.838725 40.013321
109.836073 40.029347
109.833420 40.045372
109.830766 40.061398
109.828111 40.077423
109.825454 40.093448
109.822796 40.109473
109.820137 40.125498
109.817476 40.141523
109.814815 40.157548
109.812152 40.173573
109.809488 40.189598
109.806822 40.205623
109.804156 40.221648
109.801488 40.237673
109.798818 40.253697
109.796148 40.269722
109.793476 40.285746
109.790803 40.301771
109.788129 40.317795
109.785453 40.333819
109.782776 40.349844
109.780098 40.365868
109.777419 40.381892
109.774738 40.397916
109.772056 40.413940
109.769373 40.429964
109.766689 40.445988
109.764003 40.462012
109.761316 40.478036
109.758628 40.494059
109.755938 40.510083
109.753247 40.526106
109.750555 40.542130
109.747861 40.558153
109.745167 40.574177
109.742471 40.590200
109.739773 40.606223
109.737075 40.622247
109.734375 40.638270
109.731673 40.654293
109.728971 40.670316
109.726267 40.686339
109.723562 40.702362
109.720856 40.718385
109.718148 40.734407
109.715439 40.750430
109.712728 40.766453
109.710017 40.782475
109.707304 40.798498
109.704590 40.814520
109.701874 40.830543
109.699157 40.846565
109.696439 40.862587
109.693719 40.878609
109.690999 40.894631
109.688276 40.910654
109.685553 40.926676
109.682828 40.942697
109.680102 40.958719
109.677375 40.974741
109.674646 40.990763
109.671916 41.006785
109.669184 41.022806
109.666451 41.038828
109.663717 41.054849
109.660982 41.070871
109.658245 41.086892
109.655507 41.102913
109.652768 41.118934
109.650027 41.134956
109.647285 41.150977
109.644541 41.166998
109.641797 41.183019
109.639051 41.199040
109.636303 41.215060
109.633554 41.231081
109.630804 41.247102
109.628053 41.263123
109.625300 41.279143
109.622546 41.295164
109.619790 41.311184
109.617033 41.327204
109.614275 41.343225
109.611515 41.359245
109.608754 41.375265
109.605992 41.391285
109.603228 41.407305
109.600463 41.423325
109.597697 41.439345
109.594929 41.455365
109.592160 41.471385
109.589389 41.487405
109.586617 41.503424
109.583844 41.519444
109.581069 41.535463
109.578293 41.551483
109.575516 41.567502
109.572737 41.583522
109.569957 41.599541
109.567175 41.615560
109.564392 41.631579
109.561608 41.647598
109.558822 41.663617
109.556035 41.679636
109.553247 41.695655
109.550457 41.711674
109.547666 41.727692
109.544873 41.743711
109.542079 41.759730
109.539283 41.775748
109.536487 41.791766
109.533688 41.807785
109.530889 41.823803
109.528088 41.839821
109.525285 41.855840
109.522481 41.871858
109.519676 41.887876
109.516870 41.903894
109.514061 41.919912
109.511252 41.935929
109.508441 41.951947
109.505629 41.967965
109.502815 41.983982
109.500000 42.000000
