0.0 110.0
10.0 112.8
20.0 115.6
30.0 118.5
40.0 121.5
50.0 124.5
60.0 127.5
70.0 130.6
80.0 133.7
90.0 136.9
100.0 140.0
110.0 143.1
120.0 146.3
130.0 149.4
140.0 152.5
150.0 155.5
160.0 158.5
170.0 161.5
180.0 164.4
190.0 167.2
200.0 170.0
210.0 172.7
220.0 175.3
230.0 177.8
240.0 180.1
250.0 182.4
260.0 184.6
270.0 186.6
280.0 188.5
290.0 190.3
300.0 192.0
310.0 193.5
320.0 194.8
330.0 196.0
340.0 197.1
350.0 198.0
360.0 198.7
370.0 199.3
380.0 199.7
390.0 199.9
400.0 200.0
410.0 199.9
420.0 199.7
430.0 199.3
440.0 198.7
450.0 198.0
460.0 197.1
470.0 196.0
480.0 194.8
490.0 193.5
500.0 192.0
510.0 190.3
520.0 188.5
530.0 186.6
540.0 184.6
550.0 182.4
560.0 180.1
570.0 177.8
580.0 175.3
590.0 172.7
600.0 170.0
610.0 167.2
620.0 164.4
630.0 161.5
640.0 158.5
650.0 155.5
660.0 152.5
670.0 149.4
680.0 146.3
690.0 143.1
700.0 140.0
710.0 136.9
720.0 133.7
730.0 130.6
740.0 127.5
750.0 124.5
760.0 121.5
770.0 118.5
780.0 115.6
790.0 112.8
800.0 110.0
810.0 107.3
820.0 104.7
830.0 102.2
840.0 99.9
850.0 97.6
860.0 95.4
870.0 93.4
880.0 91.5
890.0 89.7
900.0 88.0
910.0 86.5
920.0 85.2
930.0 84.0
940.0 82.9
950.0 82.0
960.0 81.3
970.0 80.7
980.0 80.3
990.0 80.1
1000.0 80.0
1010.0 80.1
1020.0 80.3
1030.0 80.7
1040.0 81.3
1050.0 82.0
1060.0 82.9
1070.0 84.0
1080.0 85.2
1090.0 86.5
1100.0 88.0
1110.0 89.7
1120.0 91.5
1130.0 93.4
1140.0 95.4
1150.0 97.6
1160.0 99.9
1170.0 102.2
1180.0 104.7
1190.0 107.3
1200.0 110.0
1210.0 112.8
1220.0 115.6
1230.0 118.5
1240.0 121.5
1250.0 124.5
1260.0 127.5
1270.0 130.6
1280.0 133.7
1290.0 136.9
1300.0 140.0
1310.0 143.1
1320.0 146.3
1330.0 149.4
1340.0 152.5
1350.0 155.5
1360.0 158.5
1370.0 161.5
1380.0 164.4
1390.0 167.2
1400.0 170.0
1410.0 172.7
1420.0 175.3
1430.0 177.8
1440.0 180.1
1450.0 182.4
1460.0 184.6
1470.0 186.6
1480.0 188.5
1490.0 190.3
1500.0 192.0
1510.0 193.5
1520.0 194.8
1530.0 196.0
1540.0 197.1
1550.0 198.0
1560.0 198.7
1570.0 199.3
1580.0 199.7
1590.0 199.9
1600.0 200.0
1610.0 199.9
1620.0 199.7
1630.0 199.3
1640.0 198.7
1650.0 198.0
1660.0 197.1
1670.0 196.0
1680.0 194.8
1690.0 193.5
1700.0 192.0
1710.0 190.3
1720.0 188.5
1730.0 186.6
1740.0 184.6
1750.0 182.4
1760.0 180.1
1770.0 177.8
1780.0 175.3
1790.0 172.7
1800.0 170.0
1810.0 167.2
1820.0 164.4
1830.0 161.5
1840.0 158.5
1850.0 155.5
1860.0 152.5
1870.0 149.4
1880.0 146.3
1890.0 143.1
1900.0 140.0
1910.0 136.9
1920.0 133.7
1930.0 130.6
1940.0 127.5
1950.0 124.5
1960.0 121.5
1970.0 118.5
1980.0 115.6
1990.0 112.8
2000.0 110.0
2010.0 107.3
2020.0 104.7
2030.0 102.2
2040.0 99.9
2050.0 97.6
2060.0 95.4
2070.0 93.4
2080.0 91.5
2090.0 89.7
2100.0 88.0
2110.0 86.5
2120.0 85.2
2130.0 84.0
2140.0 82.9
2150.0 82.0
2160.0 81.3
2170.0 80.7
2180.0 80.3
2190.0 80.1
2200.0 80.0
2200.0 0.0
0.0 0.0
