400.000000 112.000000
410.000000 112.000000
420.000000 112.000000
430.000000 112.000000
440.000000 112.000000
450.000000 112.000000
460.000000 112.000000
470.000000 113.000000
480.000000 113.000000
490.000000 113.000000
500.000000 113.000000
510.000000 114.000000
520.000000 113.000000
530.000000 114.000000
540.000000 114.000000
550.000000 114.000000
560.000000 114.000000
570.000000 113.000000
580.000000 114.000000
590.000000 114.000000
600.000000 114.000000
610.000000 114.000000
620.000000 114.000000
630.000000 113.000000
640.000000 113.000000
650.000000 113.000000
660.000000 113.000000
670.000000 112.000000
680.000000 112.000000
690.000000 111.000000
700.000000 111.000000
710.000000 110.000000
720.000000 110.000000
730.000000 109.000000
740.000000 109.000000
750.000000 108.000000
760.000000 107.000000
770.000000 106.000000
780.000000 105.000000
790.000000 104.000000
800.000000 103.000000
810.000000 102.000000
820.000000 101.000000
830.000000 99.000000
840.000000 98.000000
850.000000 97.000000
860.000000 96.000000
870.000000 96.000000
880.000000 94.000000
890.000000 93.000000
900.000000 92.000000
910.000000 91.000000
920.000000 90.000000
930.000000 90.000000
940.000000 89.000000
950.000000 89.000000
960.000000 89.000000
970.000000 88.000000
980.000000 88.000000
990.000000 88.000000
1000.000000 88.000000
1010.000000 88.000000
1020.000000 88.000000
1030.000000 88.000000
1040.000000 89.000000
1050.000000 89.000000
1060.000000 89.000000
1070.000000 90.000000
1080.000000 90.000000
1090.000000 91.000000
1100.000000 91.000000
1110.000000 92.000000
1120.000000 93.000000
1130.000000 93.000000
1140.000000 93.000000
1150.000000 94.000000
1160.000000 95.000000
1170.000000 95.000000
1180.000000 96.000000
1190.000000 97.000000
1200.000000 97.000000
1210.000000 98.000000
1220.000000 99.000000
1230.000000 99.000000
1240.000000 100.000000
1250.000000 100.000000
1260.000000 101.000000
1270.000000 101.000000
1280.000000 102.000000
1290.000000 102.000000
1300.000000 103.000000
1310.000000 103.000000
1320.000000 104.000000
1330.000000 104.000000
1340.000000 105.000000
1350.000000 105.000000
1360.000000 106.000000
1370.000000 106.000000
1380.000000 106.000000
1390.000000 107.000000
1400.000000 107.000000
1410.000000 107.000000
1420.000000 107.000000
1430.000000 107.000000
1440.000000 108.000000
1450.000000 108.000000
1460.000000 109.000000
1470.000000 109.000000
1480.000000 109.000000
1490.000000 109.000000
1500.000000 110.000000
1510.000000 110.000000
1520.000000 110.000000
1530.000000 110.000000
1540.000000 110.000000
1550.000000 110.000000
1560.000000 111.000000
1570.000000 111.000000
1580.000000 111.000000
1590.000000 111.000000
1600.000000 111.000000
1610.000000 112.000000
1620.000000 112.000000
1630.000000 112.000000
1640.000000 112.000000
1650.000000 113.000000
1660.000000 113.000000
1670.000000 113.000000
1680.000000 113.000000
1690.000000 113.000000
1700.000000 113.000000
1710.000000 114.000000
1720.000000 114.000000
1730.000000 114.000000
1740.000000 114.000000
1750.000000 114.000000
1760.000000 114.000000
1770.000000 114.000000
1780.000000 114.000000
1790.000000 114.000000
1800.000000 114.000000
