540.400390 109.112653
550.670975 108.527202
560.775608 108.302756
571.053673 107.711440
581.341675 107.106739
591.547874 106.678529
601.849921 106.058242
612.168070 105.413637
622.487997 104.774248
632.795057 104.168680
643.100820 103.573360
653.509075 102.790143
663.902310 102.047981
674.199009 101.495747
684.621208 100.721080
695.031275 99.980877
705.419716 99.290482
715.813873 98.600347
726.232512 97.878528
736.729481 97.036169
747.088434 96.437278
757.548220 95.681503
768.037341 94.891121
778.356030 94.383496
788.786923 93.706141
799.214462 93.044039
809.569299 92.501895
819.982688 91.878526
830.345554 91.338489
840.656936 90.880293
850.973348 90.419538
861.271112 89.990324
871.478402 89.693996
881.645443 89.456665
891.871186 89.137976
902.015291 88.935756
912.053091 88.882869
922.090915 88.830012
932.063404 88.868450
941.998117 88.959807
951.857480 89.157259
961.584026 89.543776
971.379764 89.834752
981.294863 89.956270
990.633441 90.914699
1000.368934 91.303920
1010.358913 91.318734
1019.454070 92.677226
1029.221014 93.033969
1038.966044 93.427553
1048.304407 94.465337
1058.018082 94.921981
1067.532305 95.707454
1077.060015 96.484407
1086.685551 97.110006
1096.232512 97.878528
1105.863332 98.514476
1115.416647 99.295896
1125.025178 99.991795
1134.751506 100.484596
1144.304269 101.301398
1153.965119 101.930529
1163.672596 102.480087
1173.316420 103.158105
1183.018339 103.733205
1192.721798 104.312447
1202.435523 104.878523
1212.179673 105.390296
1221.916297 105.923024
1231.697260 106.370724
1241.441818 106.898286
1251.184662 107.435444
1261.047985 107.723462
1270.826579 108.193804
1280.580637 108.721851
1290.465101 108.971977
1300.304865 109.321089
1310.108698 109.752046
1319.968993 110.061393
1329.860260 110.303575
1339.721162 110.615220
1349.549153 111.003486
1359.471642 111.179503
1369.391473 111.362250
1379.231476 111.729113
1389.129643 111.964110
1399.066434 112.110572
1408.997808 112.270104
1418.923786 112.442793
1428.855332 112.603059
1438.866279 112.577392
1448.860805 112.590224
1458.759636 112.828028
1468.754172 112.840905
1478.778762 112.782978
1488.677739 113.021420
1498.628658 113.137705
1508.615031 113.170039
1518.533343 113.364355
1528.527901 113.377328
1538.579619 113.254178
1548.590512 113.228279
1558.696838 112.976249
1568.904610 112.487632
1579.041719 112.167963
1589.168153 111.875103
1599.220458 111.754481
1609.154397 111.906879
1619.099404 112.034120
1628.967639 112.340409
1638.770564 112.802282
1648.765100 112.815154
1658.827974 112.667264
1668.852596 112.609477
1679.047211 112.155205
1689.289354 111.596071
1699.510384 111.091442
1709.737836 110.577754
1719.935514 110.135827
1730.212302 109.523947
1740.451027 109.002536
1750.614497 108.648799
1760.911634 108.012562
1771.213178 107.375575
1781.461868 106.856663
1791.711644 106.341191
1802.063754 105.624018
1812.473416 104.803200
1822.669110 104.416119
1833.012452 103.744635
1843.426006 102.948445
1853.622004 102.575796
1863.980083 101.902590
1874.316311 101.279216
1884.524433 100.897508
1894.891221 100.232356
