419.216474 112.161584
429.401704 111.919593
439.432133 111.919593
449.634512 111.653059
459.851488 111.368559
470.085975 111.060017
480.340897 110.721478
490.608050 110.372025
500.895870 109.993227
510.924646 109.993227
521.226973 109.597849
531.547145 109.180025
541.885154 108.740125
552.240963 108.278531
562.611645 107.801653
572.999890 107.303794
583.402656 106.791300
593.822550 106.258559
604.256394 105.711843
614.703791 105.151445
625.167208 104.571881
635.640287 103.985034
646.128291 103.379688
656.624657 102.767553
667.128593 102.148788
677.642234 101.517988
688.161670 100.880952
698.682856 100.243307
709.207728 99.599640
719.732075 98.955492
730.254677 98.310881
740.771149 97.671140
751.283291 97.030897
761.780342 96.405873
772.267216 95.785355
782.736222 95.179577
793.716764 94.016158
804.127257 93.462961
814.511747 92.928303
824.862662 92.421859
835.182423 91.938180
845.861317 91.072154
856.068999 90.688841
866.233597 90.341347
876.351925 90.034127
886.642910 89.538934
896.627047 89.355142
906.564097 89.215131
916.452118 89.123517
926.292816 89.080153
936.050556 89.123517
945.766079 89.215131
955.273997 89.538934
964.881865 89.761920
974.455796 90.034127
984.008186 90.341347
993.208190 91.072154
1002.695954 91.491745
1012.175642 91.938180
1021.642001 92.421859
1030.679644 93.462961
1040.132454 94.016158
1049.588408 94.588242
1059.047873 95.179577
1068.514234 95.785355
1077.987498 96.405873
1087.473831 97.030897
1096.519337 98.310881
1106.032213 98.955492
1115.559906 99.599640
1125.101810 100.243307
1134.660322 100.880952
1144.231750 101.517988
1153.818443 102.148788
1163.422702 102.767553
1173.040872 103.379688
1182.672329 103.985034
1192.322327 104.571881
1201.984408 105.151445
1211.663844 105.711843
1221.357197 106.258559
1231.064000 106.791300
1240.786677 107.303794
1250.521967 107.801653
1260.545696 107.801653
1270.297491 108.278531
1280.061021 108.740125
1289.838860 109.180025
1299.630776 109.597849
1309.436581 109.993227
1319.253335 110.372025
1329.086496 110.721478
1338.927644 111.060017
1348.957640 111.060017
1358.815259 111.368559
1368.686259 111.653059
1378.567899 111.919593
1388.462975 112.161584
1398.371545 112.378786
1408.402008 112.378786
1418.324122 112.570977
1428.259888 112.737956
1438.206697 112.885991
1448.167426 113.008511
1458.142229 113.105384
1468.172473 113.105384
1478.161474 113.176508
1488.162181 113.228279
1498.177516 113.254178
1508.207677 113.254178
1518.237837 113.254178
1528.283049 113.228279
1538.343532 113.176508
1548.416779 113.105384
1558.505739 113.008511
1568.610642 112.885991
1578.640986 112.885991
1588.762110 112.737956
1598.896888 112.570977
1609.048271 112.378786
1619.216474 112.161584
1629.401704 111.919593
1639.432133 111.919593
1649.634512 111.653059
1659.851488 111.368559
1670.085975 111.060017
1680.340897 110.721478
1690.608050 110.372025
1700.895870 109.993227
1710.924646 109.993227
1721.226973 109.597849
1731.547145 109.180025
1741.885154 108.740125
1752.240963 108.278531
1762.611645 107.801653
1772.999890 107.303794
1783.402656 106.791300
1793.822550 106.258559
1804.256394 105.711843
1814.703791 105.151445
1825.167208 104.571881
1835.640287 103.985034
1846.128291 103.379688
1856.624657 102.767553
1867.128593 102.148788
1877.642234 101.517988
1888.161670 100.880952
1898.682856 100.243307
1909.207728 99.599640
1919.732075 98.955492
1930.254677 98.310881
