425.000000 0.126436
435.000000 0.126532
445.000000 0.126569
455.000000 0.126667
465.000000 0.126768
475.000000 0.126840
485.000000 0.126945
495.000000 0.127055
505.000000 0.127165
515.000000 0.127270
525.000000 0.127374
535.000000 0.127512
545.000000 0.127644
555.000000 0.127743
565.000000 0.127883
575.000000 0.128018
585.000000 0.128145
595.000000 0.128273
605.000000 0.128408
615.000000 0.128567
625.000000 0.128681
635.000000 0.128826
645.000000 0.128979
655.000000 0.129078
665.000000 0.129211
675.000000 0.129342
685.000000 0.129450
695.000000 0.129575
705.000000 0.129684
715.000000 0.129777
725.000000 0.129871
735.000000 0.129959
745.000000 0.130020
755.000000 0.130069
765.000000 0.130135
775.000000 0.130177
785.000000 0.130188
795.000000 0.130199
805.000000 0.130191
815.000000 0.130172
825.000000 0.130131
835.000000 0.130051
845.000000 0.129991
855.000000 0.129966
865.000000 0.129770
875.000000 0.129691
885.000000 0.129688
895.000000 0.129415
905.000000 0.129344
915.000000 0.129266
925.000000 0.129062
935.000000 0.128973
945.000000 0.128821
955.000000 0.128672
965.000000 0.128553
975.000000 0.128408
985.000000 0.128289
995.000000 0.128144
1005.000000 0.128016
1015.000000 0.127926
1025.000000 0.127778
1035.000000 0.127665
1045.000000 0.127567
1055.000000 0.127447
1065.000000 0.127346
1075.000000 0.127245
1085.000000 0.127147
1095.000000 0.127059
1105.000000 0.126968
1115.000000 0.126892
1125.000000 0.126803
1135.000000 0.126713
1145.000000 0.126665
1155.000000 0.126587
1165.000000 0.126500
1175.000000 0.126459
1185.000000 0.126402
1195.000000 0.126332
1205.000000 0.126282
1215.000000 0.126243
1225.000000 0.126193
1235.000000 0.126131
1245.000000 0.126103
1255.000000 0.126074
1265.000000 0.126016
1275.000000 0.125979
1285.000000 0.125956
1295.000000 0.125931
1305.000000 0.125904
1315.000000 0.125879
1325.000000 0.125883
1335.000000 0.125881
1345.000000 0.125844
1355.000000 0.125842
1365.000000 0.125851
1375.000000 0.125814
1385.000000 0.125796
1395.000000 0.125791
1405.000000 0.125761
1415.000000 0.125759
1425.000000 0.125778
1435.000000 0.125782
1445.000000 0.125821
1455.000000 0.125897
1465.000000 0.125947
1475.000000 0.125993
1485.000000 0.126012
1495.000000 0.125988
1505.000000 0.125968
1515.000000 0.125920
1525.000000 0.125848
1535.000000 0.125846
1545.000000 0.125869
1555.000000 0.125878
1565.000000 0.125949
1575.000000 0.126037
1585.000000 0.126117
1595.000000 0.126199
1605.000000 0.126270
1615.000000 0.126369
1625.000000 0.126454
1635.000000 0.126512
1645.000000 0.126617
1655.000000 0.126723
1665.000000 0.126810
1675.000000 0.126897
1685.000000 0.127019
1695.000000 0.127160
1705.000000 0.127227
1715.000000 0.127344
1725.000000 0.127484
1735.000000 0.127550
1745.000000 0.127670
1755.000000 0.127782
1765.000000 0.127851
1775.000000 0.127972
