425.000000 0.000000
482.700195 40.000000
540.400390 0.000000
>
435.000000 0.000000
492.835488 40.000000
550.670975 0.000000
>
445.000000 0.000000
502.887804 40.000000
560.775608 0.000000
>
455.000000 0.000000
513.026837 40.000000
571.053673 0.000000
>
465.000000 0.000000
523.170838 40.000000
581.341675 0.000000
>
475.000000 0.000000
533.273937 40.000000
591.547874 0.000000
>
485.000000 0.000000
543.424960 40.000000
601.849921 0.000000
>
495.000000 0.000000
553.584035 40.000000
612.168070 0.000000
>
505.000000 0.000000
563.743999 40.000000
622.487997 0.000000
>
515.000000 0.000000
573.897528 40.000000
632.795057 0.000000
>
525.000000 0.000000
584.050410 40.000000
643.100820 0.000000
>
535.000000 0.000000
594.254537 40.000000
653.509075 0.000000
>
545.000000 0.000000
604.451155 40.000000
663.902310 0.000000
>
555.000000 0.000000
614.599505 40.000000
674.199009 0.000000
>
565.000000 0.000000
624.810604 40.000000
684.621208 0.000000
>
575.000000 0.000000
635.015637 40.000000
695.031275 0.000000
>
585.000000 0.000000
645.209858 40.000000
705.419716 0.000000
>
595.000000 0.000000
655.406937 40.000000
715.813873 0.000000
>
605.000000 0.000000
665.616256 40.000000
726.232512 0.000000
>
615.000000 0.000000
675.864740 40.000000
736.729481 0.000000
>
625.000000 0.000000
686.044217 40.000000
747.088434 0.000000
>
635.000000 0.000000
696.274110 40.000000
757.548220 0.000000
>
645.000000 0.000000
706.518670 40.000000
768.037341 0.000000
>
655.000000 0.000000
716.678015 40.000000
778.356030 0.000000
>
665.000000 0.000000
726.893461 40.000000
788.786923 0.000000
>
675.000000 0.000000
737.107231 40.000000
799.214462 0.000000
>
685.000000 0.000000
747.284650 40.000000
809.569299 0.000000
>
695.000000 0.000000
757.491344 40.000000
819.982688 0.000000
>
705.000000 0.000000
767.672777 40.000000
830.345554 0.000000
>
715.000000 0.000000
777.828468 40.000000
840.656936 0.000000
>
725.000000 0.000000
787.986674 40.000000
850.973348 0.000000
>
735.000000 0.000000
798.135556 40.000000
861.271112 0.000000
>
745.000000 0.000000
808.239201 40.000000
871.478402 0.000000
>
755.000000 0.000000
818.322722 40.000000
881.645443 0.000000
>
765.000000 0.000000
828.435593 40.000000
891.871186 0.000000
>
775.000000 0.000000
838.507645 40.000000
902.015291 0.000000
>
785.000000 0.000000
848.526545 40.000000
912.053091 0.000000
>
795.000000 0.000000
858.545457 40.000000
922.090915 0.000000
>
805.000000 0.000000
868.531702 40.000000
932.063404 0.000000
>
815.000000 0.000000
878.499058 40.000000
941.998117 0.000000
>
825.000000 0.000000
888.428740 40.000000
951.857480 0.000000
>
835.000000 0.000000
898.292013 40.000000
961.584026 0.000000
>
845.000000 0.000000
908.189882 40.000000
971.379764 0.000000
>
855.000000 0.000000
918.147431 40.000000
981.294863 0.000000
>
865.000000 0.000000
927.816721 40.000000
990.633441 0.000000
>
875.000000 0.000000
937.684467 40.000000
1000.368934 0.000000
>
885.000000 0.000000
947.679457 40.000000
1010.358913 0.000000
>
895.000000 0.000000
957.227035 40.000000
1019.454070 0.000000
>
905.000000 0.000000
967.110507 40.000000
1029.221014 0.000000
>
915.000000 0.000000
976.983022 40.000000
1038.966044 0.000000
>
925.000000 0.000000
986.652203 40.000000
1048.304407 0.000000
>
935.000000 0.000000
996.509041 40.000000
1058.018082 0.000000
>
945.000000 0.000000
1006.266152 40.000000
1067.532305 0.000000
>
955.000000 0.000000
1016.030007 40.000000
1077.060015 0.000000
>
965.000000 0.000000
1025.842776 40.000000
1086.685551 0.000000
>
975.000000 0.000000
1035.616256 40.000000
1096.232512 0.000000
>
985.000000 0.000000
1045.431666 40.000000
1105.863332 0.000000
>
995.000000 0.000000
1055.208324 40.000000
1115.416647 0.000000
>
1005.000000 0.000000
1065.012589 40.000000
1125.025178 0.000000
>
1015.000000 0.000000
1074.875753 40.000000
1134.751506 0.000000
>
1025.000000 0.000000
1084.652135 40.000000
1144.304269 0.000000
>
1035.000000 0.000000
1094.482559 40.000000
1153.965119 0.000000
>
1045.000000 0.000000
1104.336298 40.000000
1163.672596 0.000000
>
1055.000000 0.000000
1114.158210 40.000000
1173.316420 0.000000
>
1065.000000 0.000000
1124.009170 40.000000
1183.018339 0.000000
>
1075.000000 0.000000
1133.860899 40.000000
1192.721798 0.000000
>
1085.000000 0.000000
1143.717761 40.000000
1202.435523 0.000000
>
1095.000000 0.000000
1153.589836 40.000000
1212.179673 0.000000
>
1105.000000 0.000000
1163.458148 40.000000
1221.916297 0.000000
>
1115.000000 0.000000
1173.348630 40.000000
1231.697260 0.000000
>
1125.000000 0.000000
1183.220909 40.000000
1241.441818 0.000000
>
1135.000000 0.000000
1193.092331 40.000000
1251.184662 0.000000
>
1145.000000 0.000000
1203.023992 40.000000
1261.047985 0.000000
>
1155.000000 0.000000
1212.913290 40.000000
1270.826579 0.000000
>
1165.000000 0.000000
1222.790319 40.000000
1280.580637 0.000000
>
1175.000000 0.000000
1232.732550 40.000000
1290.465101 0.000000
>
1185.000000 0.000000
1242.652432 40.000000
1300.304865 0.000000
>
1195.000000 0.000000
1252.554349 40.000000
1310.108698 0.000000
>
1205.000000 0.000000
1262.484496 40.000000
1319.968993 0.000000
>
1215.000000 0.000000
1272.430130 40.000000
1329.860260 0.000000
>
1225.000000 0.000000
1282.360581 40.000000
1339.721162 0.000000
>
1235.000000 0.000000
1292.274576 40.000000
1349.549153 0.000000
>
1245.000000 0.000000
1302.235821 40.000000
1359.471642 0.000000
>
1255.000000 0.000000
1312.195737 40.000000
1369.391473 0.000000
>
1265.000000 0.000000
1322.115738 40.000000
1379.231476 0.000000
>
1275.000000 0.000000
1332.064822 40.000000
1389.129643 0.000000
>
1285.000000 0.000000
1342.033217 40.000000
1399.066434 0.000000
>
1295.000000 0.000000
1351.998904 40.000000
1408.997808 0.000000
>
1305.000000 0.000000
1361.961893 40.000000
1418.923786 0.000000
>
1315.000000 0.000000
1371.927666 40.000000
1428.855332 0.000000
>
1325.000000 0.000000
1381.933140 40.000000
1438.866279 0.000000
>
1335.000000 0.000000
1391.930403 40.000000
1448.860805 0.000000
>
1345.000000 0.000000
1401.879818 40.000000
1458.759636 0.000000
>
1355.000000 0.000000
1411.877086 40.000000
1468.754172 0.000000
>
1365.000000 0.000000
1421.889381 40.000000
1478.778762 0.000000
>
1375.000000 0.000000
1431.838869 40.000000
1488.677739 0.000000
>
1385.000000 0.000000
1441.814329 40.000000
1498.628658 0.000000
>
1395.000000 0.000000
1451.807516 40.000000
1508.615031 0.000000
>
1405.000000 0.000000
1461.766672 40.000000
1518.533343 0.000000
>
1415.000000 0.000000
1471.763951 40.000000
1528.527901 0.000000
>
1425.000000 0.000000
1481.789809 40.000000
1538.579619 0.000000
>
1435.000000 0.000000
1491.795256 40.000000
1548.590512 0.000000
>
1445.000000 0.000000
1501.848419 40.000000
1558.696838 0.000000
>
1455.000000 0.000000
1511.952305 40.000000
1568.904610 0.000000
>
1465.000000 0.000000
1522.020860 40.000000
1579.041719 0.000000
>
1475.000000 0.000000
1532.084077 40.000000
1589.168153 0.000000
>
1485.000000 0.000000
1542.110229 40.000000
1599.220458 0.000000
>
1495.000000 0.000000
1552.077198 40.000000
1609.154397 0.000000
>
1505.000000 0.000000
1562.049702 40.000000
1619.099404 0.000000
>
1515.000000 0.000000
1571.983820 40.000000
1628.967639 0.000000
>
1525.000000 0.000000
1581.885282 40.000000
1638.770564 0.000000
>
1535.000000 0.000000
1591.882550 40.000000
1648.765100 0.000000
>
1545.000000 0.000000
1601.913987 40.000000
1658.827974 0.000000
>
1555.000000 0.000000
1611.926298 40.000000
1668.852596 0.000000
>
1565.000000 0.000000
1622.023605 40.000000
1679.047211 0.000000
>
1575.000000 0.000000
1632.144677 40.000000
1689.289354 0.000000
>
1585.000000 0.000000
1642.255192 40.000000
1699.510384 0.000000
>
1595.000000 0.000000
1652.368918 40.000000
1709.737836 0.000000
>
1605.000000 0.000000
1662.467757 40.000000
1719.935514 0.000000
>
1615.000000 0.000000
1672.606151 40.000000
1730.212302 0.000000
>
1625.000000 0.000000
1682.725513 40.000000
1740.451027 0.000000
>
1635.000000 0.000000
1692.807249 40.000000
1750.614497 0.000000
>
1645.000000 0.000000
1702.955817 40.000000
1760.911634 0.000000
>
1655.000000 0.000000
1713.106589 40.000000
1771.213178 0.000000
>
1665.000000 0.000000
1723.230934 40.000000
1781.461868 0.000000
>
1675.000000 0.000000
1733.355822 40.000000
1791.711644 0.000000
>
1685.000000 0.000000
1743.531877 40.000000
1802.063754 0.000000
>
1695.000000 0.000000
1753.736708 40.000000
1812.473416 0.000000
>
1705.000000 0.000000
1763.834555 40.000000
1822.669110 0.000000
>
1715.000000 0.000000
1774.006226 40.000000
1833.012452 0.000000
>
1725.000000 0.000000
1784.213003 40.000000
1843.426006 0.000000
>
1735.000000 0.000000
1794.311002 40.000000
1853.622004 0.000000
>
1745.000000 0.000000
1804.490042 40.000000
1863.980083 0.000000
>
1755.000000 0.000000
1814.658156 40.000000
1874.316311 0.000000
>
1765.000000 0.000000
1824.762216 40.000000
1884.524433 0.000000
>
1775.000000 0.000000
1834.945611 40.000000
1894.891221 0.000000
>
