305.172009 0.000000
362.194241 40.000000
419.216474 0.000000
>
315.252809 0.000000
372.327256 40.000000
429.401704 0.000000
>
325.283238 0.000000
382.357685 40.000000
439.432133 0.000000
>
335.369970 0.000000
392.502241 40.000000
449.634512 0.000000
>
345.462777 0.000000
402.657132 40.000000
459.851488 0.000000
>
355.561748 0.000000
412.823862 40.000000
470.085975 0.000000
>
365.666950 0.000000
423.003923 40.000000
480.340897 0.000000
>
375.778421 0.000000
433.193236 40.000000
490.608050 0.000000
>
385.896171 0.000000
443.396020 40.000000
500.895870 0.000000
>
395.924947 0.000000
453.424796 40.000000
510.924646 0.000000
>
406.048293 0.000000
463.637633 40.000000
521.226973 0.000000
>
416.177678 0.000000
473.862411 40.000000
531.547145 0.000000
>
426.312979 0.000000
484.099067 40.000000
541.885154 0.000000
>
436.454032 0.000000
494.347497 40.000000
552.240963 0.000000
>
446.600621 0.000000
504.606133 40.000000
562.611645 0.000000
>
456.752474 0.000000
514.876182 40.000000
572.999890 0.000000
>
466.909268 0.000000
525.155962 40.000000
583.402656 0.000000
>
477.070610 0.000000
535.446580 40.000000
593.822550 0.000000
>
487.236049 0.000000
545.746221 40.000000
604.256394 0.000000
>
497.405058 0.000000
556.054425 40.000000
614.703791 0.000000
>
507.577040 0.000000
566.372124 40.000000
625.167208 0.000000
>
517.751323 0.000000
576.695805 40.000000
635.640287 0.000000
>
527.927155 0.000000
587.027723 40.000000
646.128291 0.000000
>
538.103705 0.000000
597.364181 40.000000
656.624657 0.000000
>
548.280064 0.000000
607.704328 40.000000
667.128593 0.000000
>
558.455242 0.000000
618.048738 40.000000
677.642234 0.000000
>
568.628172 0.000000
628.394921 40.000000
688.161670 0.000000
>
578.797717 0.000000
638.740287 40.000000
698.682856 0.000000
>
588.962674 0.000000
649.085201 40.000000
709.207728 0.000000
>
599.121774 0.000000
659.426924 40.000000
719.732075 0.000000
>
609.273711 0.000000
669.764194 40.000000
730.254677 0.000000
>
619.417132 0.000000
680.094140 40.000000
740.771149 0.000000
>
629.550671 0.000000
690.416981 40.000000
751.283291 0.000000
>
639.672955 0.000000
700.726649 40.000000
761.780342 0.000000
>
649.782631 0.000000
711.024923 40.000000
772.267216 0.000000
>
659.878382 0.000000
721.307302 40.000000
782.736222 0.000000
>
670.127863 0.000000
731.922313 40.000000
793.716764 0.000000
>
680.184041 0.000000
742.155649 40.000000
804.127257 0.000000
>
690.221898 0.000000
752.366823 40.000000
814.511747 0.000000
>
700.240611 0.000000
762.551636 40.000000
824.862662 0.000000
>
710.239547 0.000000
772.710985 40.000000
835.182423 0.000000
>
720.335161 0.000000
783.098239 40.000000
845.861317 0.000000
>
730.280992 0.000000
793.174996 40.000000
856.068999 0.000000
>
740.206222 0.000000
803.219910 40.000000
866.233597 0.000000
>
750.111335 0.000000
813.231630 40.000000
876.351925 0.000000
>
760.055473 0.000000
823.349191 40.000000
886.642910 0.000000
>
769.909870 0.000000
833.268458 40.000000
896.627047 0.000000
>
779.747716 0.000000
843.155907 40.000000
906.564097 0.000000
>
789.570651 0.000000
853.011385 40.000000
916.452118 0.000000
>
799.380493 0.000000
862.836654 40.000000
926.292816 0.000000
>
809.169089 0.000000
872.609823 40.000000
936.050556 0.000000
>
818.949698 0.000000
882.357889 40.000000
945.766079 0.000000
>
828.686560 0.000000
891.980278 40.000000
955.273997 0.000000
>
838.451102 0.000000
901.666484 40.000000
964.881865 0.000000
>
848.215206 0.000000
911.335501 40.000000
974.455796 0.000000
>
857.980811 0.000000
920.994499 40.000000
984.008186 0.000000
>
867.682034 0.000000
930.445112 40.000000
993.208190 0.000000
>
877.453828 0.000000
940.074891 40.000000
1002.695954 0.000000
>
887.232766 0.000000
949.704204 40.000000
1012.175642 0.000000
>
897.019950 0.000000
959.330975 40.000000
1021.642001 0.000000
>
906.736428 0.000000
968.708036 40.000000
1030.679644 0.000000
>
916.543553 0.000000
978.338003 40.000000
1040.132454 0.000000
>
926.361351 0.000000
987.974880 40.000000
1049.588408 0.000000
>
936.190033 0.000000
997.618953 40.000000
1059.047873 0.000000
>
946.029649 0.000000
1007.271941 40.000000
1068.514234 0.000000
>
955.880111 0.000000
1016.933805 40.000000
1077.987498 0.000000
>
965.741211 0.000000
1026.607521 40.000000
1087.473831 0.000000
>
975.538371 0.000000
1036.028854 40.000000
1096.519337 0.000000
>
985.421912 0.000000
1045.727062 40.000000
1106.032213 0.000000
>
995.314852 0.000000
1055.437379 40.000000
1115.559906 0.000000
>
1005.216671 0.000000
1065.159241 40.000000
1125.101810 0.000000
>
1015.126824 0.000000
1074.893573 40.000000
1134.660322 0.000000
>
1025.044758 0.000000
1084.638254 40.000000
1144.231750 0.000000
>
1034.969914 0.000000
1094.394178 40.000000
1153.818443 0.000000
>
1044.901750 0.000000
1104.162226 40.000000
1163.422702 0.000000
>
1054.839736 0.000000
1113.940304 40.000000
1173.040872 0.000000
>
1064.783365 0.000000
1123.727847 40.000000
1182.672329 0.000000
>
1074.732159 0.000000
1133.527243 40.000000
1192.322327 0.000000
>
1084.685675 0.000000
1143.335042 40.000000
1201.984408 0.000000
>
1094.643499 0.000000
1153.153671 40.000000
1211.663844 0.000000
>
1104.605257 0.000000
1162.981227 40.000000
1221.357197 0.000000
>
1114.570612 0.000000
1172.817306 40.000000
1231.064000 0.000000
>
1124.539261 0.000000
1182.662969 40.000000
1240.786677 0.000000
>
1134.510943 0.000000
1192.516455 40.000000
1250.521967 0.000000
>
1144.534672 0.000000
1202.540184 40.000000
1260.545696 0.000000
>
1154.510560 0.000000
1212.404025 40.000000
1270.297491 0.000000
>
1164.488846 0.000000
1222.274934 40.000000
1280.061021 0.000000
>
1174.469393 0.000000
1232.154126 40.000000
1289.838860 0.000000
>
1184.452096 0.000000
1242.041436 40.000000
1299.630776 0.000000
>
1194.436882 0.000000
1251.936731 40.000000
1309.436581 0.000000
>
1204.423706 0.000000
1261.838521 40.000000
1319.253335 0.000000
>
1214.412549 0.000000
1271.749522 40.000000
1329.086496 0.000000
>
1224.403417 0.000000
1281.665531 40.000000
1338.927644 0.000000
>
1234.433413 0.000000
1291.695527 40.000000
1348.957640 0.000000
>
1244.426548 0.000000
1301.620903 40.000000
1358.815259 0.000000
>
1254.421717 0.000000
1311.553988 40.000000
1368.686259 0.000000
>
1264.419004 0.000000
1321.493451 40.000000
1378.567899 0.000000
>
1274.418510 0.000000
1331.440742 40.000000
1388.462975 0.000000
>
1284.420355 0.000000
1341.395950 40.000000
1398.371545 0.000000
>
1294.450818 0.000000
1351.426413 40.000000
1408.402008 0.000000
>
1304.455106 0.000000
1361.389614 40.000000
1418.324122 0.000000
>
1314.461993 0.000000
1371.360941 40.000000
1428.259888 0.000000
>
1324.471643 0.000000
1381.339170 40.000000
1438.206697 0.000000
>
1334.484231 0.000000
1391.325829 40.000000
1448.167426 0.000000
>
1344.499942 0.000000
1401.321086 40.000000
1458.142229 0.000000
>
1354.530186 0.000000
1411.351330 40.000000
1468.172473 0.000000
>
1364.549167 0.000000
1421.355320 40.000000
1478.161474 0.000000
>
1374.571669 0.000000
1431.366925 40.000000
1488.162181 0.000000
>
1384.597897 0.000000
1441.387706 40.000000
1498.177516 0.000000
>
1394.628058 0.000000
1451.417867 40.000000
1508.207677 0.000000
>
1404.658218 0.000000
1461.448027 40.000000
1518.237837 0.000000
>
1414.692537 0.000000
1471.487793 40.000000
1528.283049 0.000000
>
1424.731225 0.000000
1481.537378 40.000000
1538.343532 0.000000
>
1434.774492 0.000000
1491.595636 40.000000
1548.416779 0.000000
>
1444.822544 0.000000
1501.664142 40.000000
1558.505739 0.000000
>
1454.875588 0.000000
1511.743115 40.000000
1568.610642 0.000000
>
1464.905932 0.000000
1521.773459 40.000000
1578.640986 0.000000
>
1474.964215 0.000000
1531.863163 40.000000
1588.762110 0.000000
>
1485.027872 0.000000
1541.962380 40.000000
1598.896888 0.000000
>
1495.097081 0.000000
1552.072676 40.000000
1609.048271 0.000000
>
1505.172009 0.000000
1562.194241 40.000000
1619.216474 0.000000
>
1515.252809 0.000000
1572.327256 40.000000
1629.401704 0.000000
>
1525.283238 0.000000
1582.357685 40.000000
1639.432133 0.000000
>
1535.369970 0.000000
1592.502241 40.000000
1649.634512 0.000000
>
1545.462777 0.000000
1602.657132 40.000000
1659.851488 0.000000
>
1555.561748 0.000000
1612.823862 40.000000
1670.085975 0.000000
>
1565.666950 0.000000
1623.003923 40.000000
1680.340897 0.000000
>
1575.778421 0.000000
1633.193236 40.000000
1690.608050 0.000000
>
1585.896171 0.000000
1643.396020 40.000000
1700.895870 0.000000
>
1595.924947 0.000000
1653.424796 40.000000
1710.924646 0.000000
>
1606.048293 0.000000
1663.637633 40.000000
1721.226973 0.000000
>
1616.177678 0.000000
1673.862411 40.000000
1731.547145 0.000000
>
1626.312979 0.000000
1684.099067 40.000000
1741.885154 0.000000
>
1636.454032 0.000000
1694.347497 40.000000
1752.240963 0.000000
>
1646.600621 0.000000
1704.606133 40.000000
1762.611645 0.000000
>
1656.752474 0.000000
1714.876182 40.000000
1772.999890 0.000000
>
1666.909268 0.000000
1725.155962 40.000000
1783.402656 0.000000
>
1677.070610 0.000000
1735.446580 40.000000
1793.822550 0.000000
>
1687.236049 0.000000
1745.746221 40.000000
1804.256394 0.000000
>
1697.405058 0.000000
1756.054425 40.000000
1814.703791 0.000000
>
1707.577040 0.000000
1766.372124 40.000000
1825.167208 0.000000
>
1717.751323 0.000000
1776.695805 40.000000
1835.640287 0.000000
>
1727.927155 0.000000
1787.027723 40.000000
1846.128291 0.000000
>
1738.103705 0.000000
1797.364181 40.000000
1856.624657 0.000000
>
1748.280064 0.000000
1807.704328 40.000000
1867.128593 0.000000
>
1758.455242 0.000000
1818.048738 40.000000
1877.642234 0.000000
>
1768.628172 0.000000
1828.394921 40.000000
1888.161670 0.000000
>
1778.797717 0.000000
1838.740287 40.000000
1898.682856 0.000000
>
1788.962674 0.000000
1849.085201 40.000000
1909.207728 0.000000
>
1799.121774 0.000000
1859.426924 40.000000
1919.732075 0.000000
>
1809.273711 0.000000
1869.764194 40.000000
1930.254677 0.000000
>
