305.172009 0.125948
315.252809 0.125986
325.283238 0.125986
335.369970 0.126028
345.462777 0.126073
355.561748 0.126122
365.666950 0.126176
375.778421 0.126232
385.896171 0.126293
395.924947 0.126293
406.048293 0.126357
416.177678 0.126425
426.312979 0.126497
436.454032 0.126573
446.600621 0.126652
456.752474 0.126735
466.909268 0.126821
477.070610 0.126911
487.236049 0.127004
497.405058 0.127100
507.577040 0.127200
517.751323 0.127302
527.927155 0.127408
538.103705 0.127516
548.280064 0.127626
558.455242 0.127739
568.628172 0.127854
578.797717 0.127970
588.962674 0.128088
599.121774 0.128207
609.273711 0.128327
619.417132 0.128447
629.550671 0.128568
639.672955 0.128687
649.782631 0.128806
659.878382 0.128923
670.127863 0.129150
680.184041 0.129259
690.221898 0.129365
700.240611 0.129466
710.239547 0.129563
720.335161 0.129738
730.280992 0.129816
740.206222 0.129887
750.111335 0.129950
760.055473 0.130052
769.909870 0.130090
779.747716 0.130119
789.570651 0.130138
799.380493 0.130147
809.169089 0.130138
818.949698 0.130119
828.686560 0.130052
838.451102 0.130006
848.215206 0.129950
857.980811 0.129887
867.682034 0.129738
877.453828 0.129653
887.232766 0.129563
897.019950 0.129466
906.736428 0.129259
916.543553 0.129150
926.361351 0.129038
936.190033 0.128923
946.029649 0.128806
955.880111 0.128687
965.741211 0.128568
975.538371 0.128327
985.421912 0.128207
995.314852 0.128088
1005.216671 0.127970
1015.126824 0.127854
1025.044758 0.127739
1034.969914 0.127626
1044.901750 0.127516
1054.839736 0.127408
1064.783365 0.127302
1074.732159 0.127200
1084.685675 0.127100
1094.643499 0.127004
1104.605257 0.126911
1114.570612 0.126821
1124.539261 0.126735
1134.510943 0.126652
1144.534672 0.126652
1154.510560 0.126573
1164.488846 0.126497
1174.469393 0.126425
1184.452096 0.126357
1194.436882 0.126293
1204.423706 0.126232
1214.412549 0.126176
1224.403417 0.126122
1234.433413 0.126122
1244.426548 0.126073
1254.421717 0.126028
1264.419004 0.125986
1274.418510 0.125948
1284.420355 0.125914
1294.450818 0.125914
1304.455106 0.125884
1314.461993 0.125858
1324.471643 0.125835
1334.484231 0.125816
1344.499942 0.125801
1354.530186 0.125801
1364.549167 0.125790
1374.571669 0.125782
1384.597897 0.125778
1394.628058 0.125778
1404.658218 0.125778
1414.692537 0.125782
1424.731225 0.125790
1434.774492 0.125801
1444.822544 0.125816
1454.875588 0.125835
1464.905932 0.125835
1474.964215 0.125858
1485.027872 0.125884
1495.097081 0.125914
1505.172009 0.125948
1515.252809 0.125986
1525.283238 0.125986
1535.369970 0.126028
1545.462777 0.126073
1555.561748 0.126122
1565.666950 0.126176
1575.778421 0.126232
1585.896171 0.126293
1595.924947 0.126293
1606.048293 0.126357
1616.177678 0.126425
1626.312979 0.126497
1636.454032 0.126573
1646.600621 0.126652
1656.752474 0.126735
1666.909268 0.126821
1677.070610 0.126911
1687.236049 0.127004
1697.405058 0.127100
1707.577040 0.127200
1717.751323 0.127302
1727.927155 0.127408
1738.103705 0.127516
1748.280064 0.127626
1758.455242 0.127739
1768.628172 0.127854
1778.797717 0.127970
1788.962674 0.128088
1799.121774 0.128207
1809.273711 0.128327
