100.000000 300.000000
192.480482 167.924184
283.738492 40.000000
305.172009 0.000000
>
110.000000 300.000000
200.864796 170.231622
293.811003 40.000000
315.252809 0.000000
>
120.000000 300.000000
209.285569 172.486993
303.841432 40.000000
325.283238 0.000000
>
130.000000 300.000000
217.747256 174.683931
313.919039 40.000000
335.369970 0.000000
>
140.000000 300.000000
226.248541 176.824319
324.001885 40.000000
345.462777 0.000000
>
150.000000 300.000000
234.792377 178.903936
334.090059 40.000000
355.561748 0.000000
>
160.000000 300.000000
243.381827 180.918409
344.183626 40.000000
365.666950 0.000000
>
170.000000 300.000000
252.020068 182.863203
354.282627 40.000000
375.778421 0.000000
>
180.000000 300.000000
260.710392 184.733615
364.387071 40.000000
385.896171 0.000000
>
190.000000 300.000000
269.460469 186.518690
374.415846 40.000000
395.924947 0.000000
>
200.000000 300.000000
278.275346 188.211221
384.525054 40.000000
406.048293 0.000000
>
210.000000 300.000000
287.153252 189.813737
394.639471 40.000000
416.177678 0.000000
>
220.000000 300.000000
296.097812 191.321062
404.758981 40.000000
426.312979 0.000000
>
230.000000 300.000000
305.112762 192.727859
414.883423 40.000000
436.454032 -0.000000
>
240.000000 300.000000
314.201948 194.028636
425.012590 40.000000
446.600621 0.000000
>
250.000000 300.000000
323.369320 195.217753
435.146223 40.000000
456.752474 0.000000
>
260.000000 300.000000
332.618918 196.289437
445.284008 40.000000
466.909268 0.000000
>
270.000000 300.000000
341.954870 197.237796
455.425568 40.000000
477.070610 0.000000
>
280.000000 300.000000
351.381365 198.056846
465.570470 40.000000
487.236049 0.000000
>
290.000000 300.000000
360.902646 198.740527
475.718207 40.000000
497.405058 0.000000
>
300.000000 300.000000
370.522983 199.282743
485.868209 40.000000
507.577040 -0.000000
>
310.000000 300.000000
380.246646 199.677393
496.019832 40.000000
517.751323 0.000000
>
320.000000 300.000000
390.077882 199.918412
506.172355 40.000000
527.927155 -0.000000
>
330.000000 300.000000
400.020874 199.999828
516.324988 40.000000
538.103705 -0.000000
>
340.000000 300.000000
410.079706 199.915808
526.476861 40.000000
548.280064 0.000000
>
350.000000 300.000000
420.258318 199.660723
536.627035 40.000000
558.455242 0.000000
>
360.000000 300.000000
430.560462 199.229217
546.774495 40.000000
568.628172 -0.000000
>
370.000000 300.000000
440.989641 198.616285
556.918166 40.000000
578.797717 -0.000000
>
380.000000 300.000000
451.549063 197.817349
567.056908 40.000000
588.962674 -0.000000
>
390.000000 300.000000
462.241568 196.828348
577.189529 40.000000
599.121774 0.000000
>
400.000000 300.000000
473.069575 195.645833
587.314799 40.000000
609.273711 0.000000
>
410.000000 300.000000
484.035002 194.267059
597.431453 40.000000
619.417132 0.000000
>
420.000000 300.000000
495.139206 192.690092
607.538219 40.000000
629.550671 0.000000
>
430.000000 300.000000
506.382907 190.913904
617.633824 40.000000
639.672955 0.000000
>
440.000000 300.000000
517.766117 188.938476
627.717021 40.000000
649.782631 0.000000
>
450.000000 300.000000
529.288073 186.764897
637.786607 40.000000
659.878382 0.000000
>
460.000000 300.000000
540.956721 184.381820
647.985181 40.000000
670.127863 0.000000
>
470.000000 300.000000
552.767456 181.795822
658.016870 40.000000
680.184041 -0.000000
>
480.000000 300.000000
564.708977 179.023044
668.031055 40.000000
690.221898 0.000000
>
490.000000 300.000000
576.776388 176.070474
678.027049 40.000000
700.240611 0.000000
>
500.000000 300.000000
588.963745 172.946605
688.004352 40.000000
710.239547 -0.000000
>
510.000000 300.000000
601.273059 169.648563
698.060498 40.000000
720.335161 0.000000
>
520.000000 300.000000
613.693131 166.192342
707.988753 40.000000
730.280992 -0.000000
>
530.000000 300.000000
626.206396 162.603027
717.898011 40.000000
740.206222 0.000000
>
540.000000 300.000000
638.802323 158.895659
727.788872 40.000000
750.111335 0.000000
>
550.000000 300.000000
651.475061 155.078594
737.710073 40.000000
760.055473 0.000000
>
560.000000 300.000000
664.208490 151.174853
747.555962 40.000000
769.909870 -0.000000
>
570.000000 300.000000
676.984013 147.210995
757.387366 40.000000
779.747716 0.000000
>
580.000000 300.000000
689.787947 143.206563
767.205977 40.000000
789.570651 0.000000
>
590.000000 300.000000
702.606261 139.181593
777.013648 40.000000
799.380493 0.000000
>
600.000000 300.000000
715.420551 135.162370
786.804415 40.000000
809.169089 -0.000000
>
610.000000 300.000000
728.216467 131.169388
796.589347 40.000000
818.949698 -0.000000
>
620.000000 300.000000
740.977052 127.226864
806.341160 40.000000
828.686560 0.000000
>
630.000000 300.000000
753.683699 123.361372
816.116212 40.000000
838.451102 0.000000
>
640.000000 300.000000
766.327731 119.585303
825.892744 40.000000
848.215206 0.000000
>
650.000000 300.000000
778.897089 115.915879
835.672600 40.000000
857.980811 0.000000
>
660.000000 300.000000
791.371584 112.381935
845.407370 40.000000
867.682034 0.000000
>
670.000000 300.000000
803.741022 108.998026
855.198222 40.000000
877.453828 -0.000000
>
680.000000 300.000000
816.002974 105.767624
864.997571 40.000000
887.232766 -0.000000
>
690.000000 300.000000
828.149606 102.701915
874.806388 40.000000
897.019950 0.000000
>
700.000000 300.000000
840.172554 99.812846
884.569257 40.000000
906.736428 0.000000
>
710.000000 300.000000
852.051032 97.130102
894.400871 40.000000
916.543553 0.000000
>
720.000000 300.000000
863.796922 94.636712
904.243844 40.000000
926.361351 0.000000
>
730.000000 300.000000
875.407001 92.337282
914.098258 40.000000
936.190033 0.000000
>
740.000000 300.000000
886.878992 90.235060
923.964038 40.000000
946.029649 -0.000000
>
750.000000 300.000000
898.211517 88.332018
933.840979 40.000000
955.880111 0.000000
>
760.000000 300.000000
909.404026 86.628938
943.728759 40.000000
965.741211 0.000000
>
770.000000 300.000000
920.451494 85.132999
953.579458 40.000000
975.538371 0.000000
>
780.000000 300.000000
931.354671 83.843128
963.489666 40.000000
985.421912 -0.000000
>
790.000000 300.000000
942.121982 82.747294
973.409087 40.000000
995.314852 -0.000000
>
800.000000 300.000000
952.755610 81.842379
983.337119 40.000000
1005.216671 0.000000
>
810.000000 300.000000
963.258183 81.124631
993.273147 40.000000
1015.126824 -0.000000
>
820.000000 300.000000
973.632708 80.589754
1003.216550 40.000000
1025.044758 0.000000
>
830.000000 300.000000
983.882511 80.232998
1013.166711 40.000000
1034.969914 0.000000
>
840.000000 300.000000
994.011177 80.049245
1023.123033 40.000000
1044.901750 0.000000
>
850.000000 300.000000
1004.022498 80.033076
1033.084936 40.000000
1054.839736 0.000000
>
860.000000 300.000000
1013.920426 80.178850
1043.051873 40.000000
1064.783365 -0.000000
>
870.000000 300.000000
1023.709026 80.480761
1053.023329 40.000000
1074.732159 0.000000
>
880.000000 300.000000
1033.392436 80.932898
1062.998824 40.000000
1084.685675 0.000000
>
890.000000 300.000000
1042.974838 81.529291
1072.977920 40.000000
1094.643499 0.000000
>
900.000000 300.000000
1052.460418 82.263958
1082.960215 40.000000
1104.605257 0.000000
>
910.000000 300.000000
1061.853347 83.130945
1092.945351 40.000000
1114.570612 0.000000
>
920.000000 300.000000
1071.157759 84.124348
1102.933009 40.000000
1124.539261 0.000000
>
930.000000 300.000000
1080.377724 85.238354
1112.922912 40.000000
1134.510943 0.000000
>
940.000000 300.000000
1089.512717 86.473712
1122.946642 40.000000
1144.534672 0.000000
>
950.000000 300.000000
1098.567410 87.823750
1132.939951 40.000000
1154.510560 0.000000
>
960.000000 300.000000
1107.549442 89.277558
1142.934847 40.000000
1164.488846 0.000000
>
970.000000 300.000000
1116.462680 90.829615
1152.931186 40.000000
1174.469393 0.000000
>
980.000000 300.000000
1125.310878 92.474559
1162.928857 40.000000
1184.452096 0.000000
>
990.000000 300.000000
1134.097673 94.207195
1172.927782 40.000000
1194.436882 0.000000
>
1000.000000 300.000000
1142.826585 96.022498
1182.927911 40.000000
1204.423706 0.000000
>
1010.000000 300.000000
1151.501014 97.915610
1192.929225 40.000000
1214.412549 0.000000
>
1020.000000 300.000000
1160.124243 99.881841
1202.931727 40.000000
1224.403417 0.000000
>
1030.000000 300.000000
1168.691370 101.928196
1212.961723 40.000000
1234.433413 0.000000
>
1040.000000 300.000000
1177.213711 104.038512
1222.965656 40.000000
1244.426548 0.000000
>
1050.000000 300.000000
1185.695157 106.207232
1232.970786 40.000000
1254.421717 0.000000
>
1060.000000 300.000000
1194.138664 108.430134
1242.977197 40.000000
1264.419004 -0.000000
>
1070.000000 300.000000
1202.547087 110.703141
1252.984993 40.000000
1274.418510 0.000000
>
1080.000000 300.000000
1210.923185 113.022314
1262.994293 40.000000
1284.420355 0.000000
>
1090.000000 300.000000
1219.266774 115.387914
1273.024756 40.000000
1294.450818 0.000000
>
1100.000000 300.000000
1227.580738 117.795824
1283.035666 40.000000
1304.455106 0.000000
>
1110.000000 300.000000
1235.871709 120.236570
1293.048344 40.000000
1314.461993 0.000000
>
1120.000000 300.000000
1244.142203 122.706561
1303.062955 40.000000
1324.471643 0.000000
>
1130.000000 300.000000
1252.394671 125.202295
1313.079676 40.000000
1334.484231 -0.000000
>
1140.000000 300.000000
1260.631510 127.720349
1323.098690 40.000000
1344.499942 0.000000
>
1150.000000 300.000000
1268.853379 130.259783
1333.128934 40.000000
1354.530186 0.000000
>
1160.000000 300.000000
1277.064785 132.814160
1343.150393 40.000000
1364.549167 -0.000000
>
1170.000000 300.000000
1285.269288 135.378396
1353.174545 40.000000
1374.571669 -0.000000
>
1180.000000 300.000000
1293.469178 137.949219
1363.201598 40.000000
1384.597897 -0.000000
>
1190.000000 300.000000
1301.666732 140.523380
1373.231759 40.000000
1394.628058 -0.000000
>
1200.000000 300.000000
1309.864285 143.097540
1383.261920 40.000000
1404.658218 0.000000
>
1210.000000 300.000000
1318.065823 145.666011
1393.295413 40.000000
1414.692537 0.000000
>
1220.000000 300.000000
1326.273621 148.225540
1403.332450 40.000000
1424.731225 0.000000
>
1230.000000 300.000000
1334.489972 150.772855
1413.373240 40.000000
1434.774492 0.000000
>
1240.000000 300.000000
1342.717189 153.304651
1423.417988 40.000000
1444.822544 0.000000
>
1250.000000 300.000000
1350.957626 155.817568
1433.466900 40.000000
1454.875588 0.000000
>
1260.000000 300.000000
1359.215988 158.304885
1443.497244 40.000000
1464.905932 0.000000
>
1270.000000 300.000000
1367.496379 160.760741
1453.550567 40.000000
1474.964215 0.000000
>
1280.000000 300.000000
1375.798902 163.184989
1463.608433 40.000000
1485.027872 -0.000000
>
1290.000000 300.000000
1384.126073 165.574036
1473.671020 40.000000
1495.097081 0.000000
>
1300.000000 300.000000
1392.480482 167.924184
1483.738492 40.000000
1505.172009 0.000000
>
1310.000000 300.000000
1400.864796 170.231622
1493.811003 40.000000
1515.252809 0.000000
>
1320.000000 300.000000
1409.285569 172.486993
1503.841432 40.000000
1525.283238 -0.000000
>
1330.000000 300.000000
1417.747256 174.683931
1513.919039 40.000000
1535.369970 0.000000
>
1340.000000 300.000000
1426.248541 176.824319
1524.001885 40.000000
1545.462777 -0.000000
>
1350.000000 300.000000
1434.792377 178.903936
1534.090059 40.000000
1555.561748 0.000000
>
1360.000000 300.000000
1443.381827 180.918409
1544.183626 40.000000
1565.666950 0.000000
>
1370.000000 300.000000
1452.020068 182.863203
1554.282627 40.000000
1575.778421 -0.000000
>
1380.000000 300.000000
1460.710392 184.733615
1564.387071 40.000000
1585.896171 -0.000000
>
1390.000000 300.000000
1469.460469 186.518690
1574.415846 40.000000
1595.924947 0.000000
>
1400.000000 300.000000
1478.275346 188.211221
1584.525054 40.000000
1606.048293 0.000000
>
1410.000000 300.000000
1487.153252 189.813737
1594.639471 40.000000
1616.177678 0.000000
>
1420.000000 300.000000
1496.097812 191.321062
1604.758981 40.000000
1626.312979 0.000000
>
1430.000000 300.000000
1505.112762 192.727859
1614.883423 40.000000
1636.454032 0.000000
>
1440.000000 300.000000
1514.201948 194.028636
1625.012590 40.000000
1646.600621 0.000000
>
1450.000000 300.000000
1523.369320 195.217753
1635.146223 40.000000
1656.752474 0.000000
>
1460.000000 300.000000
1532.618918 196.289437
1645.284008 40.000000
1666.909268 0.000000
>
1470.000000 300.000000
1541.954870 197.237796
1655.425568 40.000000
1677.070610 0.000000
>
1480.000000 300.000000
1551.381365 198.056846
1665.570470 40.000000
1687.236049 0.000000
>
1490.000000 300.000000
1560.902646 198.740527
1675.718207 40.000000
1697.405058 0.000000
>
1500.000000 300.000000
1570.522983 199.282743
1685.868209 40.000000
1707.577040 0.000000
>
1510.000000 300.000000
1580.246646 199.677393
1696.019832 40.000000
1717.751323 -0.000000
>
1520.000000 300.000000
1590.077882 199.918412
1706.172355 40.000000
1727.927155 -0.000000
>
1530.000000 300.000000
1600.020874 199.999828
1716.324988 40.000000
1738.103705 0.000000
>
1540.000000 300.000000
1610.079706 199.915808
1726.476861 40.000000
1748.280064 0.000000
>
1550.000000 300.000000
1620.258318 199.660723
1736.627035 40.000000
1758.455242 0.000000
>
1560.000000 300.000000
1630.560462 199.229217
1746.774495 40.000000
1768.628172 0.000000
>
1570.000000 300.000000
1640.989641 198.616285
1756.918166 40.000000
1778.797717 0.000000
>
1580.000000 300.000000
1651.549063 197.817349
1767.056908 40.000000
1788.962674 0.000000
>
1590.000000 300.000000
1662.241568 196.828348
1777.189529 40.000000
1799.121774 0.000000
>
1600.000000 300.000000
1673.069575 195.645833
1787.314799 40.000000
1809.273711 0.000000
>
