# Number of interfaces
4
# 1 (bottom of the model)
8.100 4.500
2
0 0
4000 0

# 2 (LAB)
8.300 4.611
401
0.000000 220.000000
10.000000 219.917772
20.000000 219.671314
30.000000 219.261300
40.000000 218.688856
50.000000 217.955550
60.000000 217.063391
70.000000 216.014826
80.000000 214.812727
90.000000 213.460391
100.000000 211.961524
110.000000 210.320234
120.000000 208.541020
130.000000 206.628758
140.000000 204.588690
150.000000 202.426407
160.000000 200.147836
170.000000 197.759223
180.000000 195.267115
190.000000 192.678342
200.000000 190.000000
210.000000 187.239430
220.000000 184.404199
230.000000 181.502077
240.000000 178.541020
250.000000 175.529143
260.000000 172.474701
270.000000 169.386068
280.000000 166.271708
290.000000 163.140157
300.000000 160.000000
310.000000 156.859843
320.000000 153.728292
330.000000 150.613932
340.000000 147.525299
350.000000 144.470857
360.000000 141.458980
370.000000 138.497923
380.000000 135.595801
390.000000 132.760570
400.000000 130.000000
410.000000 127.321658
420.000000 124.732885
430.000000 122.240777
440.000000 119.852164
450.000000 117.573593
460.000000 115.411310
470.000000 113.371242
480.000000 111.458980
490.000000 109.679766
500.000000 108.038476
510.000000 106.539609
520.000000 105.187273
530.000000 103.985174
540.000000 102.936609
550.000000 102.044450
560.000000 101.311144
570.000000 100.738700
580.000000 100.328686
590.000000 100.082228
600.000000 100.000000
610.000000 100.082228
620.000000 100.328686
630.000000 100.738700
640.000000 101.311144
650.000000 102.044450
660.000000 102.936609
670.000000 103.985174
680.000000 105.187273
690.000000 106.539609
700.000000 108.038476
710.000000 109.679766
720.000000 111.458980
730.000000 113.371242
740.000000 115.411310
750.000000 117.573593
760.000000 119.852164
770.000000 122.240777
780.000000 124.732885
790.000000 127.321658
800.000000 130.000000
810.000000 132.760570
820.000000 135.595801
830.000000 138.497923
840.000000 141.458980
850.000000 144.470857
860.000000 147.525299
870.000000 150.613932
880.000000 153.728292
890.000000 156.859843
900.000000 160.000000
910.000000 163.140157
920.000000 166.271708
930.000000 169.386068
940.000000 172.474701
950.000000 175.529143
960.000000 178.541020
970.000000 181.502077
980.000000 184.404199
990.000000 187.239430
1000.000000 190.000000
1010.000000 192.678342
1020.000000 195.267115
1030.000000 197.759223
1040.000000 200.147836
1050.000000 202.426407
1060.000000 204.588690
1070.000000 206.628758
1080.000000 208.541020
1090.000000 210.320234
1100.000000 211.961524
1110.000000 213.460391
1120.000000 214.812727
1130.000000 216.014826
1140.000000 217.063391
1150.000000 217.955550
1160.000000 218.688856
1170.000000 219.261300
1180.000000 219.671314
1190.000000 219.917772
1200.000000 220.000000
1210.000000 219.917772
1220.000000 219.671314
1230.000000 219.261300
1240.000000 218.688856
1250.000000 217.955550
1260.000000 217.063391
1270.000000 216.014826
1280.000000 214.812727
1290.000000 213.460391
1300.000000 211.961524
1310.000000 210.320234
1320.000000 208.541020
1330.000000 206.628758
1340.000000 204.588690
1350.000000 202.426407
1360.000000 200.147836
1370.000000 197.759223
1380.000000 195.267115
1390.000000 192.678342
1400.000000 190.000000
1410.000000 187.239430
1420.000000 184.404199
1430.000000 181.502077
1440.000000 178.541020
1450.000000 175.529143
1460.000000 172.474701
1470.000000 169.386068
1480.000000 166.271708
1490.000000 163.140157
1500.000000 160.000000
1510.000000 156.859843
1520.000000 153.728292
1530.000000 150.613932
1540.000000 147.525299
1550.000000 144.470857
1560.000000 141.458980
1570.000000 138.497923
1580.000000 135.595801
1590.000000 132.760570
1600.000000 130.000000
1610.000000 127.321658
1620.000000 124.732885
1630.000000 122.240777
1640.000000 119.852164
1650.000000 117.573593
1660.000000 115.411310
1670.000000 113.371242
1680.000000 111.458980
1690.000000 109.679766
1700.000000 108.038476
1710.000000 106.539609
1720.000000 105.187273
1730.000000 103.985174
1740.000000 102.936609
1750.000000 102.044450
1760.000000 101.311144
1770.000000 100.738700
1780.000000 100.328686
1790.000000 100.082228
1800.000000 100.000000
1810.000000 100.082228
1820.000000 100.328686
1830.000000 100.738700
1840.000000 101.311144
1850.000000 102.044450
1860.000000 102.936609
1870.000000 103.985174
1880.000000 105.187273
1890.000000 106.539609
1900.000000 108.038476
1910.000000 109.679766
1920.000000 111.458980
1930.000000 113.371242
1940.000000 115.411310
1950.000000 117.573593
1960.000000 119.852164
1970.000000 122.240777
1980.000000 124.732885
1990.000000 127.321658
2000.000000 130.000000
2010.000000 132.760570
2020.000000 135.595801
2030.000000 138.497923
2040.000000 141.458980
2050.000000 144.470857
2060.000000 147.525299
2070.000000 150.613932
2080.000000 153.728292
2090.000000 156.859843
2100.000000 160.000000
2110.000000 163.140157
2120.000000 166.271708
2130.000000 169.386068
2140.000000 172.474701
2150.000000 175.529143
2160.000000 178.541020
2170.000000 181.502077
2180.000000 184.404199
2190.000000 187.239430
2200.000000 190.000000
2210.000000 192.678342
2220.000000 195.267115
2230.000000 197.759223
2240.000000 200.147836
2250.000000 202.426407
2260.000000 204.588690
2270.000000 206.628758
2280.000000 208.541020
2290.000000 210.320234
2300.000000 211.961524
2310.000000 213.460391
2320.000000 214.812727
2330.000000 216.014826
2340.000000 217.063391
2350.000000 217.955550
2360.000000 218.688856
2370.000000 219.261300
2380.000000 219.671314
2390.000000 219.917772
2400.000000 220.000000
2410.000000 219.917772
2420.000000 219.671314
2430.000000 219.261300
2440.000000 218.688856
2450.000000 217.955550
2460.000000 217.063391
2470.000000 216.014826
2480.000000 214.812727
2490.000000 213.460391
2500.000000 211.961524
2510.000000 210.320234
2520.000000 208.541020
2530.000000 206.628758
2540.000000 204.588690
2550.000000 202.426407
2560.000000 200.147836
2570.000000 197.759223
2580.000000 195.267115
2590.000000 192.678342
2600.000000 190.000000
2610.000000 187.239430
2620.000000 184.404199
2630.000000 181.502077
2640.000000 178.541020
2650.000000 175.529143
2660.000000 172.474701
2670.000000 169.386068
2680.000000 166.271708
2690.000000 163.140157
2700.000000 160.000000
2710.000000 156.859843
2720.000000 153.728292
2730.000000 150.613932
2740.000000 147.525299
2750.000000 144.470857
2760.000000 141.458980
2770.000000 138.497923
2780.000000 135.595801
2790.000000 132.760570
2800.000000 130.000000
2810.000000 127.321658
2820.000000 124.732885
2830.000000 122.240777
2840.000000 119.852164
2850.000000 117.573593
2860.000000 115.411310
2870.000000 113.371242
2880.000000 111.458980
2890.000000 109.679766
2900.000000 108.038476
2910.000000 106.539609
2920.000000 105.187273
2930.000000 103.985174
2940.000000 102.936609
2950.000000 102.044450
2960.000000 101.311144
2970.000000 100.738700
2980.000000 100.328686
2990.000000 100.082228
3000.000000 100.000000
3010.000000 100.082228
3020.000000 100.328686
3030.000000 100.738700
3040.000000 101.311144
3050.000000 102.044450
3060.000000 102.936609
3070.000000 103.985174
3080.000000 105.187273
3090.000000 106.539609
3100.000000 108.038476
3110.000000 109.679766
3120.000000 111.458980
3130.000000 113.371242
3140.000000 115.411310
3150.000000 117.573593
3160.000000 119.852164
3170.000000 122.240777
3180.000000 124.732885
3190.000000 127.321658
3200.000000 130.000000
3210.000000 132.760570
3220.000000 135.595801
3230.000000 138.497923
3240.000000 141.458980
3250.000000 144.470857
3260.000000 147.525299
3270.000000 150.613932
3280.000000 153.728292
3290.000000 156.859843
3300.000000 160.000000
3310.000000 163.140157
3320.000000 166.271708
3330.000000 169.386068
3340.000000 172.474701
3350.000000 175.529143
3360.000000 178.541020
3370.000000 181.502077
3380.000000 184.404199
3390.000000 187.239430
3400.000000 190.000000
3410.000000 192.678342
3420.000000 195.267115
3430.000000 197.759223
3440.000000 200.147836
3450.000000 202.426407
3460.000000 204.588690
3470.000000 206.628758
3480.000000 208.541020
3490.000000 210.320234
3500.000000 211.961524
3510.000000 213.460391
3520.000000 214.812727
3530.000000 216.014826
3540.000000 217.063391
3550.000000 217.955550
3560.000000 218.688856
3570.000000 219.261300
3580.000000 219.671314
3590.000000 219.917772
3600.000000 220.000000
3610.000000 219.917772
3620.000000 219.671314
3630.000000 219.261300
3640.000000 218.688856
3650.000000 217.955550
3660.000000 217.063391
3670.000000 216.014826
3680.000000 214.812727
3690.000000 213.460391
3700.000000 211.961524
3710.000000 210.320234
3720.000000 208.541020
3730.000000 206.628758
3740.000000 204.588690
3750.000000 202.426407
3760.000000 200.147836
3770.000000 197.759223
3780.000000 195.267115
3790.000000 192.678342
3800.000000 190.000000
3810.000000 187.239430
3820.000000 184.404199
3830.000000 181.502077
3840.000000 178.541020
3850.000000 175.529143
3860.000000 172.474701
3870.000000 169.386068
3880.000000 166.271708
3890.000000 163.140157
3900.000000 160.000000
3910.000000 156.859843
3920.000000 153.728292
3930.000000 150.613932
3940.000000 147.525299
3950.000000 144.470857
3960.000000 141.458980
3970.000000 138.497923
3980.000000 135.595801
3990.000000 132.760570
4000.000000 130.000000

# 3 Moho
6.5 3.75
2
0 260
4000 260

# 4 Surface
0 0
2
0 300
4000 300
