-10.000000 0.000235
-9.990000 0.000245
-9.980000 0.000255
-9.970000 0.000265
-9.960000 0.000276
-9.950000 0.000288
-9.940000 0.000300
-9.930000 0.000312
-9.920000 0.000326
-9.910000 0.000339
-9.900000 0.000353
-9.890000 0.000368
-9.880000 0.000384
-9.870000 0.000400
-9.860000 0.000416
-9.850000 0.000433
-9.840000 0.000451
-9.830000 0.000470
-9.820000 0.000489
-9.810000 0.000509
-9.800000 0.000529
-9.790000 0.000550
-9.780000 0.000572
-9.770000 0.000595
-9.760000 0.000618
-9.750000 0.000642
-9.740000 0.000667
-9.730000 0.000693
-9.720000 0.000719
-9.710000 0.000746
-9.700000 0.000774
-9.690000 0.000802
-9.680000 0.000832
-9.670000 0.000862
-9.660000 0.000893
-9.650000 0.000925
-9.640000 0.000957
-9.630000 0.000991
-9.620000 0.001025
-9.610000 0.001060
-9.600000 0.001096
-9.590000 0.001133
-9.580000 0.001171
-9.570000 0.001209
-9.560000 0.001249
-9.550000 0.001289
-9.540000 0.001331
-9.530000 0.001373
-9.520000 0.001416
-9.510000 0.001460
-9.500000 0.001505
-9.490000 0.001551
-9.480000 0.001598
-9.470000 0.001647
-9.460000 0.001696
-9.450000 0.001746
-9.440000 0.001797
-9.430000 0.001849
-9.420000 0.001903
-9.410000 0.001957
-9.400000 0.002012
-9.390000 0.002069
-9.380000 0.002127
-9.370000 0.002186
-9.360000 0.002246
-9.350000 0.002308
-9.340000 0.002371
-9.330000 0.002435
-9.320000 0.002500
-9.310000 0.002567
-9.300000 0.002635
-9.290000 0.002705
-9.280000 0.002776
-9.270000 0.002848
-9.260000 0.002922
-9.250000 0.002998
-9.240000 0.003075
-9.230000 0.003154
-9.220000 0.003235
-9.210000 0.003318
-9.200000 0.003402
-9.190000 0.003488
-9.180000 0.003576
-9.170000 0.003667
-9.160000 0.003759
-9.150000 0.003854
-9.140000 0.003950
-9.130000 0.004049
-9.120000 0.004151
-9.110000 0.004255
-9.100000 0.004361
-9.090000 0.004470
-9.080000 0.004582
-9.070000 0.004696
-9.060000 0.004814
-9.050000 0.004934
-9.040000 0.005058
-9.030000 0.005184
-9.020000 0.005315
-9.010000 0.005448
-9.000000 0.005585
-8.990000 0.005726
-8.980000 0.005871
-8.970000 0.006019
-8.960000 0.006172
-8.950000 0.006328
-8.940000 0.006490
-8.930000 0.006655
-8.920000 0.006826
-8.910000 0.007001
-8.900000 0.007181
-8.890000 0.007366
-8.880000 0.007557
-8.870000 0.007753
-8.860000 0.007954
-8.850000 0.008162
-8.840000 0.008376
-8.830000 0.008595
-8.820000 0.008822
-8.810000 0.009055
-8.800000 0.009294
-8.790000 0.009541
-8.780000 0.009795
-8.770000 0.010057
-8.760000 0.010326
-8.750000 0.010603
-8.740000 0.010889
-8.730000 0.011182
-8.720000 0.011485
-8.710000 0.011796
-8.700000 0.012117
-8.690000 0.012447
-8.680000 0.012787
-8.670000 0.013137
-8.660000 0.013497
-8.650000 0.013868
-8.640000 0.014249
-8.630000 0.014642
-8.620000 0.015046
-8.610000 0.015462
-8.600000 0.015890
-8.590000 0.016330
-8.580000 0.016783
-8.570000 0.017249
-8.560000 0.017729
-8.550000 0.018222
-8.540000 0.018729
-8.530000 0.019250
-8.520000 0.019786
-8.510000 0.020337
-8.500000 0.020904
-8.490000 0.021486
-8.480000 0.022084
-8.470000 0.022699
-8.460000 0.023330
-8.450000 0.023979
-8.440000 0.024646
-8.430000 0.025330
-8.420000 0.026033
-8.410000 0.026754
-8.400000 0.027494
-8.390000 0.028254
-8.380000 0.029034
-8.370000 0.029834
-8.360000 0.030655
-8.350000 0.031496
-8.340000 0.032359
-8.330000 0.033244
-8.320000 0.034151
-8.310000 0.035081
-8.300000 0.036034
-8.290000 0.037010
-8.280000 0.038010
-8.270000 0.039034
-8.260000 0.040083
-8.250000 0.041157
-8.240000 0.042256
-8.230000 0.043380
-8.220000 0.044531
-8.210000 0.045709
-8.200000 0.046913
-8.190000 0.048144
-8.180000 0.049403
-8.170000 0.050690
-8.160000 0.052006
-8.150000 0.053350
-8.140000 0.054723
-8.130000 0.056125
-8.120000 0.057557
-8.110000 0.059019
-8.100000 0.060512
-8.090000 0.062035
-8.080000 0.063589
-8.070000 0.065174
-8.060000 0.066791
-8.050000 0.068439
-8.040000 0.070120
-8.030000 0.071832
-8.020000 0.073577
-8.010000 0.075355
-8.000000 0.077166
-7.990000 0.079010
-7.980000 0.080887
-7.970000 0.082797
-7.960000 0.084741
-7.950000 0.086719
-7.940000 0.088731
-7.930000 0.090776
-7.920000 0.092855
-7.910000 0.094969
-7.900000 0.097116
-7.890000 0.099297
-7.880000 0.101513
-7.870000 0.103762
-7.860000 0.106046
-7.850000 0.108363
-7.840000 0.110714
-7.830000 0.113099
-7.820000 0.115517
-7.810000 0.117969
-7.800000 0.120454
-7.790000 0.122971
-7.780000 0.125522
-7.770000 0.128105
-7.760000 0.130720
-7.750000 0.133366
-7.740000 0.136044
-7.730000 0.138754
-7.720000 0.141493
-7.710000 0.144263
-7.700000 0.147063
-7.690000 0.149892
-7.680000 0.152749
-7.670000 0.155635
-7.660000 0.158548
-7.650000 0.161488
-7.640000 0.164454
-7.630000 0.167445
-7.620000 0.170462
-7.610000 0.173502
-7.600000 0.176565
-7.590000 0.179651
-7.580000 0.182758
-7.570000 0.185886
-7.560000 0.189034
-7.550000 0.192200
-7.540000 0.195384
-7.530000 0.198584
-7.520000 0.201801
-7.510000 0.205031
-7.500000 0.208275
-7.490000 0.211532
-7.480000 0.214799
-7.470000 0.218076
-7.460000 0.221362
-7.450000 0.224655
-7.440000 0.227954
-7.430000 0.231257
-7.420000 0.234564
-7.410000 0.237872
-7.400000 0.241181
-7.390000 0.244488
-7.380000 0.247793
-7.370000 0.251094
-7.360000 0.254389
-7.350000 0.257677
-7.340000 0.260956
-7.330000 0.264224
-7.320000 0.267481
-7.310000 0.270723
-7.300000 0.273950
-7.290000 0.277159
-7.280000 0.280350
-7.270000 0.283520
-7.260000 0.286667
-7.250000 0.289790
-7.240000 0.292887
-7.230000 0.295957
-7.220000 0.299001
-7.210000 0.302025
-7.200000 0.305026
-7.190000 0.308004
-7.180000 0.310956
-7.170000 0.313881
-7.160000 0.316777
-7.150000 0.319643
-7.140000 0.322477
-7.130000 0.325278
-7.120000 0.328043
-7.110000 0.330772
-7.100000 0.333462
-7.090000 0.336113
-7.080000 0.338722
-7.070000 0.341287
-7.060000 0.343807
-7.050000 0.346281
-7.040000 0.348707
-7.030000 0.351082
-7.020000 0.353406
-7.010000 0.355677
-7.000000 0.357893
-6.990000 0.360052
-6.980000 0.362154
-6.970000 0.364195
-6.960000 0.366175
-6.950000 0.368092
-6.940000 0.369945
-6.930000 0.371731
-6.920000 0.373450
-6.910000 0.375099
-6.900000 0.376678
-6.890000 0.378184
-6.880000 0.379616
-6.870000 0.380973
-6.860000 0.382253
-6.850000 0.383455
-6.840000 0.384578
-6.830000 0.385619
-6.820000 0.386578
-6.810000 0.387453
-6.800000 0.388243
-6.790000 0.388947
-6.780000 0.389564
-6.770000 0.390091
-6.760000 0.390529
-6.750000 0.390875
-6.740000 0.391129
-6.730000 0.391290
-6.720000 0.391357
-6.710000 0.391328
-6.700000 0.391203
-6.690000 0.390980
-6.680000 0.390660
-6.670000 0.390240
-6.660000 0.389721
-6.650000 0.389101
-6.640000 0.388380
-6.630000 0.387556
-6.620000 0.386631
-6.610000 0.385602
-6.600000 0.384469
-6.590000 0.383233
-6.580000 0.381892
-6.570000 0.380445
-6.560000 0.378894
-6.550000 0.377237
-6.540000 0.375474
-6.530000 0.373605
-6.520000 0.371630
-6.510000 0.369549
-6.500000 0.367361
-6.490000 0.365068
-6.480000 0.362668
-6.470000 0.360163
-6.460000 0.357551
-6.450000 0.354835
-6.440000 0.352013
-6.430000 0.349086
-6.420000 0.346055
-6.410000 0.342919
-6.400000 0.339681
-6.390000 0.336339
-6.380000 0.332896
-6.370000 0.329351
-6.360000 0.325705
-6.350000 0.321959
-6.340000 0.318114
-6.330000 0.314170
-6.320000 0.310130
-6.310000 0.305993
-6.300000 0.301761
-6.290000 0.297435
-6.280000 0.293016
-6.270000 0.288505
-6.260000 0.283904
-6.250000 0.279214
-6.240000 0.274436
-6.230000 0.269572
-6.220000 0.264623
-6.210000 0.259591
-6.200000 0.254477
-6.190000 0.249282
-6.180000 0.244009
-6.170000 0.238660
-6.160000 0.233235
-6.150000 0.227737
-6.140000 0.222167
-6.130000 0.216528
-6.120000 0.210821
-6.110000 0.205048
-6.100000 0.199211
-6.090000 0.193313
-6.080000 0.187354
-6.070000 0.181338
-6.060000 0.175266
-6.050000 0.169141
-6.040000 0.162964
-6.030000 0.156738
-6.020000 0.150466
-6.010000 0.144148
-6.000000 0.137788
-5.990000 0.131388
-5.980000 0.124950
-5.970000 0.118476
-5.960000 0.111970
-5.950000 0.105432
-5.940000 0.098866
-5.930000 0.092274
-5.920000 0.085658
-5.910000 0.079021
-5.900000 0.072365
-5.890000 0.065693
-5.880000 0.059007
-5.870000 0.052309
-5.860000 0.045602
-5.850000 0.038889
-5.840000 0.032171
-5.830000 0.025452
-5.820000 0.018733
-5.810000 0.012017
-5.800000 0.005307
-5.790000 -0.001394
-5.780000 -0.008086
-5.770000 -0.014765
-5.760000 -0.021428
-5.750000 -0.028074
-5.740000 -0.034700
-5.730000 -0.041304
-5.720000 -0.047883
-5.710000 -0.054434
-5.700000 -0.060957
-5.690000 -0.067448
-5.680000 -0.073905
-5.670000 -0.080326
-5.660000 -0.086709
-5.650000 -0.093052
-5.640000 -0.099351
-5.630000 -0.105607
-5.620000 -0.111815
-5.610000 -0.117974
-5.600000 -0.124082
-5.590000 -0.130138
-5.580000 -0.136138
-5.570000 -0.142082
-5.560000 -0.147967
-5.550000 -0.153791
-5.540000 -0.159552
-5.530000 -0.165250
-5.520000 -0.170882
-5.510000 -0.176445
-5.500000 -0.181940
-5.490000 -0.187363
-5.480000 -0.192714
-5.470000 -0.197991
-5.460000 -0.203192
-5.450000 -0.208317
-5.440000 -0.213362
-5.430000 -0.218328
-5.420000 -0.223213
-5.410000 -0.228016
-5.400000 -0.232735
-5.390000 -0.237369
-5.380000 -0.241917
-5.370000 -0.246378
-5.360000 -0.250751
-5.350000 -0.255036
-5.340000 -0.259230
-5.330000 -0.263334
-5.320000 -0.267346
-5.310000 -0.271265
-5.300000 -0.275092
-5.290000 -0.278824
-5.280000 -0.282463
-5.270000 -0.286006
-5.260000 -0.289454
-5.250000 -0.292806
-5.240000 -0.296061
-5.230000 -0.299219
-5.220000 -0.302281
-5.210000 -0.305245
-5.200000 -0.308111
-5.190000 -0.310879
-5.180000 -0.313550
-5.170000 -0.316122
-5.160000 -0.318596
-5.150000 -0.320972
-5.140000 -0.323250
-5.130000 -0.325430
-5.120000 -0.327512
-5.110000 -0.329497
-5.100000 -0.331384
-5.090000 -0.333173
-5.080000 -0.334866
-5.070000 -0.336463
-5.060000 -0.337963
-5.050000 -0.339368
-5.040000 -0.340678
-5.030000 -0.341893
-5.020000 -0.343014
-5.010000 -0.344041
-5.000000 -0.344976
-4.990000 -0.345819
-4.980000 -0.346570
-4.970000 -0.347230
-4.960000 -0.347801
-4.950000 -0.348282
-4.940000 -0.348675
-4.930000 -0.348981
-4.920000 -0.349200
-4.910000 -0.349334
-4.900000 -0.349383
-4.890000 -0.349348
-4.880000 -0.349232
-4.870000 -0.349033
-4.860000 -0.348754
-4.850000 -0.348396
-4.840000 -0.347960
-4.830000 -0.347446
-4.820000 -0.346857
-4.810000 -0.346193
-4.800000 -0.345455
-4.790000 -0.344645
-4.780000 -0.343764
-4.770000 -0.342813
-4.760000 -0.341794
-4.750000 -0.340708
-4.740000 -0.339555
-4.730000 -0.338338
-4.720000 -0.337058
-4.710000 -0.335716
-4.700000 -0.334313
-4.690000 -0.332851
-4.680000 -0.331331
-4.670000 -0.329754
-4.660000 -0.328123
-4.650000 -0.326437
-4.640000 -0.324699
-4.630000 -0.322911
-4.620000 -0.321072
-4.610000 -0.319186
-4.600000 -0.317252
-4.590000 -0.315274
-4.580000 -0.313251
-4.570000 -0.311185
-4.560000 -0.309079
-4.550000 -0.306932
-4.540000 -0.304747
-4.530000 -0.302525
-4.520000 -0.300268
-4.510000 -0.297976
-4.500000 -0.295651
-4.490000 -0.293294
-4.480000 -0.290907
-4.470000 -0.288491
-4.460000 -0.286048
-4.450000 -0.283578
-4.440000 -0.281083
-4.430000 -0.278565
-4.420000 -0.276024
-4.410000 -0.273462
-4.400000 -0.270880
-4.390000 -0.268280
-4.380000 -0.265662
-4.370000 -0.263028
-4.360000 -0.260379
-4.350000 -0.257716
-4.340000 -0.255041
-4.330000 -0.252354
-4.320000 -0.249657
-4.310000 -0.246951
-4.300000 -0.244237
-4.290000 -0.241516
-4.280000 -0.238789
-4.270000 -0.236057
-4.260000 -0.233321
-4.250000 -0.230583
-4.240000 -0.227842
-4.230000 -0.225101
-4.220000 -0.222361
-4.210000 -0.219621
-4.200000 -0.216883
-4.190000 -0.214149
-4.180000 -0.211418
-4.170000 -0.208692
-4.160000 -0.205971
-4.150000 -0.203257
-4.140000 -0.200550
-4.130000 -0.197851
-4.120000 -0.195161
-4.110000 -0.192480
-4.100000 -0.189810
-4.090000 -0.187150
-4.080000 -0.184502
-4.070000 -0.181866
-4.060000 -0.179244
-4.050000 -0.176634
-4.040000 -0.174039
-4.030000 -0.171459
-4.020000 -0.168894
-4.010000 -0.166344
-4.000000 -0.163811
-3.990000 -0.161295
-3.980000 -0.158796
-3.970000 -0.156315
-3.960000 -0.153852
-3.950000 -0.151408
-3.940000 -0.148983
-3.930000 -0.146577
-3.920000 -0.144191
-3.910000 -0.141825
-3.900000 -0.139480
-3.890000 -0.137155
-3.880000 -0.134851
-3.870000 -0.132569
-3.860000 -0.130308
-3.850000 -0.128068
-3.840000 -0.125851
-3.830000 -0.123656
-3.820000 -0.121483
-3.810000 -0.119333
-3.800000 -0.117205
-3.790000 -0.115100
-3.780000 -0.113017
-3.770000 -0.110958
-3.760000 -0.108921
-3.750000 -0.106908
-3.740000 -0.104917
-3.730000 -0.102950
-3.720000 -0.101005
-3.710000 -0.099084
-3.700000 -0.097185
-3.690000 -0.095310
-3.680000 -0.093457
-3.670000 -0.091627
-3.660000 -0.089819
-3.650000 -0.088035
-3.640000 -0.086272
-3.630000 -0.084532
-3.620000 -0.082813
-3.610000 -0.081117
-3.600000 -0.079442
-3.590000 -0.077789
-3.580000 -0.076157
-3.570000 -0.074546
-3.560000 -0.072956
-3.550000 -0.071387
-3.540000 -0.069837
-3.530000 -0.068308
-3.520000 -0.066798
-3.510000 -0.065307
-3.500000 -0.063836
-3.490000 -0.062383
-3.480000 -0.060948
-3.470000 -0.059532
-3.460000 -0.058133
-3.450000 -0.056751
-3.440000 -0.055385
-3.430000 -0.054036
-3.420000 -0.052703
-3.410000 -0.051385
-3.400000 -0.050083
-3.390000 -0.048795
-3.380000 -0.047520
-3.370000 -0.046260
-3.360000 -0.045012
-3.350000 -0.043777
-3.340000 -0.042554
-3.330000 -0.041343
-3.320000 -0.040143
-3.310000 -0.038953
-3.300000 -0.037772
-3.290000 -0.036602
-3.280000 -0.035439
-3.270000 -0.034285
-3.260000 -0.033139
-3.250000 -0.031999
-3.240000 -0.030866
-3.230000 -0.029738
-3.220000 -0.028616
-3.210000 -0.027497
-3.200000 -0.026383
-3.190000 -0.025272
-3.180000 -0.024163
-3.170000 -0.023055
-3.160000 -0.021949
-3.150000 -0.020843
-3.140000 -0.019737
-3.130000 -0.018630
-3.120000 -0.017521
-3.110000 -0.016409
-3.100000 -0.015295
-3.090000 -0.014176
-3.080000 -0.013052
-3.070000 -0.011923
-3.060000 -0.010788
-3.050000 -0.009645
-3.040000 -0.008495
-3.030000 -0.007336
-3.020000 -0.006168
-3.010000 -0.004990
-3.000000 -0.003800
-2.990000 -0.002599
-2.980000 -0.001385
-2.970000 -0.000158
-2.960000 0.001084
-2.950000 0.002341
-2.940000 0.003614
-2.930000 0.004904
-2.920000 0.006212
-2.910000 0.007538
-2.900000 0.008884
-2.890000 0.010250
-2.880000 0.011637
-2.870000 0.013047
-2.860000 0.014479
-2.850000 0.015936
-2.840000 0.017418
-2.830000 0.018925
-2.820000 0.020460
-2.810000 0.022021
-2.800000 0.023612
-2.790000 0.025232
-2.780000 0.026883
-2.770000 0.028565
-2.760000 0.030280
-2.750000 0.032029
-2.740000 0.033811
-2.730000 0.035629
-2.720000 0.037484
-2.710000 0.039376
-2.700000 0.041306
-2.690000 0.043276
-2.680000 0.045286
-2.670000 0.047338
-2.660000 0.049432
-2.650000 0.051570
-2.640000 0.053752
-2.630000 0.055980
-2.620000 0.058254
-2.610000 0.060576
-2.600000 0.062947
-2.590000 0.065368
-2.580000 0.067839
-2.570000 0.070362
-2.560000 0.072938
-2.550000 0.075568
-2.540000 0.078253
-2.530000 0.080994
-2.520000 0.083793
-2.510000 0.086650
-2.500000 0.089566
-2.490000 0.092542
-2.480000 0.095580
-2.470000 0.098680
-2.460000 0.101844
-2.450000 0.105073
-2.440000 0.108368
-2.430000 0.111729
-2.420000 0.115158
-2.410000 0.118657
-2.400000 0.122225
-2.390000 0.125864
-2.380000 0.129575
-2.370000 0.133360
-2.360000 0.137219
-2.350000 0.141152
-2.340000 0.145162
-2.330000 0.149250
-2.320000 0.153415
-2.310000 0.157660
-2.300000 0.161985
-2.290000 0.166391
-2.280000 0.170880
-2.270000 0.175451
-2.260000 0.180107
-2.250000 0.184847
-2.240000 0.189673
-2.230000 0.194586
-2.220000 0.199587
-2.210000 0.204675
-2.200000 0.209853
-2.190000 0.215121
-2.180000 0.220480
-2.170000 0.225930
-2.160000 0.231473
-2.150000 0.237108
-2.140000 0.242837
-2.130000 0.248661
-2.120000 0.254579
-2.110000 0.260592
-2.100000 0.266702
-2.090000 0.272908
-2.080000 0.279211
-2.070000 0.285611
-2.060000 0.292110
-2.050000 0.298706
-2.040000 0.305401
-2.030000 0.312194
-2.020000 0.319086
-2.010000 0.326078
-2.000000 0.333169
-1.990000 0.340359
-1.980000 0.347648
-1.970000 0.355037
-1.960000 0.362526
-1.950000 0.370113
-1.940000 0.377799
-1.930000 0.385584
-1.920000 0.393468
-1.910000 0.401450
-1.900000 0.409529
-1.890000 0.417706
-1.880000 0.425979
-1.870000 0.434348
-1.860000 0.442813
-1.850000 0.451372
-1.840000 0.460025
-1.830000 0.468771
-1.820000 0.477609
-1.810000 0.486538
-1.800000 0.495557
-1.790000 0.504664
-1.780000 0.513858
-1.770000 0.523139
-1.760000 0.532504
-1.750000 0.541952
-1.740000 0.551481
-1.730000 0.561091
-1.720000 0.570778
-1.710000 0.580542
-1.700000 0.590379
-1.690000 0.600289
-1.680000 0.610270
-1.670000 0.620318
-1.660000 0.630431
-1.650000 0.640608
-1.640000 0.650846
-1.630000 0.661142
-1.620000 0.671494
-1.610000 0.681899
-1.600000 0.692354
-1.590000 0.702856
-1.580000 0.713402
-1.570000 0.723990
-1.560000 0.734615
-1.550000 0.745275
-1.540000 0.755966
-1.530000 0.766685
-1.520000 0.777428
-1.510000 0.788192
-1.500000 0.798973
-1.490000 0.809767
-1.480000 0.820570
-1.470000 0.831378
-1.460000 0.842188
-1.450000 0.852994
-1.440000 0.863793
-1.430000 0.874581
-1.420000 0.885353
-1.410000 0.896104
-1.400000 0.906830
-1.390000 0.917527
-1.380000 0.928189
-1.370000 0.938812
-1.360000 0.949391
-1.350000 0.959921
-1.340000 0.970397
-1.330000 0.980814
-1.320000 0.991167
-1.310000 1.001450
-1.300000 1.011659
-1.290000 1.021788
-1.280000 1.031832
-1.270000 1.041785
-1.260000 1.051643
-1.250000 1.061399
-1.240000 1.071047
-1.230000 1.080583
-1.220000 1.090001
-1.210000 1.099294
-1.200000 1.108458
-1.190000 1.117487
-1.180000 1.126375
-1.170000 1.135116
-1.160000 1.143704
-1.150000 1.152134
-1.140000 1.160400
-1.130000 1.168496
-1.120000 1.176417
-1.110000 1.184156
-1.100000 1.191707
-1.090000 1.199066
-1.080000 1.206226
-1.070000 1.213181
-1.060000 1.219926
-1.050000 1.226456
-1.040000 1.232764
-1.030000 1.238844
-1.020000 1.244692
-1.010000 1.250301
-1.000000 1.255667
-0.990000 1.260783
-0.980000 1.265645
-0.970000 1.270247
-0.960000 1.274583
-0.950000 1.278649
-0.940000 1.282440
-0.930000 1.285950
-0.920000 1.289175
-0.910000 1.292109
-0.900000 1.294747
-0.890000 1.297086
-0.880000 1.299121
-0.870000 1.300846
-0.860000 1.302258
-0.850000 1.303353
-0.840000 1.304126
-0.830000 1.304573
-0.820000 1.304690
-0.810000 1.304473
-0.800000 1.303919
-0.790000 1.303025
-0.780000 1.301786
-0.770000 1.300200
-0.760000 1.298264
-0.750000 1.295974
-0.740000 1.293328
-0.730000 1.290323
-0.720000 1.286956
-0.710000 1.283226
-0.700000 1.279130
-0.690000 1.274665
-0.680000 1.269831
-0.670000 1.264626
-0.660000 1.259047
-0.650000 1.253095
-0.640000 1.246767
-0.630000 1.240062
-0.620000 1.232981
-0.610000 1.225522
-0.600000 1.217685
-0.590000 1.209469
-0.580000 1.200875
-0.570000 1.191903
-0.560000 1.182554
-0.550000 1.172827
-0.540000 1.162723
-0.530000 1.152245
-0.520000 1.141391
-0.510000 1.130165
-0.500000 1.118567
-0.490000 1.106600
-0.480000 1.094265
-0.470000 1.081564
-0.460000 1.068500
-0.450000 1.055075
-0.440000 1.041292
-0.430000 1.027154
-0.420000 1.012664
-0.410000 0.997826
-0.400000 0.982642
-0.390000 0.967117
-0.380000 0.951254
-0.370000 0.935058
-0.360000 0.918532
-0.350000 0.901682
-0.340000 0.884512
-0.330000 0.867027
-0.320000 0.849231
-0.310000 0.831131
-0.300000 0.812731
-0.290000 0.794036
-0.280000 0.775053
-0.270000 0.755788
-0.260000 0.736246
-0.250000 0.716433
-0.240000 0.696357
-0.230000 0.676023
-0.220000 0.655438
-0.210000 0.634609
-0.200000 0.613544
-0.190000 0.592248
-0.180000 0.570729
-0.170000 0.548994
-0.160000 0.527052
-0.150000 0.504909
-0.140000 0.482573
-0.130000 0.460053
-0.120000 0.437355
-0.110000 0.414489
-0.100000 0.391461
-0.090000 0.368281
-0.080000 0.344957
-0.070000 0.321497
-0.060000 0.297909
-0.050000 0.274202
-0.040000 0.250385
-0.030000 0.226466
-0.020000 0.202454
-0.010000 0.178358
-0.000000 0.154186
0.010000 0.129948
0.020000 0.105653
0.030000 0.081308
0.040000 0.056924
0.050000 0.032509
0.060000 0.008072
0.070000 -0.016377
0.080000 -0.040831
0.090000 -0.065279
0.100000 -0.089713
0.110000 -0.114124
0.120000 -0.138503
0.130000 -0.162841
0.140000 -0.187130
0.150000 -0.211359
0.160000 -0.235521
0.170000 -0.259607
0.180000 -0.283608
0.190000 -0.307516
0.200000 -0.331321
0.210000 -0.355016
0.220000 -0.378591
0.230000 -0.402039
0.240000 -0.425351
0.250000 -0.448519
0.260000 -0.471535
0.270000 -0.494391
0.280000 -0.517079
0.290000 -0.539591
0.300000 -0.561920
0.310000 -0.584057
0.320000 -0.605997
0.330000 -0.627730
0.340000 -0.649250
0.350000 -0.670550
0.360000 -0.691623
0.370000 -0.712462
0.380000 -0.733061
0.390000 -0.753412
0.400000 -0.773511
0.410000 -0.793349
0.420000 -0.812922
0.430000 -0.832223
0.440000 -0.851247
0.450000 -0.869989
0.460000 -0.888442
0.470000 -0.906601
0.480000 -0.924462
0.490000 -0.942019
0.500000 -0.959268
0.510000 -0.976205
0.520000 -0.992824
0.530000 -1.009122
0.540000 -1.025094
0.550000 -1.040738
0.560000 -1.056049
0.570000 -1.071023
0.580000 -1.085658
0.590000 -1.099950
0.600000 -1.113897
0.610000 -1.127496
0.620000 -1.140744
0.630000 -1.153639
0.640000 -1.166178
0.650000 -1.178361
0.660000 -1.190185
0.670000 -1.201648
0.680000 -1.212749
0.690000 -1.223487
0.700000 -1.233861
0.710000 -1.243870
0.720000 -1.253514
0.730000 -1.262791
0.740000 -1.271702
0.750000 -1.280246
0.760000 -1.288424
0.770000 -1.296236
0.780000 -1.303682
0.790000 -1.310763
0.800000 -1.317479
0.810000 -1.323832
0.820000 -1.329823
0.830000 -1.335452
0.840000 -1.340722
0.850000 -1.345633
0.860000 -1.350188
0.870000 -1.354389
0.880000 -1.358237
0.890000 -1.361735
0.900000 -1.364885
0.910000 -1.367689
0.920000 -1.370151
0.930000 -1.372273
0.940000 -1.374058
0.950000 -1.375508
0.960000 -1.376628
0.970000 -1.377420
0.980000 -1.377888
0.990000 -1.378035
1.000000 -1.377865
1.010000 -1.377382
1.020000 -1.376590
1.030000 -1.375492
1.040000 -1.374093
1.050000 -1.372396
1.060000 -1.370407
1.070000 -1.368129
1.080000 -1.365566
1.090000 -1.362725
1.100000 -1.359608
1.110000 -1.356220
1.120000 -1.352568
1.130000 -1.348654
1.140000 -1.344484
1.150000 -1.340063
1.160000 -1.335396
1.170000 -1.330489
1.180000 -1.325345
1.190000 -1.319970
1.200000 -1.314370
1.210000 -1.308550
1.220000 -1.302514
1.230000 -1.296269
1.240000 -1.289819
1.250000 -1.283170
1.260000 -1.276327
1.270000 -1.269296
1.280000 -1.262081
1.290000 -1.254689
1.300000 -1.247125
1.310000 -1.239393
1.320000 -1.231501
1.330000 -1.223452
1.340000 -1.215252
1.350000 -1.206908
1.360000 -1.198423
1.370000 -1.189804
1.380000 -1.181055
1.390000 -1.172183
1.400000 -1.163192
1.410000 -1.154088
1.420000 -1.144876
1.430000 -1.135561
1.440000 -1.126148
1.450000 -1.116642
1.460000 -1.107049
1.470000 -1.097374
1.480000 -1.087621
1.490000 -1.077796
1.500000 -1.067904
1.510000 -1.057948
1.520000 -1.047935
1.530000 -1.037869
1.540000 -1.027755
1.550000 -1.017597
1.560000 -1.007399
1.570000 -0.997167
1.580000 -0.986905
1.590000 -0.976618
1.600000 -0.966308
1.610000 -0.955982
1.620000 -0.945643
1.630000 -0.935294
1.640000 -0.924941
1.650000 -0.914588
1.660000 -0.904237
1.670000 -0.893893
1.680000 -0.883560
1.690000 -0.873241
1.700000 -0.862941
1.710000 -0.852661
1.720000 -0.842407
1.730000 -0.832181
1.740000 -0.821987
1.750000 -0.811827
1.760000 -0.801706
1.770000 -0.791625
1.780000 -0.781589
1.790000 -0.771599
1.800000 -0.761659
1.810000 -0.751772
1.820000 -0.741939
1.830000 -0.732164
1.840000 -0.722449
1.850000 -0.712797
1.860000 -0.703210
1.870000 -0.693690
1.880000 -0.684239
1.890000 -0.674859
1.900000 -0.665553
1.910000 -0.656322
1.920000 -0.647168
1.930000 -0.638094
1.940000 -0.629099
1.950000 -0.620188
1.960000 -0.611360
1.970000 -0.602617
1.980000 -0.593961
1.990000 -0.585393
2.000000 -0.576915
2.010000 -0.568527
2.020000 -0.560230
2.030000 -0.552027
2.040000 -0.543917
2.050000 -0.535901
2.060000 -0.527981
2.070000 -0.520157
2.080000 -0.512430
2.090000 -0.504800
2.100000 -0.497269
2.110000 -0.489837
2.120000 -0.482503
2.130000 -0.475269
2.140000 -0.468136
2.150000 -0.461102
2.160000 -0.454169
2.170000 -0.447336
2.180000 -0.440605
2.190000 -0.433974
2.200000 -0.427444
2.210000 -0.421016
2.220000 -0.414688
2.230000 -0.408461
2.240000 -0.402334
2.250000 -0.396308
2.260000 -0.390383
2.270000 -0.384557
2.280000 -0.378831
2.290000 -0.373204
2.300000 -0.367676
2.310000 -0.362247
2.320000 -0.356916
2.330000 -0.351682
2.340000 -0.346545
2.350000 -0.341505
2.360000 -0.336561
2.370000 -0.331712
2.380000 -0.326957
2.390000 -0.322297
2.400000 -0.317730
2.410000 -0.313256
2.420000 -0.308873
2.430000 -0.304582
2.440000 -0.300381
2.450000 -0.296269
2.460000 -0.292247
2.470000 -0.288312
2.480000 -0.284465
2.490000 -0.280703
2.500000 -0.277028
2.510000 -0.273436
2.520000 -0.269929
2.530000 -0.266504
2.540000 -0.263161
2.550000 -0.259899
2.560000 -0.256717
2.570000 -0.253614
2.580000 -0.250589
2.590000 -0.247642
2.600000 -0.244771
2.610000 -0.241975
2.620000 -0.239253
2.630000 -0.236606
2.640000 -0.234030
2.650000 -0.231527
2.660000 -0.229094
2.670000 -0.226731
2.680000 -0.224436
2.690000 -0.222210
2.700000 -0.220050
2.710000 -0.217957
2.720000 -0.215929
2.730000 -0.213965
2.740000 -0.212064
2.750000 -0.210225
2.760000 -0.208449
2.770000 -0.206732
2.780000 -0.205076
2.790000 -0.203479
2.800000 -0.201939
2.810000 -0.200457
2.820000 -0.199031
2.830000 -0.197661
2.840000 -0.196346
2.850000 -0.195084
2.860000 -0.193876
2.870000 -0.192720
2.880000 -0.191616
2.890000 -0.190562
2.900000 -0.189559
2.910000 -0.188605
2.920000 -0.187699
2.930000 -0.186842
2.940000 -0.186032
2.950000 -0.185268
2.960000 -0.184550
2.970000 -0.183878
2.980000 -0.183250
2.990000 -0.182666
3.000000 -0.182125
3.010000 -0.181627
3.020000 -0.181171
3.030000 -0.180757
3.040000 -0.180384
3.050000 -0.180051
3.060000 -0.179757
3.070000 -0.179503
3.080000 -0.179288
3.090000 -0.179112
3.100000 -0.178973
3.110000 -0.178871
3.120000 -0.178806
3.130000 -0.178777
3.140000 -0.178785
3.150000 -0.178827
3.160000 -0.178905
3.170000 -0.179018
3.180000 -0.179164
3.190000 -0.179344
3.200000 -0.179558
3.210000 -0.179805
3.220000 -0.180084
3.230000 -0.180396
3.240000 -0.180740
3.250000 -0.181115
3.260000 -0.181521
3.270000 -0.181958
3.280000 -0.182426
3.290000 -0.182925
3.300000 -0.183453
3.310000 -0.184011
3.320000 -0.184598
3.330000 -0.185214
3.340000 -0.185860
3.350000 -0.186533
3.360000 -0.187236
3.370000 -0.187966
3.380000 -0.188724
3.390000 -0.189509
3.400000 -0.190322
3.410000 -0.191162
3.420000 -0.192029
3.430000 -0.192923
3.440000 -0.193843
3.450000 -0.194789
3.460000 -0.195762
3.470000 -0.196760
3.480000 -0.197783
3.490000 -0.198832
3.500000 -0.199907
3.510000 -0.201006
3.520000 -0.202130
3.530000 -0.203279
3.540000 -0.204452
3.550000 -0.205649
3.560000 -0.206870
3.570000 -0.208116
3.580000 -0.209385
3.590000 -0.210678
3.600000 -0.211993
3.610000 -0.213333
3.620000 -0.214695
3.630000 -0.216080
3.640000 -0.217487
3.650000 -0.218917
3.660000 -0.220370
3.670000 -0.221844
3.680000 -0.223341
3.690000 -0.224859
3.700000 -0.226399
3.710000 -0.227960
3.720000 -0.229543
3.730000 -0.231146
3.740000 -0.232770
3.750000 -0.234415
3.760000 -0.236081
3.770000 -0.237766
3.780000 -0.239472
3.790000 -0.241198
3.800000 -0.242943
3.810000 -0.244707
3.820000 -0.246491
3.830000 -0.248294
3.840000 -0.250116
3.850000 -0.251956
3.860000 -0.253814
3.870000 -0.255691
3.880000 -0.257585
3.890000 -0.259497
3.900000 -0.261426
3.910000 -0.263372
3.920000 -0.265335
3.930000 -0.267314
3.940000 -0.269309
3.950000 -0.271320
3.960000 -0.273347
3.970000 -0.275388
3.980000 -0.277445
3.990000 -0.279516
4.000000 -0.281601
4.010000 -0.283699
4.020000 -0.285812
4.030000 -0.287936
4.040000 -0.290074
4.050000 -0.292223
4.060000 -0.294384
4.070000 -0.296557
4.080000 -0.298739
4.090000 -0.300932
4.100000 -0.303135
4.110000 -0.305347
4.120000 -0.307567
4.130000 -0.309795
4.140000 -0.312031
4.150000 -0.314273
4.160000 -0.316522
4.170000 -0.318776
4.180000 -0.321035
4.190000 -0.323298
4.200000 -0.325564
4.210000 -0.327833
4.220000 -0.330104
4.230000 -0.332375
4.240000 -0.334647
4.250000 -0.336919
4.260000 -0.339189
4.270000 -0.341456
4.280000 -0.343720
4.290000 -0.345980
4.300000 -0.348234
4.310000 -0.350482
4.320000 -0.352722
4.330000 -0.354954
4.340000 -0.357177
4.350000 -0.359388
4.360000 -0.361588
4.370000 -0.363774
4.380000 -0.365946
4.390000 -0.368101
4.400000 -0.370240
4.410000 -0.372361
4.420000 -0.374461
4.430000 -0.376540
4.440000 -0.378596
4.450000 -0.380628
4.460000 -0.382634
4.470000 -0.384613
4.480000 -0.386562
4.490000 -0.388481
4.500000 -0.390367
4.510000 -0.392220
4.520000 -0.394036
4.530000 -0.395814
4.540000 -0.397552
4.550000 -0.399249
4.560000 -0.400903
4.570000 -0.402511
4.580000 -0.404072
4.590000 -0.405583
4.600000 -0.407042
4.610000 -0.408448
4.620000 -0.409797
4.630000 -0.411089
4.640000 -0.412320
4.650000 -0.413489
4.660000 -0.414593
4.670000 -0.415629
4.680000 -0.416596
4.690000 -0.417491
4.700000 -0.418312
4.710000 -0.419055
4.720000 -0.419719
4.730000 -0.420301
4.740000 -0.420799
4.750000 -0.421210
4.760000 -0.421531
4.770000 -0.421759
4.780000 -0.421893
4.790000 -0.421929
4.800000 -0.421865
4.810000 -0.421697
4.820000 -0.421424
4.830000 -0.421043
4.840000 -0.420550
4.850000 -0.419943
4.860000 -0.419219
4.870000 -0.418375
4.880000 -0.417410
4.890000 -0.416318
4.900000 -0.415099
4.910000 -0.413749
4.920000 -0.412265
4.930000 -0.410645
4.940000 -0.408885
4.950000 -0.406984
4.960000 -0.404937
4.970000 -0.402743
4.980000 -0.400399
4.990000 -0.397901
5.000000 -0.395247
5.010000 -0.392435
5.020000 -0.389462
5.030000 -0.386325
5.040000 -0.383021
5.050000 -0.379548
5.060000 -0.375904
5.070000 -0.372085
5.080000 -0.368090
5.090000 -0.363916
5.100000 -0.359560
5.110000 -0.355021
5.120000 -0.350295
5.130000 -0.345381
5.140000 -0.340277
5.150000 -0.334980
5.160000 -0.329488
5.170000 -0.323800
5.180000 -0.317913
5.190000 -0.311825
5.200000 -0.305536
5.210000 -0.299042
5.220000 -0.292343
5.230000 -0.285437
5.240000 -0.278323
5.250000 -0.270998
5.260000 -0.263463
5.270000 -0.255714
5.280000 -0.247753
5.290000 -0.239577
5.300000 -0.231185
5.310000 -0.222577
5.320000 -0.213753
5.330000 -0.204711
5.340000 -0.195451
5.350000 -0.185972
5.360000 -0.176275
5.370000 -0.166359
5.380000 -0.156225
5.390000 -0.145872
5.400000 -0.135300
5.410000 -0.124511
5.420000 -0.113504
5.430000 -0.102279
5.440000 -0.090839
5.450000 -0.079183
5.460000 -0.067312
5.470000 -0.055228
5.480000 -0.042932
5.490000 -0.030426
5.500000 -0.017710
5.510000 -0.004786
5.520000 0.008343
5.530000 0.021676
5.540000 0.035211
5.550000 0.048945
5.560000 0.062877
5.570000 0.077003
5.580000 0.091321
5.590000 0.105829
5.600000 0.120523
5.610000 0.135400
5.620000 0.150457
5.630000 0.165692
5.640000 0.181099
5.650000 0.196676
5.660000 0.212419
5.670000 0.228325
5.680000 0.244388
5.690000 0.260605
5.700000 0.276971
5.710000 0.293483
5.720000 0.310136
5.730000 0.326924
5.740000 0.343843
5.750000 0.360889
5.760000 0.378055
5.770000 0.395337
5.780000 0.412730
5.790000 0.430228
5.800000 0.447826
5.810000 0.465518
5.820000 0.483297
5.830000 0.501160
5.840000 0.519098
5.850000 0.537107
5.860000 0.555179
5.870000 0.573310
5.880000 0.591491
5.890000 0.609718
5.900000 0.627983
5.910000 0.646280
5.920000 0.664602
5.930000 0.682942
5.940000 0.701294
5.950000 0.719650
5.960000 0.738004
5.970000 0.756348
5.980000 0.774676
5.990000 0.792980
6.000000 0.811253
6.010000 0.829487
6.020000 0.847677
6.030000 0.865813
6.040000 0.883889
6.050000 0.901898
6.060000 0.919832
6.070000 0.937684
6.080000 0.955447
6.090000 0.973112
6.100000 0.990672
6.110000 1.008121
6.120000 1.025451
6.130000 1.042653
6.140000 1.059722
6.150000 1.076649
6.160000 1.093428
6.170000 1.110051
6.180000 1.126510
6.190000 1.142799
6.200000 1.158910
6.210000 1.174836
6.220000 1.190570
6.230000 1.206106
6.240000 1.221436
6.250000 1.236553
6.260000 1.251450
6.270000 1.266122
6.280000 1.280560
6.290000 1.294760
6.300000 1.308713
6.310000 1.322415
6.320000 1.335858
6.330000 1.349036
6.340000 1.361944
6.350000 1.374576
6.360000 1.386925
6.370000 1.398986
6.380000 1.410754
6.390000 1.422223
6.400000 1.433387
6.410000 1.444242
6.420000 1.454783
6.430000 1.465004
6.440000 1.474902
6.450000 1.484470
6.460000 1.493706
6.470000 1.502604
6.480000 1.511161
6.490000 1.519373
6.500000 1.527235
6.510000 1.534745
6.520000 1.541898
6.530000 1.548692
6.540000 1.555123
6.550000 1.561188
6.560000 1.566886
6.570000 1.572212
6.580000 1.577165
6.590000 1.581743
6.600000 1.585943
6.610000 1.589764
6.620000 1.593204
6.630000 1.596261
6.640000 1.598934
6.650000 1.601223
6.660000 1.603126
6.670000 1.604643
6.680000 1.605772
6.690000 1.606514
6.700000 1.606869
6.710000 1.606836
6.720000 1.606416
6.730000 1.605610
6.740000 1.604417
6.750000 1.602838
6.760000 1.600876
6.770000 1.598530
6.780000 1.595802
6.790000 1.592694
6.800000 1.589208
6.810000 1.585344
6.820000 1.581106
6.830000 1.576496
6.840000 1.571516
6.850000 1.566168
6.860000 1.560456
6.870000 1.554383
6.880000 1.547951
6.890000 1.541163
6.900000 1.534024
6.910000 1.526537
6.920000 1.518706
6.930000 1.510534
6.940000 1.502025
6.950000 1.493185
6.960000 1.484016
6.970000 1.474525
6.980000 1.464714
6.990000 1.454590
7.000000 1.444157
7.010000 1.433419
7.020000 1.422383
7.030000 1.411053
7.040000 1.399436
7.050000 1.387535
7.060000 1.375358
7.070000 1.362909
7.080000 1.350195
7.090000 1.337221
7.100000 1.323993
7.110000 1.310519
7.120000 1.296803
7.130000 1.282852
7.140000 1.268672
7.150000 1.254270
7.160000 1.239653
7.170000 1.224826
7.180000 1.209797
7.190000 1.194572
7.200000 1.179158
7.210000 1.163561
7.220000 1.147789
7.230000 1.131848
7.240000 1.115746
7.250000 1.099488
7.260000 1.083082
7.270000 1.066536
7.280000 1.049855
7.290000 1.033047
7.300000 1.016120
7.310000 0.999079
7.320000 0.981932
7.330000 0.964686
7.340000 0.947348
7.350000 0.929925
7.360000 0.912423
7.370000 0.894851
7.380000 0.877214
7.390000 0.859520
7.400000 0.841775
7.410000 0.823987
7.420000 0.806161
7.430000 0.788306
7.440000 0.770427
7.450000 0.752531
7.460000 0.734625
7.470000 0.716715
7.480000 0.698807
7.490000 0.680909
7.500000 0.663027
7.510000 0.645166
7.520000 0.627333
7.530000 0.609535
7.540000 0.591776
7.550000 0.574064
7.560000 0.556403
7.570000 0.538801
7.580000 0.521262
7.590000 0.503792
7.600000 0.486397
7.610000 0.469082
7.620000 0.451852
7.630000 0.434714
7.640000 0.417671
7.650000 0.400728
7.660000 0.383892
7.670000 0.367167
7.680000 0.350556
7.690000 0.334066
7.700000 0.317700
7.710000 0.301463
7.720000 0.285359
7.730000 0.269393
7.740000 0.253567
7.750000 0.237887
7.760000 0.222356
7.770000 0.206978
7.780000 0.191756
7.790000 0.176694
7.800000 0.161795
7.810000 0.147062
7.820000 0.132498
7.830000 0.118107
7.840000 0.103892
7.850000 0.089854
7.860000 0.075997
7.870000 0.062323
7.880000 0.048834
7.890000 0.035533
7.900000 0.022423
7.910000 0.009503
7.920000 -0.003222
7.930000 -0.015752
7.940000 -0.028084
7.950000 -0.040218
7.960000 -0.052151
7.970000 -0.063883
7.980000 -0.075412
7.990000 -0.086738
8.000000 -0.097858
8.010000 -0.108773
8.020000 -0.119482
8.030000 -0.129983
8.040000 -0.140277
8.050000 -0.150362
8.060000 -0.160239
8.070000 -0.169908
8.080000 -0.179367
8.090000 -0.188618
8.100000 -0.197660
8.110000 -0.206493
8.120000 -0.215118
8.130000 -0.223535
8.140000 -0.231744
8.150000 -0.239746
8.160000 -0.247541
8.170000 -0.255131
8.180000 -0.262516
8.190000 -0.269696
8.200000 -0.276673
8.210000 -0.283448
8.220000 -0.290022
8.230000 -0.296396
8.240000 -0.302571
8.250000 -0.308549
8.260000 -0.314330
8.270000 -0.319918
8.280000 -0.325311
8.290000 -0.330514
8.300000 -0.335526
8.310000 -0.340351
8.320000 -0.344988
8.330000 -0.349441
8.340000 -0.353711
8.350000 -0.357801
8.360000 -0.361711
8.370000 -0.365444
8.380000 -0.369002
8.390000 -0.372387
8.400000 -0.375602
8.410000 -0.378647
8.420000 -0.381526
8.430000 -0.384241
8.440000 -0.386794
8.450000 -0.389187
8.460000 -0.391423
8.470000 -0.393503
8.480000 -0.395431
8.490000 -0.397209
8.500000 -0.398838
8.510000 -0.400322
8.520000 -0.401662
8.530000 -0.402862
8.540000 -0.403924
8.550000 -0.404850
8.560000 -0.405643
8.570000 -0.406304
8.580000 -0.406838
8.590000 -0.407246
8.600000 -0.407530
8.610000 -0.407694
8.620000 -0.407739
8.630000 -0.407669
8.640000 -0.407485
8.650000 -0.407191
8.660000 -0.406788
8.670000 -0.406280
8.680000 -0.405668
8.690000 -0.404955
8.700000 -0.404144
8.710000 -0.403237
8.720000 -0.402237
8.730000 -0.401145
8.740000 -0.399965
8.750000 -0.398699
8.760000 -0.397348
8.770000 -0.395916
8.780000 -0.394405
8.790000 -0.392817
8.800000 -0.391155
8.810000 -0.389420
8.820000 -0.387615
8.830000 -0.385742
8.840000 -0.383804
8.850000 -0.381802
8.860000 -0.379739
8.870000 -0.377617
8.880000 -0.375438
8.890000 -0.373204
8.900000 -0.370917
8.910000 -0.368579
8.920000 -0.366193
8.930000 -0.363759
8.940000 -0.361281
8.950000 -0.358759
8.960000 -0.356196
8.970000 -0.353594
8.980000 -0.350955
8.990000 -0.348280
9.000000 -0.345571
9.010000 -0.342829
9.020000 -0.340057
9.030000 -0.337257
9.040000 -0.334429
9.050000 -0.331575
9.060000 -0.328698
9.070000 -0.325798
9.080000 -0.322877
9.090000 -0.319936
9.100000 -0.316978
9.110000 -0.314002
9.120000 -0.311012
9.130000 -0.308007
9.140000 -0.304990
9.150000 -0.301962
9.160000 -0.298924
9.170000 -0.295876
9.180000 -0.292821
9.190000 -0.289760
9.200000 -0.286693
9.210000 -0.283622
9.220000 -0.280548
9.230000 -0.277472
9.240000 -0.274394
9.250000 -0.271316
9.260000 -0.268240
9.270000 -0.265165
9.280000 -0.262092
9.290000 -0.259023
9.300000 -0.255959
9.310000 -0.252899
9.320000 -0.249846
9.330000 -0.246799
9.340000 -0.243760
9.350000 -0.240729
9.360000 -0.237706
9.370000 -0.234693
9.380000 -0.231691
9.390000 -0.228699
9.400000 -0.225718
9.410000 -0.222750
9.420000 -0.219794
9.430000 -0.216851
9.440000 -0.213921
9.450000 -0.211005
9.460000 -0.208104
9.470000 -0.205217
9.480000 -0.202346
9.490000 -0.199491
9.500000 -0.196651
9.510000 -0.193828
9.520000 -0.191022
9.530000 -0.188232
9.540000 -0.185460
9.550000 -0.182706
9.560000 -0.179969
9.570000 -0.177251
9.580000 -0.174551
9.590000 -0.171870
9.600000 -0.169207
9.610000 -0.166564
9.620000 -0.163940
9.630000 -0.161335
9.640000 -0.158750
9.650000 -0.156184
9.660000 -0.153639
9.670000 -0.151113
9.680000 -0.148608
9.690000 -0.146122
9.700000 -0.143657
9.710000 -0.141212
9.720000 -0.138788
9.730000 -0.136384
9.740000 -0.134001
9.750000 -0.131638
9.760000 -0.129296
9.770000 -0.126975
9.780000 -0.124674
9.790000 -0.122394
9.800000 -0.120135
9.810000 -0.117897
9.820000 -0.115680
9.830000 -0.113483
9.840000 -0.111308
9.850000 -0.109153
9.860000 -0.107018
9.870000 -0.104905
9.880000 -0.102813
9.890000 -0.100741
9.900000 -0.098690
9.910000 -0.096660
9.920000 -0.094651
9.930000 -0.092662
9.940000 -0.090695
9.950000 -0.088748
9.960000 -0.086822
9.970000 -0.084916
9.980000 -0.083032
9.990000 -0.081168
10.000000 -0.079325
10.010000 -0.077502
10.020000 -0.075701
10.030000 -0.073920
10.040000 -0.072160
10.050000 -0.070421
10.060000 -0.068703
10.070000 -0.067005
10.080000 -0.065329
10.090000 -0.063673
10.100000 -0.062039
10.110000 -0.060426
10.120000 -0.058833
10.130000 -0.057262
10.140000 -0.055712
10.150000 -0.054184
10.160000 -0.052677
10.170000 -0.051191
10.180000 -0.049728
10.190000 -0.048285
10.200000 -0.046865
10.210000 -0.045467
10.220000 -0.044091
10.230000 -0.042737
10.240000 -0.041405
10.250000 -0.040096
10.260000 -0.038810
10.270000 -0.037547
10.280000 -0.036306
10.290000 -0.035087
10.300000 -0.033891
10.310000 -0.032718
10.320000 -0.031568
10.330000 -0.030441
10.340000 -0.029338
10.350000 -0.028259
10.360000 -0.027205
10.370000 -0.026176
10.380000 -0.025172
10.390000 -0.024194
10.400000 -0.023242
10.410000 -0.022317
10.420000 -0.021418
10.430000 -0.020546
10.440000 -0.019702
10.450000 -0.018886
10.460000 -0.018099
10.470000 -0.017340
10.480000 -0.016610
10.490000 -0.015910
10.500000 -0.015241
10.510000 -0.014601
10.520000 -0.013993
10.530000 -0.013415
10.540000 -0.012870
10.550000 -0.012356
10.560000 -0.011875
10.570000 -0.011427
10.580000 -0.011012
10.590000 -0.010631
10.600000 -0.010284
10.610000 -0.009972
10.620000 -0.009695
10.630000 -0.009453
10.640000 -0.009247
10.650000 -0.009077
10.660000 -0.008943
10.670000 -0.008847
10.680000 -0.008787
10.690000 -0.008766
10.700000 -0.008782
10.710000 -0.008837
10.720000 -0.008931
10.730000 -0.009063
10.740000 -0.009235
10.750000 -0.009447
10.760000 -0.009698
10.770000 -0.009990
10.780000 -0.010322
10.790000 -0.010696
10.800000 -0.011110
10.810000 -0.011566
10.820000 -0.012063
10.830000 -0.012602
10.840000 -0.013182
10.850000 -0.013805
10.860000 -0.014471
10.870000 -0.015178
10.880000 -0.015929
10.890000 -0.016722
10.900000 -0.017557
10.910000 -0.018436
10.920000 -0.019357
10.930000 -0.020321
10.940000 -0.021328
10.950000 -0.022378
10.960000 -0.023470
10.970000 -0.024605
10.980000 -0.025783
10.990000 -0.027004
11.000000 -0.028266
11.010000 -0.029571
11.020000 -0.030918
11.030000 -0.032307
11.040000 -0.033737
11.050000 -0.035208
11.060000 -0.036721
11.070000 -0.038273
11.080000 -0.039867
11.090000 -0.041499
11.100000 -0.043172
11.110000 -0.044883
11.120000 -0.046633
11.130000 -0.048420
11.140000 -0.050245
11.150000 -0.052107
11.160000 -0.054006
11.170000 -0.055940
11.180000 -0.057908
11.190000 -0.059911
11.200000 -0.061948
11.210000 -0.064017
11.220000 -0.066119
11.230000 -0.068252
11.240000 -0.070415
11.250000 -0.072607
11.260000 -0.074828
11.270000 -0.077077
11.280000 -0.079352
11.290000 -0.081653
11.300000 -0.083979
11.310000 -0.086329
11.320000 -0.088701
11.330000 -0.091094
11.340000 -0.093508
11.350000 -0.095941
11.360000 -0.098392
11.370000 -0.100860
11.380000 -0.103344
11.390000 -0.105842
11.400000 -0.108353
11.410000 -0.110875
11.420000 -0.113408
11.430000 -0.115951
11.440000 -0.118501
11.450000 -0.121057
11.460000 -0.123619
11.470000 -0.126184
11.480000 -0.128752
11.490000 -0.131320
11.500000 -0.133887
11.510000 -0.136452
11.520000 -0.139014
11.530000 -0.141570
11.540000 -0.144120
11.550000 -0.146662
11.560000 -0.149194
11.570000 -0.151715
11.580000 -0.154223
11.590000 -0.156717
11.600000 -0.159195
11.610000 -0.161656
11.620000 -0.164099
11.630000 -0.166521
11.640000 -0.168921
11.650000 -0.171297
11.660000 -0.173649
11.670000 -0.175975
11.680000 -0.178272
11.690000 -0.180540
11.700000 -0.182778
11.710000 -0.184983
11.720000 -0.187154
11.730000 -0.189290
11.740000 -0.191389
11.750000 -0.193451
11.760000 -0.195473
11.770000 -0.197454
11.780000 -0.199393
11.790000 -0.201288
11.800000 -0.203139
11.810000 -0.204944
11.820000 -0.206701
11.830000 -0.208410
11.840000 -0.210069
11.850000 -0.211678
11.860000 -0.213234
11.870000 -0.214738
11.880000 -0.216187
11.890000 -0.217581
11.900000 -0.218919
11.910000 -0.220200
11.920000 -0.221422
11.930000 -0.222586
11.940000 -0.223690
11.950000 -0.224734
11.960000 -0.225716
11.970000 -0.226636
11.980000 -0.227493
11.990000 -0.228287
12.000000 -0.229018
12.010000 -0.229683
12.020000 -0.230284
12.030000 -0.230819
12.040000 -0.231289
12.050000 -0.231692
12.060000 -0.232028
12.070000 -0.232298
12.080000 -0.232501
12.090000 -0.232637
12.100000 -0.232706
12.110000 -0.232707
12.120000 -0.232641
12.130000 -0.232508
12.140000 -0.232307
12.150000 -0.232039
12.160000 -0.231704
12.170000 -0.231303
12.180000 -0.230835
12.190000 -0.230301
12.200000 -0.229701
12.210000 -0.229035
12.220000 -0.228305
12.230000 -0.227511
12.240000 -0.226652
12.250000 -0.225731
12.260000 -0.224746
12.270000 -0.223700
12.280000 -0.222593
12.290000 -0.221425
12.300000 -0.220198
12.310000 -0.218912
12.320000 -0.217569
12.330000 -0.216168
12.340000 -0.214712
12.350000 -0.213200
12.360000 -0.211635
12.369999 -0.210017
12.379999 -0.208348
12.389999 -0.206628
12.399999 -0.204859
12.409999 -0.203042
12.419999 -0.201179
12.429999 -0.199269
12.439999 -0.197316
12.449999 -0.195320
12.459999 -0.193282
12.469999 -0.191205
12.479999 -0.189089
12.489999 -0.186935
12.499999 -0.184746
12.509999 -0.182522
12.519999 -0.180266
12.529999 -0.177979
12.539999 -0.175661
12.549999 -0.173316
12.559999 -0.170943
12.569999 -0.168546
12.579999 -0.166125
12.589999 -0.163682
12.599999 -0.161218
12.609999 -0.158736
12.619999 -0.156236
12.629999 -0.153720
12.639999 -0.151191
12.649999 -0.148648
12.659999 -0.146095
12.669999 -0.143532
12.679999 -0.140961
12.689999 -0.138384
12.699999 -0.135802
12.709999 -0.133217
12.719999 -0.130630
12.729999 -0.128042
12.739999 -0.125456
12.749999 -0.122872
12.759999 -0.120293
12.769999 -0.117719
12.779999 -0.115152
12.789999 -0.112593
12.799999 -0.110044
12.809999 -0.107506
12.819999 -0.104981
12.829999 -0.102469
12.839999 -0.099972
12.849999 -0.097492
12.859999 -0.095028
12.869999 -0.092584
12.879999 -0.090159
12.889999 -0.087755
12.899999 -0.085373
12.909999 -0.083014
12.919999 -0.080679
12.929999 -0.078369
12.939999 -0.076085
12.949999 -0.073828
12.959999 -0.071599
12.969999 -0.069399
12.979999 -0.067228
12.989999 -0.065087
12.999999 -0.062978
13.009999 -0.060900
13.019999 -0.058855
13.029999 -0.056842
13.039999 -0.054863
13.049999 -0.052919
13.059999 -0.051009
13.069999 -0.049134
13.079999 -0.047295
13.089999 -0.045492
13.099999 -0.043725
13.109999 -0.041995
13.119999 -0.040302
13.129999 -0.038647
13.139999 -0.037029
13.149999 -0.035448
13.159999 -0.033905
13.169999 -0.032400
13.179999 -0.030933
13.189999 -0.029505
13.199999 -0.028114
13.209999 -0.026761
13.219999 -0.025446
13.229999 -0.024169
13.239999 -0.022929
13.249999 -0.021727
13.259999 -0.020563
13.269999 -0.019435
13.279999 -0.018345
13.289999 -0.017290
13.299999 -0.016273
13.309999 -0.015291
13.319999 -0.014344
13.329999 -0.013433
13.339999 -0.012556
13.349999 -0.011714
13.359999 -0.010906
13.369999 -0.010130
13.379999 -0.009388
13.389999 -0.008678
13.399999 -0.008000
13.409999 -0.007353
13.419999 -0.006737
13.429999 -0.006150
13.439999 -0.005593
13.449999 -0.005065
13.459999 -0.004565
13.469999 -0.004092
13.479999 -0.003646
13.489999 -0.003226
13.499999 -0.002832
13.509999 -0.002462
13.519999 -0.002116
13.529999 -0.001794
13.539999 -0.001494
13.549999 -0.001216
13.559999 -0.000960
13.569999 -0.000723
13.579999 -0.000506
13.589999 -0.000308
13.599999 -0.000129
13.609999 0.000034
13.619999 0.000179
13.629999 0.000309
13.639999 0.000424
13.649999 0.000524
13.659999 0.000610
13.669999 0.000683
13.679999 0.000744
13.689999 0.000794
13.699999 0.000832
13.709999 0.000860
13.719999 0.000879
13.729999 0.000889
13.739999 0.000891
13.749999 0.000885
13.759999 0.000873
13.769999 0.000854
13.779999 0.000830
13.789999 0.000801
13.799999 0.000768
13.809999 0.000731
13.819999 0.000691
13.829999 0.000648
13.839999 0.000603
13.849999 0.000557
13.859999 0.000510
13.869999 0.000462
13.879999 0.000415
13.889999 0.000368
13.899999 0.000322
13.909999 0.000277
13.919999 0.000235
13.929999 0.000195
13.939999 0.000157
13.949999 0.000123
13.959999 0.000092
13.969999 0.000065
13.979999 0.000043
13.989999 0.000024
13.999999 0.000011
14.009999 0.000003
14.019999 0.000000
14.029999 0.000000
14.039999 0.000000
14.049999 0.000000
14.059999 0.000001
14.069999 0.000001
14.079999 0.000002
14.089999 0.000003
14.099999 0.000004
14.109999 0.000006
14.119999 0.000007
14.129999 0.000008
14.139999 0.000010
14.149999 0.000012
14.159999 0.000013
14.169999 0.000015
14.179999 0.000017
14.189999 0.000019
14.199999 0.000021
14.209999 0.000023
14.219999 0.000025
14.229999 0.000027
14.239999 0.000029
14.249999 0.000032
14.259999 0.000034
14.269999 0.000036
14.279999 0.000038
14.289999 0.000040
14.299999 0.000042
14.309999 0.000045
14.319999 0.000047
14.329999 0.000049
14.339999 0.000051
14.349999 0.000053
14.359999 0.000055
14.369999 0.000057
14.379999 0.000059
14.389999 0.000061
14.399999 0.000062
14.409999 0.000064
14.419999 0.000066
14.429999 0.000068
14.439999 0.000069
14.449999 0.000071
14.459999 0.000072
14.469999 0.000074
14.479999 0.000075
14.489999 0.000077
14.499999 0.000078
14.509999 0.000079
14.519999 0.000080
14.529999 0.000082
14.539999 0.000083
14.549999 0.000084
14.559999 0.000085
14.569999 0.000086
14.579999 0.000087
14.589999 0.000088
14.599999 0.000089
14.609999 0.000090
14.619999 0.000091
14.629999 0.000092
14.639999 0.000093
14.649999 0.000095
14.659999 0.000096
14.669999 0.000097
14.679999 0.000098
14.689999 0.000099
14.699999 0.000101
14.709999 0.000102
14.719999 0.000104
14.729999 0.000105
14.739999 0.000107
14.749999 0.000109
14.759999 0.000111
14.769999 0.000113
14.779999 0.000115
14.789999 0.000117
14.799999 0.000120
14.809999 0.000123
14.819999 0.000126
14.829999 0.000129
14.839999 0.000132
14.849999 0.000136
14.859999 0.000140
14.869999 0.000144
14.879999 0.000148
14.889999 0.000153
14.899999 0.000158
14.909999 0.000163
14.919999 0.000168
14.929999 0.000174
14.939999 0.000181
14.949999 0.000187
14.959999 0.000194
14.969999 0.000202
14.979999 0.000209
14.989999 0.000218
14.999999 0.000226
