-10.000000 -0.016985
-9.990000 -0.017010
-9.980000 -0.017036
-9.970000 -0.017062
-9.960000 -0.017088
-9.950000 -0.017113
-9.940000 -0.017139
-9.930000 -0.017165
-9.920000 -0.017190
-9.910000 -0.017216
-9.900000 -0.017242
-9.890000 -0.017267
-9.880000 -0.017293
-9.870000 -0.017319
-9.860000 -0.017344
-9.850000 -0.017370
-9.840000 -0.017396
-9.830000 -0.017421
-9.820000 -0.017447
-9.810000 -0.017473
-9.800000 -0.017498
-9.790000 -0.017524
-9.780000 -0.017550
-9.770000 -0.017575
-9.760000 -0.017601
-9.750000 -0.017627
-9.740000 -0.017652
-9.730000 -0.017678
-9.720000 -0.017704
-9.710000 -0.017729
-9.700000 -0.017755
-9.690000 -0.017781
-9.680000 -0.017806
-9.670000 -0.017832
-9.660000 -0.017858
-9.650000 -0.017883
-9.640000 -0.017909
-9.630000 -0.017935
-9.620000 -0.017960
-9.610000 -0.017986
-9.600000 -0.018012
-9.590000 -0.018037
-9.580000 -0.018063
-9.570000 -0.018088
-9.560000 -0.018114
-9.550000 -0.018140
-9.540000 -0.018165
-9.530000 -0.018191
-9.520000 -0.018216
-9.510000 -0.018241
-9.500000 -0.018267
-9.490000 -0.018292
-9.480000 -0.018318
-9.470000 -0.018343
-9.460000 -0.018368
-9.450000 -0.018393
-9.440000 -0.018418
-9.430000 -0.018444
-9.420000 -0.018469
-9.410000 -0.018494
-9.400000 -0.018519
-9.390000 -0.018543
-9.380000 -0.018568
-9.370000 -0.018593
-9.360000 -0.018617
-9.350000 -0.018642
-9.340000 -0.018666
-9.330000 -0.018691
-9.320000 -0.018715
-9.310000 -0.018739
-9.300000 -0.018763
-9.290000 -0.018787
-9.280000 -0.018811
-9.270000 -0.018835
-9.260000 -0.018858
-9.250000 -0.018882
-9.240000 -0.018905
-9.230000 -0.018928
-9.220000 -0.018951
-9.210000 -0.018974
-9.200000 -0.018996
-9.190000 -0.019019
-9.180000 -0.019041
-9.170000 -0.019063
-9.160000 -0.019085
-9.150000 -0.019107
-9.140000 -0.019129
-9.130000 -0.019150
-9.120000 -0.019171
-9.110000 -0.019192
-9.100000 -0.019213
-9.090000 -0.019233
-9.080000 -0.019253
-9.070000 -0.019273
-9.060000 -0.019293
-9.050000 -0.019312
-9.040000 -0.019331
-9.030000 -0.019350
-9.020000 -0.019369
-9.010000 -0.019387
-9.000000 -0.019405
-8.990000 -0.019422
-8.980000 -0.019439
-8.970000 -0.019456
-8.960000 -0.019473
-8.950000 -0.019489
-8.940000 -0.019504
-8.930000 -0.019519
-8.920000 -0.019534
-8.910000 -0.019548
-8.900000 -0.019562
-8.890000 -0.019576
-8.880000 -0.019588
-8.870000 -0.019601
-8.860000 -0.019612
-8.850000 -0.019623
-8.840000 -0.019634
-8.830000 -0.019644
-8.820000 -0.019653
-8.810000 -0.019661
-8.800000 -0.019669
-8.790000 -0.019676
-8.780000 -0.019682
-8.770000 -0.019688
-8.760000 -0.019692
-8.750000 -0.019696
-8.740000 -0.019699
-8.730000 -0.019700
-8.720000 -0.019701
-8.710000 -0.019701
-8.700000 -0.019699
-8.690000 -0.019697
-8.680000 -0.019693
-8.670000 -0.019688
-8.660000 -0.019682
-8.650000 -0.019674
-8.640000 -0.019665
-8.630000 -0.019654
-8.620000 -0.019642
-8.610000 -0.019628
-8.600000 -0.019613
-8.590000 -0.019596
-8.580000 -0.019577
-8.570000 -0.019556
-8.560000 -0.019533
-8.550000 -0.019508
-8.540000 -0.019481
-8.530000 -0.019452
-8.520000 -0.019420
-8.510000 -0.019386
-8.500000 -0.019349
-8.490000 -0.019310
-8.480000 -0.019268
-8.470000 -0.019224
-8.460000 -0.019176
-8.450000 -0.019126
-8.440000 -0.019072
-8.430000 -0.019015
-8.420000 -0.018954
-8.410000 -0.018891
-8.400000 -0.018823
-8.390000 -0.018752
-8.380000 -0.018676
-8.370000 -0.018597
-8.360000 -0.018514
-8.350000 -0.018426
-8.340000 -0.018333
-8.330000 -0.018236
-8.320000 -0.018134
-8.310000 -0.018028
-8.300000 -0.017916
-8.290000 -0.017798
-8.280000 -0.017676
-8.270000 -0.017547
-8.260000 -0.017413
-8.250000 -0.017273
-8.240000 -0.017126
-8.230000 -0.016973
-8.220000 -0.016813
-8.210000 -0.016647
-8.200000 -0.016473
-8.190000 -0.016292
-8.180000 -0.016104
-8.170000 -0.015908
-8.160000 -0.015704
-8.150000 -0.015492
-8.140000 -0.015271
-8.130000 -0.015042
-8.120000 -0.014804
-8.110000 -0.014556
-8.100000 -0.014300
-8.090000 -0.014033
-8.080000 -0.013757
-8.070000 -0.013470
-8.060000 -0.013173
-8.050000 -0.012865
-8.040000 -0.012546
-8.030000 -0.012216
-8.020000 -0.011874
-8.010000 -0.011519
-8.000000 -0.011153
-7.990000 -0.010774
-7.980000 -0.010382
-7.970000 -0.009977
-7.960000 -0.009559
-7.950000 -0.009126
-7.940000 -0.008679
-7.930000 -0.008218
-7.920000 -0.007742
-7.910000 -0.007250
-7.900000 -0.006743
-7.890000 -0.006220
-7.880000 -0.005680
-7.870000 -0.005124
-7.860000 -0.004550
-7.850000 -0.003959
-7.840000 -0.003350
-7.830000 -0.002723
-7.820000 -0.002077
-7.810000 -0.001412
-7.800000 -0.000727
-7.790000 -0.000023
-7.780000 0.000702
-7.770000 0.001448
-7.760000 0.002215
-7.750000 0.003004
-7.740000 0.003814
-7.730000 0.004648
-7.720000 0.005504
-7.710000 0.006384
-7.700000 0.007288
-7.690000 0.008216
-7.680000 0.009168
-7.670000 0.010147
-7.660000 0.011151
-7.650000 0.012181
-7.640000 0.013238
-7.630000 0.014322
-7.620000 0.015434
-7.610000 0.016574
-7.600000 0.017743
-7.590000 0.018941
-7.580000 0.020169
-7.570000 0.021427
-7.560000 0.022716
-7.550000 0.024036
-7.540000 0.025387
-7.530000 0.026771
-7.520000 0.028188
-7.510000 0.029637
-7.500000 0.031121
-7.490000 0.032639
-7.480000 0.034192
-7.470000 0.035779
-7.460000 0.037403
-7.450000 0.039063
-7.440000 0.040760
-7.430000 0.042494
-7.420000 0.044266
-7.410000 0.046077
-7.400000 0.047926
-7.390000 0.049814
-7.380000 0.051743
-7.370000 0.053711
-7.360000 0.055721
-7.350000 0.057771
-7.340000 0.059864
-7.330000 0.061998
-7.320000 0.064175
-7.310000 0.066396
-7.300000 0.068659
-7.290000 0.070967
-7.280000 0.073319
-7.270000 0.075716
-7.260000 0.078158
-7.250000 0.080646
-7.240000 0.083179
-7.230000 0.085759
-7.220000 0.088386
-7.210000 0.091059
-7.200000 0.093780
-7.190000 0.096549
-7.180000 0.099366
-7.170000 0.102231
-7.160000 0.105144
-7.150000 0.108106
-7.140000 0.111117
-7.130000 0.114177
-7.120000 0.117287
-7.110000 0.120446
-7.100000 0.123655
-7.090000 0.126914
-7.080000 0.130223
-7.070000 0.133582
-7.060000 0.136991
-7.050000 0.140449
-7.040000 0.143959
-7.030000 0.147518
-7.020000 0.151127
-7.010000 0.154786
-7.000000 0.158495
-6.990000 0.162254
-6.980000 0.166063
-6.970000 0.169920
-6.960000 0.173828
-6.950000 0.177784
-6.940000 0.181788
-6.930000 0.185841
-6.920000 0.189942
-6.910000 0.194091
-6.900000 0.198286
-6.890000 0.202529
-6.880000 0.206817
-6.870000 0.211152
-6.860000 0.215531
-6.850000 0.219955
-6.840000 0.224423
-6.830000 0.228934
-6.820000 0.233488
-6.810000 0.238083
-6.800000 0.242719
-6.790000 0.247395
-6.780000 0.252111
-6.770000 0.256864
-6.760000 0.261655
-6.750000 0.266483
-6.740000 0.271345
-6.730000 0.276242
-6.720000 0.281171
-6.710000 0.286133
-6.700000 0.291125
-6.690000 0.296146
-6.680000 0.301195
-6.670000 0.306271
-6.660000 0.311373
-6.650000 0.316498
-6.640000 0.321645
-6.630000 0.326813
-6.620000 0.332001
-6.610000 0.337206
-6.600000 0.342427
-6.590000 0.347662
-6.580000 0.352910
-6.570000 0.358168
-6.560000 0.363436
-6.550000 0.368710
-6.540000 0.373990
-6.530000 0.379273
-6.520000 0.384557
-6.510000 0.389840
-6.500000 0.395120
-6.490000 0.400396
-6.480000 0.405664
-6.470000 0.410923
-6.460000 0.416170
-6.450000 0.421403
-6.440000 0.426621
-6.430000 0.431820
-6.420000 0.436998
-6.410000 0.442154
-6.400000 0.447283
-6.390000 0.452385
-6.380000 0.457457
-6.370000 0.462495
-6.360000 0.467498
-6.350000 0.472464
-6.340000 0.477388
-6.330000 0.482270
-6.320000 0.487106
-6.310000 0.491893
-6.300000 0.496630
-6.290000 0.501313
-6.280000 0.505940
-6.270000 0.510508
-6.260000 0.515014
-6.250000 0.519456
-6.240000 0.523830
-6.230000 0.528135
-6.220000 0.532368
-6.210000 0.536525
-6.200000 0.540605
-6.190000 0.544603
-6.180000 0.548519
-6.170000 0.552348
-6.160000 0.556089
-6.150000 0.559738
-6.140000 0.563293
-6.130000 0.566751
-6.120000 0.570109
-6.110000 0.573366
-6.100000 0.576517
-6.090000 0.579562
-6.080000 0.582496
-6.070000 0.585318
-6.060000 0.588024
-6.050000 0.590614
-6.040000 0.593083
-6.030000 0.595429
-6.020000 0.597651
-6.010000 0.599745
-6.000000 0.601710
-5.990000 0.603543
-5.980000 0.605241
-5.970000 0.606804
-5.960000 0.608227
-5.950000 0.609510
-5.940000 0.610650
-5.930000 0.611646
-5.920000 0.612494
-5.910000 0.613194
-5.900000 0.613744
-5.890000 0.614141
-5.880000 0.614384
-5.870000 0.614471
-5.860000 0.614401
-5.850000 0.614171
-5.840000 0.613782
-5.830000 0.613230
-5.820000 0.612516
-5.810000 0.611636
-5.800000 0.610592
-5.790000 0.609380
-5.780000 0.608000
-5.770000 0.606452
-5.760000 0.604734
-5.750000 0.602845
-5.740000 0.600785
-5.730000 0.598552
-5.720000 0.596147
-5.710000 0.593569
-5.700000 0.590818
-5.690000 0.587893
-5.680000 0.584793
-5.670000 0.581519
-5.660000 0.578071
-5.650000 0.574449
-5.640000 0.570652
-5.630000 0.566681
-5.620000 0.562536
-5.610000 0.558218
-5.600000 0.553727
-5.590000 0.549064
-5.580000 0.544229
-5.570000 0.539222
-5.560000 0.534046
-5.550000 0.528700
-5.540000 0.523185
-5.530000 0.517504
-5.520000 0.511656
-5.510000 0.505644
-5.500000 0.499468
-5.490000 0.493129
-5.480000 0.486631
-5.470000 0.479973
-5.460000 0.473159
-5.450000 0.466188
-5.440000 0.459065
-5.430000 0.451789
-5.420000 0.444364
-5.410000 0.436792
-5.400000 0.429074
-5.390000 0.421214
-5.380000 0.413213
-5.370000 0.405073
-5.360000 0.396799
-5.350000 0.388391
-5.340000 0.379852
-5.330000 0.371186
-5.320000 0.362395
-5.310000 0.353483
-5.300000 0.344451
-5.290000 0.335303
-5.280000 0.326043
-5.270000 0.316672
-5.260000 0.307195
-5.250000 0.297615
-5.240000 0.287934
-5.230000 0.278157
-5.220000 0.268287
-5.210000 0.258327
-5.200000 0.248281
-5.190000 0.238152
-5.180000 0.227945
-5.170000 0.217661
-5.160000 0.207306
-5.150000 0.196884
-5.140000 0.186397
-5.130000 0.175849
-5.120000 0.165245
-5.110000 0.154589
-5.100000 0.143883
-5.090000 0.133133
-5.080000 0.122341
-5.070000 0.111513
-5.060000 0.100652
-5.050000 0.089761
-5.040000 0.078846
-5.030000 0.067909
-5.020000 0.056956
-5.010000 0.045989
-5.000000 0.035014
-4.990000 0.024033
-4.980000 0.013051
-4.970000 0.002073
-4.960000 -0.008899
-4.950000 -0.019859
-4.940000 -0.030805
-4.930000 -0.041731
-4.920000 -0.052635
-4.910000 -0.063512
-4.900000 -0.074358
-4.890000 -0.085170
-4.880000 -0.095943
-4.870000 -0.106674
-4.860000 -0.117359
-4.850000 -0.127994
-4.840000 -0.138575
-4.830000 -0.149100
-4.820000 -0.159563
-4.810000 -0.169962
-4.800000 -0.180293
-4.790000 -0.190552
-4.780000 -0.200737
-4.770000 -0.210843
-4.760000 -0.220867
-4.750000 -0.230806
-4.740000 -0.240657
-4.730000 -0.250416
-4.720000 -0.260080
-4.710000 -0.269647
-4.700000 -0.279113
-4.690000 -0.288475
-4.680000 -0.297731
-4.670000 -0.306877
-4.660000 -0.315911
-4.650000 -0.324829
-4.640000 -0.333631
-4.630000 -0.342312
-4.620000 -0.350871
-4.610000 -0.359305
-4.600000 -0.367611
-4.590000 -0.375788
-4.580000 -0.383833
-4.570000 -0.391745
-4.560000 -0.399520
-4.550000 -0.407158
-4.540000 -0.414656
-4.530000 -0.422012
-4.520000 -0.429226
-4.510000 -0.436295
-4.500000 -0.443217
-4.490000 -0.449991
-4.480000 -0.456617
-4.470000 -0.463092
-4.460000 -0.469415
-4.450000 -0.475585
-4.440000 -0.481601
-4.430000 -0.487463
-4.420000 -0.493169
-4.410000 -0.498718
-4.400000 -0.504110
-4.390000 -0.509344
-4.380000 -0.514419
-4.370000 -0.519335
-4.360000 -0.524092
-4.350000 -0.528690
-4.340000 -0.533127
-4.330000 -0.537404
-4.320000 -0.541521
-4.310000 -0.545478
-4.300000 -0.549274
-4.290000 -0.552910
-4.280000 -0.556387
-4.270000 -0.559704
-4.260000 -0.562862
-4.250000 -0.565861
-4.240000 -0.568702
-4.230000 -0.571385
-4.220000 -0.573911
-4.210000 -0.576281
-4.200000 -0.578496
-4.190000 -0.580555
-4.180000 -0.582461
-4.170000 -0.584215
-4.160000 -0.585816
-4.150000 -0.587267
-4.140000 -0.588568
-4.130000 -0.589721
-4.120000 -0.590728
-4.110000 -0.591588
-4.100000 -0.592304
-4.090000 -0.592878
-4.080000 -0.593310
-4.070000 -0.593602
-4.060000 -0.593756
-4.050000 -0.593773
-4.040000 -0.593656
-4.030000 -0.593405
-4.020000 -0.593023
-4.010000 -0.592511
-4.000000 -0.591872
-3.990000 -0.591106
-3.980000 -0.590217
-3.970000 -0.589206
-3.960000 -0.588074
-3.950000 -0.586825
-3.940000 -0.585459
-3.930000 -0.583980
-3.920000 -0.582388
-3.910000 -0.580688
-3.900000 -0.578879
-3.890000 -0.576965
-3.880000 -0.574948
-3.870000 -0.572830
-3.860000 -0.570613
-3.850000 -0.568299
-3.840000 -0.565892
-3.830000 -0.563392
-3.820000 -0.560802
-3.810000 -0.558125
-3.800000 -0.555363
-3.790000 -0.552518
-3.780000 -0.549592
-3.770000 -0.546588
-3.760000 -0.543508
-3.750000 -0.540354
-3.740000 -0.537129
-3.730000 -0.533834
-3.720000 -0.530473
-3.710000 -0.527048
-3.700000 -0.523560
-3.690000 -0.520012
-3.680000 -0.516407
-3.670000 -0.512746
-3.660000 -0.509032
-3.650000 -0.505267
-3.640000 -0.501453
-3.630000 -0.497593
-3.620000 -0.493689
-3.610000 -0.489742
-3.600000 -0.485756
-3.590000 -0.481732
-3.580000 -0.477672
-3.570000 -0.473578
-3.560000 -0.469454
-3.550000 -0.465299
-3.540000 -0.461117
-3.530000 -0.456910
-3.520000 -0.452680
-3.510000 -0.448428
-3.500000 -0.444156
-3.490000 -0.439867
-3.480000 -0.435563
-3.470000 -0.431244
-3.460000 -0.426914
-3.450000 -0.422573
-3.440000 -0.418224
-3.430000 -0.413868
-3.420000 -0.409508
-3.410000 -0.405144
-3.400000 -0.400778
-3.390000 -0.396413
-3.380000 -0.392049
-3.370000 -0.387688
-3.360000 -0.383332
-3.350000 -0.378982
-3.340000 -0.374640
-3.330000 -0.370306
-3.320000 -0.365984
-3.310000 -0.361673
-3.300000 -0.357375
-3.290000 -0.353091
-3.280000 -0.348824
-3.270000 -0.344573
-3.260000 -0.340341
-3.250000 -0.336128
-3.240000 -0.331935
-3.230000 -0.327764
-3.220000 -0.323615
-3.210000 -0.319490
-3.200000 -0.315390
-3.190000 -0.311316
-3.180000 -0.307268
-3.170000 -0.303248
-3.160000 -0.299256
-3.150000 -0.295293
-3.140000 -0.291361
-3.130000 -0.287459
-3.120000 -0.283589
-3.110000 -0.279751
-3.100000 -0.275947
-3.090000 -0.272176
-3.080000 -0.268439
-3.070000 -0.264738
-3.060000 -0.261072
-3.050000 -0.257442
-3.040000 -0.253849
-3.030000 -0.250294
-3.020000 -0.246776
-3.010000 -0.243296
-3.000000 -0.239855
-2.990000 -0.236453
-2.980000 -0.233090
-2.970000 -0.229768
-2.960000 -0.226485
-2.950000 -0.223243
-2.940000 -0.220042
-2.930000 -0.216882
-2.920000 -0.213764
-2.910000 -0.210687
-2.900000 -0.207652
-2.890000 -0.204659
-2.880000 -0.201709
-2.870000 -0.198801
-2.860000 -0.195936
-2.850000 -0.193113
-2.840000 -0.190334
-2.830000 -0.187598
-2.820000 -0.184905
-2.810000 -0.182256
-2.800000 -0.179650
-2.790000 -0.177088
-2.780000 -0.174569
-2.770000 -0.172094
-2.760000 -0.169663
-2.750000 -0.167276
-2.740000 -0.164933
-2.730000 -0.162634
-2.720000 -0.160379
-2.710000 -0.158168
-2.700000 -0.156001
-2.690000 -0.153878
-2.680000 -0.151799
-2.670000 -0.149764
-2.660000 -0.147774
-2.650000 -0.145828
-2.640000 -0.143926
-2.630000 -0.142068
-2.620000 -0.140255
-2.610000 -0.138486
-2.600000 -0.136761
-2.590000 -0.135080
-2.580000 -0.133444
-2.570000 -0.131852
-2.560000 -0.130305
-2.550000 -0.128802
-2.540000 -0.127344
-2.530000 -0.125930
-2.520000 -0.124561
-2.510000 -0.123237
-2.500000 -0.121958
-2.490000 -0.120723
-2.480000 -0.119533
-2.470000 -0.118389
-2.460000 -0.117289
-2.450000 -0.116235
-2.440000 -0.115227
-2.430000 -0.114264
-2.420000 -0.113347
-2.410000 -0.112475
-2.400000 -0.111650
-2.390000 -0.110871
-2.380000 -0.110139
-2.370000 -0.109453
-2.360000 -0.108814
-2.350000 -0.108222
-2.340000 -0.107678
-2.330000 -0.107182
-2.320000 -0.106734
-2.310000 -0.106333
-2.300000 -0.105982
-2.290000 -0.105680
-2.280000 -0.105426
-2.270000 -0.105223
-2.260000 -0.105070
-2.250000 -0.104967
-2.240000 -0.104915
-2.230000 -0.104915
-2.220000 -0.104966
-2.210000 -0.105070
-2.200000 -0.105227
-2.190000 -0.105437
-2.180000 -0.105701
-2.170000 -0.106019
-2.160000 -0.106392
-2.150000 -0.106821
-2.140000 -0.107307
-2.130000 -0.107849
-2.120000 -0.108449
-2.110000 -0.109107
-2.100000 -0.109824
-2.090000 -0.110600
-2.080000 -0.111437
-2.070000 -0.112335
-2.060000 -0.113295
-2.050000 -0.114318
-2.040000 -0.115405
-2.030000 -0.116556
-2.020000 -0.117772
-2.010000 -0.119055
-2.000000 -0.120404
-1.990000 -0.121822
-1.980000 -0.123309
-1.970000 -0.124866
-1.960000 -0.126494
-1.950000 -0.128194
-1.940000 -0.129968
-1.930000 -0.131815
-1.920000 -0.133738
-1.910000 -0.135737
-1.900000 -0.137814
-1.890000 -0.139970
-1.880000 -0.142206
-1.870000 -0.144522
-1.860000 -0.146922
-1.850000 -0.149405
-1.840000 -0.151972
-1.830000 -0.154626
-1.820000 -0.157368
-1.810000 -0.160198
-1.800000 -0.163119
-1.790000 -0.166132
-1.780000 -0.169237
-1.770000 -0.172437
-1.760000 -0.175732
-1.750000 -0.179125
-1.740000 -0.182617
-1.730000 -0.186209
-1.720000 -0.189903
-1.710000 -0.193700
-1.700000 -0.197602
-1.690000 -0.201611
-1.680000 -0.205727
-1.670000 -0.209954
-1.660000 -0.214291
-1.650000 -0.218741
-1.640000 -0.223306
-1.630000 -0.227986
-1.620000 -0.232785
-1.610000 -0.237702
-1.600000 -0.242741
-1.590000 -0.247903
-1.580000 -0.253189
-1.570000 -0.258601
-1.560000 -0.264141
-1.550000 -0.269810
-1.540000 -0.275611
-1.530000 -0.281544
-1.520000 -0.287612
-1.510000 -0.293817
-1.500000 -0.300159
-1.490000 -0.306641
-1.480000 -0.313265
-1.470000 -0.320032
-1.460000 -0.326943
-1.450000 -0.334001
-1.440000 -0.341207
-1.430000 -0.348562
-1.420000 -0.356069
-1.410000 -0.363729
-1.400000 -0.371544
-1.390000 -0.379514
-1.380000 -0.387643
-1.370000 -0.395930
-1.360000 -0.404378
-1.350000 -0.412989
-1.340000 -0.421763
-1.330000 -0.430702
-1.320000 -0.439807
-1.310000 -0.449081
-1.300000 -0.458523
-1.290000 -0.468135
-1.280000 -0.477920
-1.270000 -0.487877
-1.260000 -0.498007
-1.250000 -0.508313
-1.240000 -0.518794
-1.230000 -0.529453
-1.220000 -0.540289
-1.210000 -0.551304
-1.200000 -0.562499
-1.190000 -0.573873
-1.180000 -0.585428
-1.170000 -0.597165
-1.160000 -0.609084
-1.150000 -0.621185
-1.140000 -0.633469
-1.130000 -0.645935
-1.120000 -0.658585
-1.110000 -0.671418
-1.100000 -0.684435
-1.090000 -0.697634
-1.080000 -0.711017
-1.070000 -0.724582
-1.060000 -0.738330
-1.050000 -0.752259
-1.040000 -0.766370
-1.030000 -0.780661
-1.020000 -0.795133
-1.010000 -0.809783
-1.000000 -0.824611
-0.990000 -0.839616
-0.980000 -0.854796
-0.970000 -0.870150
-0.960000 -0.885677
-0.950000 -0.901375
-0.940000 -0.917241
-0.930000 -0.933275
-0.920000 -0.949474
-0.910000 -0.965836
-0.900000 -0.982359
-0.890000 -0.999040
-0.880000 -1.015877
-0.870000 -1.032866
-0.860000 -1.050005
-0.850000 -1.067291
-0.840000 -1.084720
-0.830000 -1.102290
-0.820000 -1.119997
-0.810000 -1.137837
-0.800000 -1.155806
-0.790000 -1.173900
-0.780000 -1.192116
-0.770000 -1.210448
-0.760000 -1.228893
-0.750000 -1.247446
-0.740000 -1.266102
-0.730000 -1.284855
-0.720000 -1.303702
-0.710000 -1.322636
-0.700000 -1.341653
-0.690000 -1.360747
-0.680000 -1.379911
-0.670000 -1.399140
-0.660000 -1.418429
-0.650000 -1.437770
-0.640000 -1.457157
-0.630000 -1.476584
-0.620000 -1.496044
-0.610000 -1.515530
-0.600000 -1.535035
-0.590000 -1.554552
-0.580000 -1.574074
-0.570000 -1.593593
-0.560000 -1.613101
-0.550000 -1.632591
-0.540000 -1.652055
-0.530000 -1.671484
-0.520000 -1.690871
-0.510000 -1.710207
-0.500000 -1.729483
-0.490000 -1.748692
-0.480000 -1.767824
-0.470000 -1.786870
-0.460000 -1.805822
-0.450000 -1.824670
-0.440000 -1.843405
-0.430000 -1.862018
-0.420000 -1.880499
-0.410000 -1.898840
-0.400000 -1.917030
-0.390000 -1.935059
-0.380000 -1.952918
-0.370000 -1.970597
-0.360000 -1.988086
-0.350000 -2.005376
-0.340000 -2.022455
-0.330000 -2.039314
-0.320000 -2.055943
-0.310000 -2.072331
-0.300000 -2.088469
-0.290000 -2.104345
-0.280000 -2.119950
-0.270000 -2.135274
-0.260000 -2.150305
-0.250000 -2.165034
-0.240000 -2.179450
-0.230000 -2.193543
-0.220000 -2.207302
-0.210000 -2.220718
-0.200000 -2.233779
-0.190000 -2.246476
-0.180000 -2.258799
-0.170000 -2.270737
-0.160000 -2.282280
-0.150000 -2.293418
-0.140000 -2.304142
-0.130000 -2.314440
-0.120000 -2.324305
-0.110000 -2.333725
-0.100000 -2.342691
-0.090000 -2.351193
-0.080000 -2.359223
-0.070000 -2.366771
-0.060000 -2.373828
-0.050000 -2.380385
-0.040000 -2.386433
-0.030000 -2.391963
-0.020000 -2.396967
-0.010000 -2.401437
0.000000 -2.405364
0.010000 -2.408740
0.020000 -2.411558
0.030000 -2.413810
0.040000 -2.415488
0.050000 -2.416586
0.060000 -2.417097
0.070000 -2.417013
0.080000 -2.416328
0.090000 -2.415036
0.100000 -2.413131
0.110000 -2.410608
0.120000 -2.407460
0.130000 -2.403682
0.140000 -2.399270
0.150000 -2.394219
0.160000 -2.388525
0.170000 -2.382183
0.180000 -2.375189
0.190000 -2.367541
0.200000 -2.359234
0.210000 -2.350267
0.220000 -2.340635
0.230000 -2.330338
0.240000 -2.319373
0.250000 -2.307738
0.260000 -2.295433
0.270000 -2.282456
0.280000 -2.268807
0.290000 -2.254485
0.300000 -2.239490
0.310000 -2.223824
0.320000 -2.207486
0.330000 -2.190477
0.340000 -2.172800
0.350000 -2.154455
0.360000 -2.135446
0.370000 -2.115774
0.380000 -2.095443
0.390000 -2.074455
0.400000 -2.052814
0.410000 -2.030525
0.420000 -2.007591
0.430000 -1.984017
0.440000 -1.959808
0.450000 -1.934969
0.460000 -1.909506
0.470000 -1.883425
0.480000 -1.856733
0.490000 -1.829435
0.500000 -1.801540
0.510000 -1.773055
0.520000 -1.743986
0.530000 -1.714343
0.540000 -1.684134
0.550000 -1.653367
0.560000 -1.622052
0.570000 -1.590197
0.580000 -1.557813
0.590000 -1.524910
0.600000 -1.491497
0.610000 -1.457585
0.620000 -1.423186
0.630000 -1.388309
0.640000 -1.352968
0.650000 -1.317173
0.660000 -1.280936
0.670000 -1.244270
0.680000 -1.207186
0.690000 -1.169699
0.700000 -1.131820
0.710000 -1.093562
0.720000 -1.054940
0.730000 -1.015967
0.740000 -0.976656
0.750000 -0.937022
0.760000 -0.897078
0.770000 -0.856840
0.780000 -0.816321
0.790000 -0.775537
0.800000 -0.734502
0.810000 -0.693231
0.820000 -0.651740
0.830000 -0.610043
0.840000 -0.568156
0.850000 -0.526095
0.860000 -0.483874
0.870000 -0.441511
0.880000 -0.399020
0.890000 -0.356417
0.900000 -0.313718
0.910000 -0.270939
0.920000 -0.228097
0.930000 -0.185206
0.940000 -0.142284
0.950000 -0.099346
0.960000 -0.056407
0.970000 -0.013485
0.980000 0.029405
0.990000 0.072247
1.000000 0.115026
1.010000 0.157724
1.020000 0.200327
1.030000 0.242818
1.040000 0.285183
1.050000 0.327405
1.060000 0.369469
1.070000 0.411359
1.080000 0.453061
1.090000 0.494560
1.100000 0.535839
1.110000 0.576885
1.120000 0.617682
1.130000 0.658217
1.140000 0.698475
1.150000 0.738441
1.160000 0.778102
1.170000 0.817443
1.180000 0.856452
1.190000 0.895114
1.200000 0.933418
1.210000 0.971348
1.220000 1.008894
1.230000 1.046042
1.240000 1.082780
1.250000 1.119097
1.260000 1.154979
1.270000 1.190417
1.280000 1.225398
1.290000 1.259912
1.300000 1.293948
1.310000 1.327496
1.320000 1.360545
1.330000 1.393085
1.340000 1.425108
1.350000 1.456604
1.360000 1.487564
1.370000 1.517979
1.380000 1.547841
1.390000 1.577143
1.400000 1.605876
1.410000 1.634033
1.420000 1.661607
1.430000 1.688591
1.440000 1.714980
1.450000 1.740766
1.460000 1.765945
1.470000 1.790510
1.480000 1.814458
1.490000 1.837782
1.500000 1.860479
1.510000 1.882545
1.520000 1.903975
1.530000 1.924767
1.540000 1.944917
1.550000 1.964423
1.560000 1.983282
1.570000 2.001492
1.580000 2.019052
1.590000 2.035959
1.600000 2.052214
1.610000 2.067814
1.620000 2.082760
1.630000 2.097051
1.640000 2.110688
1.650000 2.123670
1.660000 2.136000
1.670000 2.147677
1.680000 2.158703
1.690000 2.169081
1.700000 2.178811
1.710000 2.187896
1.720000 2.196339
1.730000 2.204142
1.740000 2.211308
1.750000 2.217842
1.760000 2.223746
1.770000 2.229024
1.780000 2.233681
1.790000 2.237720
1.800000 2.241147
1.810000 2.243966
1.820000 2.246183
1.830000 2.247803
1.840000 2.248830
1.850000 2.249272
1.860000 2.249135
1.870000 2.248423
1.880000 2.247144
1.890000 2.245304
1.900000 2.242911
1.910000 2.239970
1.920000 2.236489
1.930000 2.232476
1.940000 2.227938
1.950000 2.222882
1.960000 2.217316
1.970000 2.211248
1.980000 2.204687
1.990000 2.197640
2.000000 2.190115
2.010000 2.182122
2.020000 2.173668
2.030000 2.164762
2.040000 2.155413
2.050000 2.145630
2.060000 2.135421
2.070000 2.124796
2.080000 2.113763
2.090000 2.102333
2.100000 2.090513
2.110000 2.078314
2.120000 2.065743
2.130000 2.052812
2.140000 2.039529
2.150000 2.025903
2.160000 2.011945
2.170000 1.997663
2.180000 1.983066
2.190000 1.968165
2.200000 1.952969
2.210000 1.937487
2.220000 1.921728
2.230000 1.905703
2.240000 1.889420
2.250000 1.872890
2.260000 1.856120
2.270000 1.839122
2.280000 1.821903
2.290000 1.804473
2.300000 1.786842
2.310000 1.769018
2.320000 1.751011
2.330000 1.732830
2.340000 1.714484
2.350000 1.695981
2.360000 1.677330
2.370000 1.658541
2.380000 1.639621
2.390000 1.620580
2.400000 1.601426
2.410000 1.582167
2.420000 1.562812
2.430000 1.543369
2.440000 1.523846
2.450000 1.504251
2.460000 1.484592
2.470000 1.464877
2.480000 1.445113
2.490000 1.425309
2.500000 1.405471
2.510000 1.385607
2.520000 1.365724
2.530000 1.345829
2.540000 1.325930
2.550000 1.306033
2.560000 1.286145
2.570000 1.266273
2.580000 1.246423
2.590000 1.226601
2.600000 1.206813
2.610000 1.187067
2.620000 1.167367
2.630000 1.147720
2.640000 1.128131
2.650000 1.108606
2.660000 1.089150
2.670000 1.069768
2.680000 1.050466
2.690000 1.031249
2.700000 1.012121
2.710000 0.993088
2.720000 0.974153
2.730000 0.955322
2.740000 0.936598
2.750000 0.917986
2.760000 0.899490
2.770000 0.881114
2.780000 0.862861
2.790000 0.844736
2.800000 0.826741
2.810000 0.808880
2.820000 0.791156
2.830000 0.773572
2.840000 0.756132
2.850000 0.738838
2.860000 0.721693
2.870000 0.704699
2.880000 0.687858
2.890000 0.671174
2.900000 0.654648
2.910000 0.638282
2.920000 0.622078
2.930000 0.606039
2.940000 0.590165
2.950000 0.574458
2.960000 0.558920
2.970000 0.543551
2.980000 0.528354
2.990000 0.513330
3.000000 0.498478
3.010000 0.483801
3.020000 0.469298
3.030000 0.454971
3.040000 0.440820
3.050000 0.426845
3.060000 0.413047
3.070000 0.399427
3.080000 0.385983
3.090000 0.372716
3.100000 0.359627
3.110000 0.346715
3.120000 0.333979
3.130000 0.321420
3.140000 0.309037
3.150000 0.296829
3.160000 0.284796
3.170000 0.272938
3.180000 0.261252
3.190000 0.249740
3.200000 0.238399
3.210000 0.227229
3.220000 0.216229
3.230000 0.205397
3.240000 0.194733
3.250000 0.184235
3.260000 0.173902
3.270000 0.163733
3.280000 0.153725
3.290000 0.143879
3.300000 0.134191
3.310000 0.124661
3.320000 0.115287
3.330000 0.106067
3.340000 0.096999
3.350000 0.088082
3.360000 0.079315
3.370000 0.070694
3.380000 0.062218
3.390000 0.053886
3.400000 0.045695
3.410000 0.037643
3.420000 0.029729
3.430000 0.021950
3.440000 0.014304
3.450000 0.006790
3.460000 -0.000596
3.470000 -0.007854
3.480000 -0.014988
3.490000 -0.021998
3.500000 -0.028889
3.510000 -0.035661
3.520000 -0.042317
3.530000 -0.048859
3.540000 -0.055289
3.550000 -0.061609
3.560000 -0.067822
3.570000 -0.073930
3.580000 -0.079935
3.590000 -0.085839
3.600000 -0.091645
3.610000 -0.097354
3.620000 -0.102969
3.630000 -0.108491
3.640000 -0.113924
3.650000 -0.119269
3.660000 -0.124529
3.670000 -0.129704
3.680000 -0.134799
3.690000 -0.139814
3.700000 -0.144752
3.710000 -0.149615
3.720000 -0.154404
3.730000 -0.159123
3.740000 -0.163772
3.750000 -0.168354
3.760000 -0.172871
3.770000 -0.177324
3.780000 -0.181716
3.790000 -0.186049
3.800000 -0.190323
3.810000 -0.194542
3.820000 -0.198706
3.830000 -0.202818
3.840000 -0.206880
3.850000 -0.210892
3.860000 -0.214857
3.870000 -0.218777
3.880000 -0.222652
3.890000 -0.226485
3.900000 -0.230277
3.910000 -0.234029
3.920000 -0.237744
3.930000 -0.241421
3.940000 -0.245064
3.950000 -0.248673
3.960000 -0.252249
3.970000 -0.255795
3.980000 -0.259310
3.990000 -0.262797
4.000000 -0.266257
4.010000 -0.269690
4.020000 -0.273099
4.030000 -0.276483
4.040000 -0.279845
4.050000 -0.283186
4.060000 -0.286505
4.070000 -0.289805
4.080000 -0.293087
4.090000 -0.296350
4.100000 -0.299597
4.110000 -0.302828
4.120000 -0.306044
4.130000 -0.309246
4.140000 -0.312435
4.150000 -0.315612
4.160000 -0.318776
4.170000 -0.321930
4.180000 -0.325073
4.190000 -0.328207
4.200000 -0.331333
4.210000 -0.334450
4.220000 -0.337559
4.230000 -0.340662
4.240000 -0.343759
4.250000 -0.346850
4.260000 -0.349937
4.270000 -0.353019
4.280000 -0.356097
4.290000 -0.359172
4.300000 -0.362244
4.310000 -0.365314
4.320000 -0.368382
4.330000 -0.371449
4.340000 -0.374515
4.350000 -0.377582
4.360000 -0.380648
4.370000 -0.383716
4.380000 -0.386784
4.390000 -0.389855
4.400000 -0.392927
4.410000 -0.396003
4.420000 -0.399081
4.430000 -0.402163
4.440000 -0.405249
4.450000 -0.408339
4.460000 -0.411434
4.470000 -0.414534
4.480000 -0.417641
4.490000 -0.420753
4.500000 -0.423872
4.510000 -0.426998
4.520000 -0.430132
4.530000 -0.433273
4.540000 -0.436423
4.550000 -0.439581
4.560000 -0.442749
4.570000 -0.445926
4.580000 -0.449114
4.590000 -0.452312
4.600000 -0.455520
4.610000 -0.458741
4.620000 -0.461972
4.630000 -0.465216
4.640000 -0.468473
4.650000 -0.471742
4.660000 -0.475025
4.670000 -0.478322
4.680000 -0.481632
4.690000 -0.484958
4.700000 -0.488298
4.710000 -0.491654
4.720000 -0.495025
4.730000 -0.498412
4.740000 -0.501815
4.750000 -0.505236
4.760000 -0.508673
4.770000 -0.512127
4.780000 -0.515599
4.790000 -0.519089
4.800000 -0.522597
4.810000 -0.526123
4.820000 -0.529668
4.830000 -0.533231
4.840000 -0.536813
4.850000 -0.540414
4.860000 -0.544034
4.870000 -0.547674
4.880000 -0.551332
4.890000 -0.555009
4.900000 -0.558706
4.910000 -0.562422
4.920000 -0.566156
4.930000 -0.569910
4.940000 -0.573682
4.950000 -0.577473
4.960000 -0.581281
4.970000 -0.585108
4.980000 -0.588951
4.990000 -0.592812
5.000000 -0.596690
5.010000 -0.600583
5.020000 -0.604492
5.030000 -0.608415
5.040000 -0.612353
5.050000 -0.616304
5.060000 -0.620267
5.070000 -0.624242
5.080000 -0.628228
5.090000 -0.632223
5.100000 -0.636226
5.110000 -0.640237
5.120000 -0.644254
5.130000 -0.648275
5.140000 -0.652300
5.150000 -0.656326
5.160000 -0.660353
5.170000 -0.664379
5.180000 -0.668401
5.190000 -0.672418
5.200000 -0.676429
5.210000 -0.680430
5.220000 -0.684421
5.230000 -0.688399
5.240000 -0.692362
5.250000 -0.696307
5.260000 -0.700232
5.270000 -0.704134
5.280000 -0.708011
5.290000 -0.711861
5.300000 -0.715680
5.310000 -0.719465
5.320000 -0.723214
5.330000 -0.726923
5.340000 -0.730590
5.350000 -0.734210
5.360000 -0.737782
5.370000 -0.741300
5.380000 -0.744763
5.390000 -0.748166
5.400000 -0.751505
5.410000 -0.754777
5.420000 -0.757977
5.430000 -0.761103
5.440000 -0.764149
5.450000 -0.767112
5.460000 -0.769987
5.470000 -0.772771
5.480000 -0.775459
5.490000 -0.778046
5.500000 -0.780527
5.510000 -0.782899
5.520000 -0.785157
5.530000 -0.787296
5.540000 -0.789310
5.550000 -0.791196
5.560000 -0.792948
5.570000 -0.794562
5.580000 -0.796032
5.590000 -0.797353
5.600000 -0.798521
5.610000 -0.799529
5.620000 -0.800373
5.630000 -0.801048
5.640000 -0.801548
5.650000 -0.801867
5.660000 -0.802002
5.670000 -0.801945
5.680000 -0.801693
5.690000 -0.801239
5.700000 -0.800578
5.710000 -0.799704
5.720000 -0.798613
5.730000 -0.797299
5.740000 -0.795756
5.750000 -0.793980
5.760000 -0.791964
5.770000 -0.789703
5.780000 -0.787193
5.790000 -0.784427
5.800000 -0.781401
5.810000 -0.778109
5.820000 -0.774547
5.830000 -0.770708
5.840000 -0.766589
5.850000 -0.762183
5.860000 -0.757487
5.870000 -0.752495
5.880000 -0.747202
5.890000 -0.741605
5.900000 -0.735697
5.910000 -0.729476
5.920000 -0.722935
5.930000 -0.716072
5.940000 -0.708882
5.950000 -0.701360
5.960000 -0.693503
5.970000 -0.685308
5.980000 -0.676769
5.990000 -0.667885
6.000000 -0.658650
6.010000 -0.649063
6.020000 -0.639120
6.030000 -0.628817
6.040000 -0.618153
6.050000 -0.607124
6.060000 -0.595728
6.070000 -0.583963
6.080000 -0.571827
6.090000 -0.559317
6.100000 -0.546431
6.110000 -0.533169
6.120000 -0.519529
6.130000 -0.505509
6.140000 -0.491109
6.150000 -0.476328
6.160000 -0.461166
6.170000 -0.445621
6.180000 -0.429694
6.190000 -0.413384
6.200000 -0.396693
6.210000 -0.379621
6.220000 -0.362168
6.230000 -0.344335
6.240000 -0.326124
6.250000 -0.307535
6.260000 -0.288572
6.270000 -0.269234
6.280000 -0.249526
6.290000 -0.229448
6.300000 -0.209004
6.310000 -0.188197
6.320000 -0.167029
6.330000 -0.145504
6.340000 -0.123625
6.350000 -0.101397
6.360000 -0.078823
6.370000 -0.055908
6.380000 -0.032656
6.390000 -0.009073
6.400000 0.014838
6.410000 0.039070
6.420000 0.063619
6.430000 0.088478
6.440000 0.113641
6.450000 0.139102
6.460000 0.164856
6.470000 0.190894
6.480000 0.217210
6.490000 0.243797
6.500000 0.270647
6.510000 0.297754
6.520000 0.325109
6.530000 0.352704
6.540000 0.380530
6.550000 0.408580
6.560000 0.436845
6.570000 0.465316
6.580000 0.493984
6.590000 0.522840
6.600000 0.551874
6.610000 0.581077
6.620000 0.610438
6.630000 0.639949
6.640000 0.669598
6.650000 0.699376
6.660000 0.729272
6.670000 0.759276
6.680000 0.789377
6.690000 0.819563
6.700000 0.849825
6.710000 0.880151
6.720000 0.910529
6.730000 0.940949
6.740000 0.971399
6.750000 1.001867
6.760000 1.032342
6.770000 1.062811
6.780000 1.093264
6.790000 1.123689
6.800000 1.154072
6.810000 1.184403
6.820000 1.214669
6.830000 1.244859
6.840000 1.274959
6.850000 1.304959
6.860000 1.334845
6.870000 1.364606
6.880000 1.394229
6.890000 1.423702
6.900000 1.453013
6.910000 1.482151
6.920000 1.511101
6.930000 1.539854
6.940000 1.568395
6.950000 1.596714
6.960000 1.624799
6.970000 1.652638
6.980000 1.680218
6.990000 1.707528
7.000000 1.734556
7.010000 1.761291
7.020000 1.787722
7.030000 1.813836
7.040000 1.839623
7.050000 1.865072
7.060000 1.890171
7.070000 1.914909
7.080000 1.939277
7.090000 1.963263
7.100000 1.986857
7.110000 2.010049
7.120000 2.032828
7.130000 2.055185
7.140000 2.077110
7.150000 2.098593
7.160000 2.119626
7.170000 2.140198
7.180000 2.160302
7.190000 2.179928
7.200000 2.199067
7.210000 2.217712
7.220000 2.235855
7.230000 2.253487
7.240000 2.270601
7.250000 2.287190
7.260000 2.303246
7.270000 2.318763
7.280000 2.333734
7.290000 2.348153
7.300000 2.362014
7.310000 2.375310
7.320000 2.388037
7.330000 2.400189
7.340000 2.411761
7.350000 2.422748
7.360000 2.433146
7.370000 2.442951
7.380000 2.452158
7.390000 2.460765
7.400000 2.468768
7.410000 2.476164
7.420000 2.482950
7.430000 2.489123
7.440000 2.494683
7.450000 2.499626
7.460000 2.503951
7.470000 2.507658
7.480000 2.510744
7.490000 2.513210
7.500000 2.515055
7.510000 2.516278
7.520000 2.516881
7.530000 2.516864
7.540000 2.516227
7.550000 2.514972
7.560000 2.513099
7.570000 2.510611
7.580000 2.507510
7.590000 2.503798
7.600000 2.499477
7.610000 2.494550
7.620000 2.489020
7.630000 2.482891
7.640000 2.476166
7.650000 2.468849
7.660000 2.460944
7.670000 2.452456
7.680000 2.443389
7.690000 2.433749
7.700000 2.423539
7.710000 2.412767
7.720000 2.401437
7.730000 2.389555
7.740000 2.377128
7.750000 2.364161
7.760000 2.350662
7.770000 2.336637
7.780000 2.322093
7.790000 2.307038
7.800000 2.291479
7.810000 2.275423
7.820000 2.258878
7.830000 2.241852
7.840000 2.224354
7.850000 2.206392
7.860000 2.187974
7.870000 2.169109
7.880000 2.149805
7.890000 2.130073
7.900000 2.109921
7.910000 2.089358
7.920000 2.068393
7.930000 2.047037
7.940000 2.025299
7.950000 2.003189
7.960000 1.980716
7.970000 1.957891
7.980000 1.934724
7.990000 1.911224
8.000000 1.887403
8.010000 1.863270
8.020000 1.838837
8.030000 1.814112
8.040000 1.789108
8.050000 1.763834
8.060000 1.738302
8.070000 1.712522
8.080000 1.686504
8.090000 1.660259
8.100000 1.633799
8.110000 1.607134
8.120000 1.580275
8.130000 1.553232
8.140000 1.526016
8.150000 1.498639
8.160000 1.471110
8.170000 1.443441
8.180000 1.415643
8.190000 1.387725
8.200000 1.359699
8.210000 1.331576
8.220000 1.303365
8.230000 1.275078
8.240000 1.246725
8.250000 1.218316
8.260000 1.189861
8.270000 1.161371
8.280000 1.132857
8.290000 1.104327
8.300000 1.075792
8.310000 1.047262
8.320000 1.018746
8.330000 0.990255
8.340000 0.961798
8.350000 0.933384
8.360000 0.905022
8.370000 0.876723
8.380000 0.848495
8.390000 0.820347
8.400000 0.792288
8.410000 0.764326
8.420000 0.736470
8.430000 0.708729
8.440000 0.681111
8.450000 0.653624
8.460000 0.626276
8.470000 0.599075
8.480000 0.572029
8.490000 0.545144
8.500000 0.518429
8.510000 0.491891
8.520000 0.465537
8.530000 0.439373
8.540000 0.413406
8.550000 0.387644
8.560000 0.362091
8.570000 0.336755
8.580000 0.311641
8.590000 0.286756
8.600000 0.262105
8.610000 0.237693
8.620000 0.213526
8.630000 0.189609
8.640000 0.165947
8.650000 0.142544
8.660000 0.119406
8.670000 0.096537
8.680000 0.073940
8.690000 0.051621
8.700000 0.029582
8.710000 0.007829
8.720000 -0.013637
8.730000 -0.034812
8.740000 -0.055691
8.750000 -0.076273
8.760000 -0.096555
8.770000 -0.116533
8.780000 -0.136206
8.790000 -0.155571
8.800000 -0.174625
8.810000 -0.193368
8.820000 -0.211798
8.830000 -0.229912
8.840000 -0.247709
8.850000 -0.265188
8.860000 -0.282348
8.870000 -0.299188
8.880000 -0.315707
8.890000 -0.331904
8.900000 -0.347779
8.910000 -0.363332
8.920000 -0.378563
8.930000 -0.393471
8.940000 -0.408056
8.950000 -0.422319
8.960000 -0.436261
8.970000 -0.449881
8.980000 -0.463181
8.990000 -0.476161
9.000000 -0.488823
9.010000 -0.501167
9.020000 -0.513194
9.030000 -0.524906
9.040000 -0.536305
9.050000 -0.547391
9.060000 -0.558168
9.070000 -0.568635
9.080000 -0.578797
9.090000 -0.588653
9.100000 -0.598207
9.110000 -0.607461
9.120000 -0.616417
9.130000 -0.625077
9.140000 -0.633444
9.150000 -0.641522
9.160000 -0.649311
9.170000 -0.656816
9.180000 -0.664038
9.190000 -0.670982
9.200000 -0.677649
9.210000 -0.684044
9.220000 -0.690168
9.230000 -0.696027
9.240000 -0.701621
9.250000 -0.706956
9.260000 -0.712035
9.270000 -0.716860
9.280000 -0.721436
9.290000 -0.725765
9.300000 -0.729852
9.310000 -0.733701
9.320000 -0.737314
9.330000 -0.740696
9.340000 -0.743851
9.350000 -0.746781
9.360000 -0.749492
9.370000 -0.751986
9.380000 -0.754269
9.390000 -0.756342
9.400000 -0.758212
9.410000 -0.759880
9.420000 -0.761352
9.430000 -0.762632
9.440000 -0.763722
9.450000 -0.764628
9.460000 -0.765353
9.470000 -0.765901
9.480000 -0.766276
9.490000 -0.766482
9.500000 -0.766523
9.510000 -0.766404
9.520000 -0.766127
9.530000 -0.765696
9.540000 -0.765117
9.550000 -0.764392
9.560000 -0.763525
9.570000 -0.762521
9.580000 -0.761383
9.590000 -0.760115
9.600000 -0.758721
9.610000 -0.757204
9.620000 -0.755568
9.630000 -0.753817
9.640000 -0.751955
9.650000 -0.749985
9.660000 -0.747911
9.670000 -0.745736
9.680000 -0.743464
9.690000 -0.741099
9.700000 -0.738643
9.710000 -0.736101
9.720000 -0.733475
9.730000 -0.730769
9.740000 -0.727986
9.750000 -0.725130
9.760000 -0.722203
9.770000 -0.719209
9.780000 -0.716152
9.790000 -0.713032
9.800000 -0.709855
9.810000 -0.706623
9.820000 -0.703339
9.830000 -0.700005
9.840000 -0.696624
9.850000 -0.693200
9.860000 -0.689735
9.870000 -0.686231
9.880000 -0.682692
9.890000 -0.679119
9.900000 -0.675515
9.910000 -0.671883
9.920000 -0.668225
9.930000 -0.664543
9.940000 -0.660840
9.950000 -0.657117
9.960000 -0.653378
9.970000 -0.649624
9.980000 -0.645857
9.990000 -0.642079
10.000000 -0.638293
10.010000 -0.634499
10.020000 -0.630701
10.030000 -0.626899
10.040000 -0.623096
10.050000 -0.619293
10.060000 -0.615492
10.070000 -0.611695
10.080000 -0.607902
10.090000 -0.604116
10.100000 -0.600339
10.110000 -0.596570
10.120000 -0.592813
10.130000 -0.589067
10.140000 -0.585335
10.150000 -0.581618
10.160000 -0.577916
10.170000 -0.574231
10.180000 -0.570564
10.190000 -0.566917
10.200000 -0.563289
10.210000 -0.559682
10.220000 -0.556098
10.230000 -0.552536
10.240000 -0.548997
10.250000 -0.545483
10.260000 -0.541995
10.270000 -0.538532
10.280000 -0.535096
10.290000 -0.531687
10.300000 -0.528306
10.310000 -0.524953
10.320000 -0.521630
10.330000 -0.518335
10.340000 -0.515071
10.350000 -0.511837
10.360000 -0.508634
10.370000 -0.505462
10.380000 -0.502322
10.390000 -0.499214
10.400000 -0.496137
10.410000 -0.493093
10.420000 -0.490082
10.430000 -0.487103
10.440000 -0.484158
10.450000 -0.481246
10.460000 -0.478367
10.470000 -0.475521
10.480000 -0.472709
10.490000 -0.469931
10.500000 -0.467186
10.510000 -0.464475
10.520000 -0.461798
10.530000 -0.459154
10.540000 -0.456544
10.550000 -0.453967
10.560000 -0.451424
10.570000 -0.448914
10.580000 -0.446437
10.590000 -0.443993
10.600000 -0.441583
10.610000 -0.439205
10.620000 -0.436860
10.630000 -0.434547
10.640000 -0.432266
10.650000 -0.430018
10.660000 -0.427801
10.670000 -0.425615
10.680000 -0.423461
10.690000 -0.421338
10.700000 -0.419245
10.710000 -0.417182
10.720000 -0.415150
10.730000 -0.413147
10.740000 -0.411174
10.750000 -0.409229
10.760000 -0.407313
10.770000 -0.405425
10.780000 -0.403565
10.790000 -0.401732
10.800000 -0.399926
10.810000 -0.398147
10.820000 -0.396394
10.830000 -0.394666
10.840000 -0.392964
10.850000 -0.391286
10.860000 -0.389632
10.870000 -0.388002
10.880000 -0.386395
10.890000 -0.384811
10.900000 -0.383249
10.910000 -0.381708
10.920000 -0.380189
10.930000 -0.378689
10.940000 -0.377210
10.950000 -0.375750
10.960000 -0.374308
10.970000 -0.372884
10.980000 -0.371478
10.990000 -0.370089
11.000000 -0.368715
11.010000 -0.367357
11.020000 -0.366014
11.030000 -0.364684
11.040000 -0.363368
11.050000 -0.362065
11.060000 -0.360773
11.070000 -0.359493
11.080000 -0.358223
11.090000 -0.356962
11.100000 -0.355710
11.110000 -0.354467
11.120000 -0.353230
11.130000 -0.352000
11.140000 -0.350776
11.150000 -0.349556
11.160000 -0.348340
11.170000 -0.347127
11.180000 -0.345916
11.190000 -0.344707
11.200000 -0.343497
11.210000 -0.342287
11.220000 -0.341076
11.230000 -0.339862
11.240000 -0.338644
11.250000 -0.337422
11.260000 -0.336195
11.270000 -0.334961
11.280000 -0.333719
11.290000 -0.332470
11.300000 -0.331210
11.310000 -0.329940
11.320000 -0.328659
11.330000 -0.327364
11.340000 -0.326056
11.350000 -0.324733
11.360000 -0.323394
11.370000 -0.322038
11.380000 -0.320664
11.390000 -0.319271
11.400000 -0.317857
11.410000 -0.316421
11.420000 -0.314963
11.430000 -0.313481
11.440000 -0.311973
11.450000 -0.310440
11.460000 -0.308879
11.470000 -0.307289
11.480000 -0.305670
11.490000 -0.304019
11.500000 -0.302337
11.510000 -0.300621
11.520000 -0.298870
11.530000 -0.297084
11.540000 -0.295260
11.550000 -0.293399
11.560000 -0.291498
11.570000 -0.289557
11.580000 -0.287574
11.590000 -0.285547
11.600000 -0.283477
11.610000 -0.281362
11.620000 -0.279200
11.630000 -0.276990
11.640000 -0.274731
11.650000 -0.272423
11.660000 -0.270064
11.670000 -0.267652
11.680000 -0.265187
11.690000 -0.262668
11.700000 -0.260093
11.710000 -0.257461
11.720000 -0.254772
11.730000 -0.252024
11.740000 -0.249217
11.750000 -0.246349
11.760000 -0.243419
11.770000 -0.240427
11.780000 -0.237371
11.790000 -0.234250
11.800000 -0.231064
11.810000 -0.227812
11.820000 -0.224493
11.830000 -0.221106
11.840000 -0.217651
11.850000 -0.214125
11.860000 -0.210530
11.870000 -0.206864
11.880000 -0.203127
11.890000 -0.199317
11.900000 -0.195435
11.910000 -0.191479
11.920000 -0.187450
11.930000 -0.183346
11.940000 -0.179168
11.950000 -0.174914
11.960000 -0.170585
11.970000 -0.166181
11.980000 -0.161700
11.990000 -0.157143
12.000000 -0.152509
12.010000 -0.147799
12.020000 -0.143012
12.030000 -0.138148
12.040000 -0.133208
12.050000 -0.128191
12.060000 -0.123097
12.070000 -0.117926
12.080000 -0.112679
12.090000 -0.107356
12.100000 -0.101958
12.110000 -0.096483
12.120000 -0.090934
12.130000 -0.085310
12.140000 -0.079612
12.150000 -0.073841
12.160000 -0.067996
12.170000 -0.062079
12.180000 -0.056090
12.190000 -0.050031
12.200000 -0.043901
12.210000 -0.037703
12.220000 -0.031436
12.230000 -0.025102
12.240000 -0.018702
12.250000 -0.012236
12.260000 -0.005707
12.270000 0.000885
12.280000 0.007538
12.290000 0.014252
12.300000 0.021024
12.310000 0.027854
12.320000 0.034739
12.330000 0.041679
12.340000 0.048671
12.350000 0.055715
12.360000 0.062808
12.370000 0.069948
12.380000 0.077135
12.390000 0.084365
12.400000 0.091638
12.410000 0.098950
12.420000 0.106301
12.430000 0.113687
12.440000 0.121108
12.450000 0.128561
12.460000 0.136043
12.470000 0.143552
12.480000 0.151087
12.490000 0.158644
12.500000 0.166222
12.510000 0.173818
12.520000 0.181429
12.530000 0.189053
12.540000 0.196688
12.550000 0.204331
12.560000 0.211980
12.570000 0.219631
12.580000 0.227282
12.590000 0.234931
12.600000 0.242574
12.610000 0.250209
12.620000 0.257834
12.630000 0.265445
12.640000 0.273039
12.650000 0.280614
12.660000 0.288168
12.670000 0.295696
12.680000 0.303196
12.690000 0.310665
12.700000 0.318100
12.710000 0.325499
12.720000 0.332858
12.730000 0.340174
12.740000 0.347445
12.750000 0.354667
12.760000 0.361838
12.770000 0.368954
12.780000 0.376012
12.790000 0.383010
12.800000 0.389945
12.810000 0.396813
12.820000 0.403612
12.830000 0.410338
12.840000 0.416989
12.850000 0.423562
12.860000 0.430053
12.870000 0.436461
12.880000 0.442781
12.890000 0.449012
12.900000 0.455150
12.910000 0.461193
12.920000 0.467137
12.930000 0.472981
12.940000 0.478721
12.950000 0.484354
12.960000 0.489879
12.970000 0.495291
12.980000 0.500590
12.990000 0.505771
13.000000 0.510834
13.010000 0.515774
13.020000 0.520590
13.030000 0.525280
13.040000 0.529841
13.050000 0.534270
13.060000 0.538566
13.070000 0.542726
13.080000 0.546749
13.090000 0.550632
13.100000 0.554372
13.110000 0.557969
13.120000 0.561421
13.130000 0.564724
13.140000 0.567879
13.150000 0.570882
13.160000 0.573732
13.170000 0.576429
13.180000 0.578969
13.190000 0.581352
13.200000 0.583577
13.210000 0.585641
13.220000 0.587545
13.230000 0.589285
13.240000 0.590863
13.250000 0.592276
13.260000 0.593523
13.270000 0.594605
13.280000 0.595519
13.290000 0.596265
13.300000 0.596842
13.310000 0.597251
13.320000 0.597490
13.330000 0.597560
13.340000 0.597459
13.350000 0.597187
13.360000 0.596745
13.370000 0.596132
13.380000 0.595348
13.390000 0.594394
13.400000 0.593269
13.410000 0.591974
13.420000 0.590509
13.430000 0.588874
13.440000 0.587070
13.450000 0.585098
13.460000 0.582958
13.470000 0.580651
13.480000 0.578177
13.490000 0.575538
13.500000 0.572735
13.510000 0.569768
13.520000 0.566639
13.530000 0.563349
13.540000 0.559899
13.550000 0.556291
13.560000 0.552526
13.570000 0.548605
13.580000 0.544530
13.590000 0.540303
13.600000 0.535926
13.610000 0.531400
13.620000 0.526727
13.630000 0.521909
13.640000 0.516948
13.650000 0.511846
13.660000 0.506606
13.670000 0.501229
13.680000 0.495718
13.690000 0.490075
13.700000 0.484302
13.710000 0.478403
13.720000 0.472379
13.730000 0.466233
13.740000 0.459968
13.750000 0.453586
13.760000 0.447090
13.770000 0.440483
13.780000 0.433767
13.790000 0.426947
13.800000 0.420023
13.810000 0.413000
13.820000 0.405881
13.830000 0.398667
13.840000 0.391364
13.850000 0.383973
13.860000 0.376497
13.870000 0.368941
13.880000 0.361307
13.890000 0.353598
13.900000 0.345818
13.910000 0.337970
13.920000 0.330057
13.930000 0.322082
13.940000 0.314050
13.950000 0.305962
13.960000 0.297823
13.970000 0.289637
13.980000 0.281405
13.990000 0.273133
14.000000 0.264823
14.010000 0.256478
14.020000 0.248102
14.030000 0.239699
14.040000 0.231272
14.050000 0.222824
14.060000 0.214358
14.070000 0.205879
14.080000 0.197388
14.090000 0.188891
14.100000 0.180390
14.110000 0.171888
14.120000 0.163389
14.130000 0.154896
14.140000 0.146412
14.150000 0.137941
14.160000 0.129486
14.170000 0.121049
14.180000 0.112635
14.190000 0.104246
14.200000 0.095885
14.210000 0.087556
14.220000 0.079261
14.230000 0.071003
14.240000 0.062786
14.250000 0.054612
14.260000 0.046484
14.270000 0.038404
14.280000 0.030377
14.290000 0.022403
14.300000 0.014487
14.310000 0.006630
14.320000 -0.001164
14.330000 -0.008894
14.340000 -0.016557
14.350000 -0.024151
14.360000 -0.031672
14.370000 -0.039120
14.380000 -0.046491
14.390000 -0.053784
14.400000 -0.060996
14.410000 -0.068126
14.420000 -0.075171
14.430000 -0.082130
14.440000 -0.089000
14.450000 -0.095781
14.460000 -0.102469
14.470000 -0.109065
14.480000 -0.115565
14.490000 -0.121969
14.500000 -0.128275
14.510000 -0.134482
14.520000 -0.140588
14.530000 -0.146593
14.540000 -0.152495
14.550000 -0.158292
14.560000 -0.163985
14.570000 -0.169572
14.580000 -0.175052
14.590000 -0.180424
14.600000 -0.185688
14.610000 -0.190843
14.620000 -0.195889
14.630000 -0.200824
14.640000 -0.205649
14.650000 -0.210362
14.660000 -0.214965
14.670000 -0.219456
14.680000 -0.223835
14.690000 -0.228102
14.700000 -0.232258
14.710000 -0.236301
14.720000 -0.240233
14.730000 -0.244053
14.740000 -0.247762
14.750000 -0.251360
14.760000 -0.254847
14.770000 -0.258223
14.780000 -0.261489
14.790000 -0.264646
14.800000 -0.267694
14.810000 -0.270634
14.820000 -0.273466
14.830000 -0.276191
14.840000 -0.278810
14.850000 -0.281324
14.860000 -0.283733
14.870000 -0.286039
14.880000 -0.288242
14.890000 -0.290344
14.900000 -0.292346
14.910000 -0.294248
14.920000 -0.296052
14.930000 -0.297759
14.940000 -0.299371
14.950000 -0.300888
14.960000 -0.302312
14.970000 -0.303644
14.980000 -0.304886
14.990000 -0.306039
15.000000 -0.307104
15.010000 -0.308083
15.020000 -0.308977
15.030000 -0.309789
15.040000 -0.310518
15.050000 -0.311168
15.060000 -0.311739
15.070000 -0.312233
15.080000 -0.312652
15.090000 -0.312998
15.100000 -0.313271
15.110000 -0.313474
15.120000 -0.313608
15.130000 -0.313675
15.140000 -0.313676
15.150000 -0.313614
15.160000 -0.313490
15.170000 -0.313305
15.180000 -0.313062
15.190000 -0.312762
15.200000 -0.312406
15.210000 -0.311996
15.220000 -0.311535
15.230000 -0.311023
15.240000 -0.310462
15.250000 -0.309854
15.260000 -0.309201
15.270000 -0.308503
15.280000 -0.307764
15.290000 -0.306983
15.300000 -0.306164
15.310000 -0.305307
15.320000 -0.304413
15.330000 -0.303485
15.340000 -0.302524
15.350000 -0.301532
15.360000 -0.300509
15.370000 -0.299457
15.380000 -0.298378
15.390000 -0.297273
15.400000 -0.296143
15.410000 -0.294990
15.420000 -0.293814
15.430000 -0.292618
15.440000 -0.291402
15.450000 -0.290167
15.460000 -0.288916
15.470000 -0.287647
15.480000 -0.286364
15.490000 -0.285067
15.500000 -0.283757
15.510000 -0.282434
15.520000 -0.281101
15.530000 -0.279757
15.540000 -0.278404
15.550000 -0.277043
15.560000 -0.275674
15.570000 -0.274298
15.580000 -0.272916
15.590000 -0.271529
15.600000 -0.270137
15.610000 -0.268741
15.620000 -0.267341
15.630000 -0.265939
15.640000 -0.264534
15.650000 -0.263128
15.660000 -0.261720
15.670000 -0.260311
15.680000 -0.258902
15.690000 -0.257493
15.700000 -0.256084
15.710000 -0.254676
15.720000 -0.253268
15.730000 -0.251861
15.740000 -0.250456
15.750000 -0.249052
15.760000 -0.247650
15.770000 -0.246250
15.780000 -0.244852
15.790000 -0.243455
15.800000 -0.242061
15.810000 -0.240669
15.820000 -0.239279
15.830000 -0.237891
15.840000 -0.236505
15.850000 -0.235121
15.860000 -0.233739
15.870000 -0.232359
15.880000 -0.230980
15.890000 -0.229603
15.900000 -0.228228
15.910000 -0.226854
15.920000 -0.225481
15.930000 -0.224108
15.940000 -0.222737
15.950000 -0.221366
15.960000 -0.219996
15.970000 -0.218625
15.980000 -0.217254
15.990000 -0.215883
16.000000 -0.214512
16.010000 -0.213139
16.020000 -0.211765
16.030000 -0.210390
16.040000 -0.209013
16.050000 -0.207635
16.060000 -0.206254
16.070000 -0.204870
16.080000 -0.203484
16.090000 -0.202095
16.100000 -0.200703
16.110000 -0.199307
16.120000 -0.197908
16.130000 -0.196505
16.140000 -0.195097
16.150000 -0.193686
16.160000 -0.192269
16.170000 -0.190848
16.180000 -0.189423
16.190000 -0.187992
16.200000 -0.186556
16.210000 -0.185115
16.220000 -0.183668
16.230000 -0.182216
16.240000 -0.180758
16.250000 -0.179294
16.260000 -0.177824
16.270000 -0.176349
16.280000 -0.174868
16.290000 -0.173381
16.300000 -0.171888
16.310000 -0.170389
16.320000 -0.168885
16.330000 -0.167375
16.340000 -0.165859
16.350000 -0.164338
16.360000 -0.162811
16.370000 -0.161279
16.380000 -0.159742
16.390000 -0.158200
16.400000 -0.156653
16.410000 -0.155102
16.420000 -0.153547
16.430000 -0.151988
16.440000 -0.150425
16.450000 -0.148858
16.460000 -0.147289
16.470000 -0.145716
16.480000 -0.144142
16.490000 -0.142565
16.500000 -0.140987
16.510000 -0.139407
16.520000 -0.137826
16.530000 -0.136246
16.540000 -0.134665
16.550000 -0.133084
16.560000 -0.131505
16.570000 -0.129927
16.580000 -0.128350
16.590000 -0.126777
16.600000 -0.125206
16.610000 -0.123638
16.620000 -0.122075
16.630000 -0.120516
16.640000 -0.118962
16.650000 -0.117413
16.660000 -0.115871
16.670000 -0.114335
16.680000 -0.112806
16.690000 -0.111285
16.700000 -0.109773
16.710000 -0.108269
16.720000 -0.106774
16.730000 -0.105289
16.740000 -0.103815
16.750000 -0.102351
16.760000 -0.100899
16.770000 -0.099459
16.780000 -0.098031
16.790000 -0.096616
16.800000 -0.095215
16.810000 -0.093827
16.820000 -0.092453
16.830000 -0.091094
16.840000 -0.089750
16.850000 -0.088421
16.860000 -0.087108
16.870000 -0.085811
16.880000 -0.084530
16.890000 -0.083266
16.900000 -0.082019
16.910000 -0.080789
16.920000 -0.079576
16.930000 -0.078381
16.940000 -0.077203
16.950000 -0.076043
16.960000 -0.074901
16.970000 -0.073777
16.980000 -0.072670
16.990000 -0.071581
17.000000 -0.070510
17.010000 -0.069457
17.020000 -0.068421
17.030000 -0.067402
17.040000 -0.066400
17.050000 -0.065415
17.060000 -0.064446
17.070000 -0.063494
17.080000 -0.062557
17.090000 -0.061636
17.100000 -0.060729
17.110000 -0.059836
17.120000 -0.058957
17.130000 -0.058091
17.140000 -0.057238
17.150000 -0.056396
17.160000 -0.055565
17.170000 -0.054744
17.180000 -0.053932
17.190000 -0.053129
17.200000 -0.052333
17.210000 -0.051543
17.220000 -0.050759
17.230000 -0.049978
17.240000 -0.049201
17.250000 -0.048426
17.260000 -0.047651
17.270000 -0.046876
17.280000 -0.046099
17.290000 -0.045319
17.300000 -0.044533
17.310000 -0.043742
17.320000 -0.042943
17.330000 -0.042135
17.340000 -0.041316
17.350000 -0.040484
17.360000 -0.039639
17.370000 -0.038777
17.380000 -0.037899
17.390000 -0.037001
17.400000 -0.036082
17.410000 -0.035140
17.420000 -0.034173
17.430000 -0.033180
17.440000 -0.032158
17.450000 -0.031105
17.460000 -0.030021
17.470000 -0.028901
17.480000 -0.027745
17.490000 -0.026551
17.500000 -0.025316
17.510000 -0.024038
17.520000 -0.022716
17.530000 -0.021346
17.540000 -0.019928
17.550000 -0.018458
17.560000 -0.016935
17.570000 -0.015357
17.580000 -0.013721
17.590000 -0.012025
17.600000 -0.010268
17.610000 -0.008447
17.620000 -0.006559
17.630000 -0.004603
17.640000 -0.002577
17.650000 -0.000479
17.660000 0.001694
17.670000 0.003944
17.680000 0.006272
17.690000 0.008681
17.700000 0.011173
17.710000 0.013749
17.720000 0.016412
17.730000 0.019164
17.740000 0.022006
17.750000 0.024940
17.760000 0.027968
17.770000 0.031092
17.780000 0.034314
17.790000 0.037634
17.800000 0.041056
17.810000 0.044580
17.820000 0.048207
17.830000 0.051941
17.840000 0.055781
17.850000 0.059729
17.860000 0.063786
17.870000 0.067954
17.880000 0.072234
17.890000 0.076627
17.900000 0.081134
17.910000 0.085756
17.920000 0.090493
17.930000 0.095347
17.940000 0.100318
17.950000 0.105407
17.960000 0.110614
17.970000 0.115940
17.980000 0.121386
17.990000 0.126951
18.000000 0.132635
18.010000 0.138440
18.020000 0.144364
18.030000 0.150409
18.040000 0.156573
18.050000 0.162856
18.060000 0.169258
18.070000 0.175779
18.080000 0.182419
18.090000 0.189175
18.100000 0.196048
18.110000 0.203037
18.120000 0.210141
18.130000 0.217359
18.140000 0.224689
18.150000 0.232131
18.160000 0.239682
18.170000 0.247343
18.180000 0.255110
18.190000 0.262982
18.200000 0.270958
18.210000 0.279036
18.220000 0.287214
18.230000 0.295488
18.240000 0.303859
18.250000 0.312322
18.260000 0.320876
18.270000 0.329518
18.280000 0.338246
18.290000 0.347057
18.300000 0.355948
18.310000 0.364916
18.320000 0.373958
18.330000 0.383071
18.340000 0.392252
18.350000 0.401498
18.360000 0.410805
18.370000 0.420170
18.380000 0.429590
18.390000 0.439059
18.400000 0.448576
18.410000 0.458136
18.420000 0.467736
18.430000 0.477370
18.440000 0.487036
18.450000 0.496729
18.460000 0.506445
18.470000 0.516180
18.480000 0.525929
18.490000 0.535688
18.500000 0.545453
18.510000 0.555218
18.520000 0.564981
18.530000 0.574735
18.540000 0.584476
18.550000 0.594200
18.560000 0.603902
18.570000 0.613576
18.580000 0.623219
18.590000 0.632825
18.600000 0.642389
18.610000 0.651906
18.620000 0.661372
18.630000 0.670781
18.640000 0.680128
18.650000 0.689409
18.660000 0.698617
18.670000 0.707749
18.680000 0.716799
18.690000 0.725762
18.700000 0.734633
18.710000 0.743407
18.720000 0.752078
18.730000 0.760642
18.740000 0.769094
18.750000 0.777428
18.760000 0.785640
18.770000 0.793724
18.780000 0.801676
18.790000 0.809491
18.800000 0.817163
18.810000 0.824688
18.820000 0.832062
18.830000 0.839278
18.840000 0.846333
18.850000 0.853222
18.860000 0.859940
18.870000 0.866482
18.880000 0.872845
18.890000 0.879023
18.900000 0.885012
18.910000 0.890809
18.920000 0.896407
18.930000 0.901805
18.940000 0.906996
18.950000 0.911978
18.960000 0.916746
18.970000 0.921297
18.980000 0.925627
18.990000 0.929732
19.000000 0.933608
19.010000 0.937252
19.020000 0.940661
19.030000 0.943831
19.040000 0.946759
19.050000 0.949443
19.060000 0.951879
19.070000 0.954064
19.080000 0.955996
19.090000 0.957671
19.100000 0.959089
19.110000 0.960245
19.120000 0.961138
19.130000 0.961766
19.140000 0.962127
19.150000 0.962218
19.160000 0.962038
19.170000 0.961586
19.180000 0.960860
19.190000 0.959858
19.200000 0.958580
19.210000 0.957024
19.220000 0.955189
19.230000 0.953074
19.240000 0.950679
19.250000 0.948003
19.260000 0.945046
19.270000 0.941807
19.280000 0.938286
19.290000 0.934483
19.300000 0.930399
19.310000 0.926033
19.320000 0.921386
19.330000 0.916458
19.340000 0.911251
19.350000 0.905764
19.360000 0.899999
19.370000 0.893957
19.380000 0.887640
19.390000 0.881047
19.400000 0.874181
19.410000 0.867044
19.420000 0.859637
19.430000 0.851962
19.440000 0.844022
19.450000 0.835817
19.460000 0.827351
19.470000 0.818625
19.480000 0.809643
19.490000 0.800407
19.500000 0.790919
19.510000 0.781183
19.520000 0.771201
19.530000 0.760977
19.540000 0.750514
19.550000 0.739814
19.560000 0.728883
19.570000 0.717722
19.580000 0.706336
19.590000 0.694728
19.600000 0.682903
19.610000 0.670864
19.620000 0.658615
19.630000 0.646160
19.640000 0.633504
19.650000 0.620651
19.660000 0.607606
19.670000 0.594372
19.680000 0.580955
19.690000 0.567358
19.700000 0.553588
19.710000 0.539647
19.720000 0.525543
19.730000 0.511278
19.740000 0.496859
19.750000 0.482291
19.760000 0.467578
19.770000 0.452725
19.780000 0.437739
19.790000 0.422623
19.800000 0.407384
19.810000 0.392027
19.820000 0.376558
19.830000 0.360981
19.840000 0.345302
19.850000 0.329527
19.860000 0.313661
19.870000 0.297710
19.880000 0.281680
19.890000 0.265575
19.900000 0.249403
19.910000 0.233167
19.920000 0.216875
19.930000 0.200531
19.940000 0.184141
19.950000 0.167712
19.960000 0.151248
19.970000 0.134755
19.980000 0.118239
19.990000 0.101706
20.000000 0.085161
20.010000 0.068610
20.020000 0.052058
20.030000 0.035512
20.040000 0.018975
20.050000 0.002455
20.060000 -0.014043
20.070000 -0.030514
20.080000 -0.046953
20.090000 -0.063354
20.100000 -0.079712
20.110000 -0.096021
20.120000 -0.112276
20.130000 -0.128472
20.140000 -0.144604
20.150000 -0.160667
20.160000 -0.176655
20.170000 -0.192564
20.180000 -0.208389
20.190000 -0.224124
20.200000 -0.239765
20.210000 -0.255307
20.220000 -0.270746
20.230000 -0.286077
20.240000 -0.301294
20.250000 -0.316395
20.260000 -0.331374
20.270000 -0.346227
20.280000 -0.360949
20.290000 -0.375538
20.300000 -0.389987
20.310000 -0.404294
20.320000 -0.418455
20.330000 -0.432465
20.340000 -0.446321
20.350000 -0.460019
20.360000 -0.473556
20.370000 -0.486928
20.380000 -0.500132
20.390000 -0.513164
20.400000 -0.526021
20.410000 -0.538700
20.420000 -0.551198
20.430000 -0.563511
20.440000 -0.575639
20.450000 -0.587576
20.460000 -0.599321
20.470000 -0.610871
20.480000 -0.622224
20.490000 -0.633378
20.500000 -0.644329
20.510000 -0.655076
20.520000 -0.665617
20.530000 -0.675950
20.540000 -0.686072
20.550000 -0.695983
20.560000 -0.705681
20.570000 -0.715163
20.580000 -0.724428
20.590000 -0.733476
20.600000 -0.742305
20.610000 -0.750913
20.620000 -0.759299
20.630000 -0.767463
20.640000 -0.775404
20.650000 -0.783120
20.660000 -0.790612
20.670000 -0.797878
20.680000 -0.804918
20.690000 -0.811732
20.700000 -0.818319
20.710000 -0.824679
20.720000 -0.830812
20.730000 -0.836718
20.740000 -0.842397
20.750000 -0.847849
20.760000 -0.853074
20.770000 -0.858073
20.780000 -0.862846
20.790000 -0.867394
20.800000 -0.871716
20.810000 -0.875815
20.820000 -0.879690
20.830000 -0.883342
20.840000 -0.886773
20.850000 -0.889983
20.860000 -0.892973
20.870000 -0.895745
20.880000 -0.898299
20.890000 -0.900637
20.900000 -0.902761
20.910000 -0.904671
20.920000 -0.906370
20.930000 -0.907859
20.940000 -0.909139
20.950000 -0.910212
20.960000 -0.911080
20.970000 -0.911745
20.980000 -0.912209
20.990000 -0.912473
21.000000 -0.912540
21.010000 -0.912411
21.020000 -0.912090
21.030000 -0.911577
21.040000 -0.910876
21.050000 -0.909988
21.060000 -0.908916
21.070000 -0.907663
21.080000 -0.906230
21.090000 -0.904620
21.100000 -0.902835
21.110000 -0.900879
21.120000 -0.898754
21.130000 -0.896462
21.140000 -0.894006
21.150000 -0.891388
21.160000 -0.888612
21.170000 -0.885681
21.180000 -0.882596
21.190000 -0.879361
21.200000 -0.875979
21.210000 -0.872452
21.220000 -0.868784
21.230000 -0.864976
21.240000 -0.861034
21.250000 -0.856958
21.260000 -0.852752
21.270000 -0.848419
21.280000 -0.843963
21.290000 -0.839385
21.300000 -0.834690
21.310000 -0.829879
21.320000 -0.824957
21.330000 -0.819926
21.340000 -0.814789
21.350000 -0.809549
21.360000 -0.804210
21.370000 -0.798773
21.380000 -0.793244
21.390000 -0.787623
21.400000 -0.781915
21.410000 -0.776122
21.420000 -0.770247
21.430000 -0.764294
21.440000 -0.758266
21.450000 -0.752165
21.460000 -0.745994
21.470000 -0.739757
21.480000 -0.733455
21.490000 -0.727094
21.500000 -0.720674
21.510000 -0.714199
21.520000 -0.707673
21.530000 -0.701097
21.540000 -0.694474
21.550000 -0.687809
21.560000 -0.681102
21.570000 -0.674357
21.580000 -0.667578
21.590000 -0.660765
21.600000 -0.653923
21.610000 -0.647054
21.620000 -0.640161
21.630000 -0.633245
21.640000 -0.626310
21.650000 -0.619358
21.660000 -0.612393
21.670000 -0.605415
21.680000 -0.598428
21.690000 -0.591434
21.700000 -0.584436
21.710000 -0.577435
21.720000 -0.570435
21.730000 -0.563437
21.740000 -0.556444
21.750000 -0.549458
21.760000 -0.542481
21.770000 -0.535515
21.780000 -0.528562
21.790000 -0.521625
21.800000 -0.514705
21.810000 -0.507805
21.820000 -0.500925
21.830000 -0.494069
21.840000 -0.487238
21.850000 -0.480434
21.860000 -0.473658
21.870000 -0.466913
21.880000 -0.460200
21.890000 -0.453520
21.900000 -0.446876
21.910000 -0.440269
21.920000 -0.433700
21.930000 -0.427171
21.940000 -0.420683
21.950000 -0.414238
21.960000 -0.407838
21.970000 -0.401482
21.980000 -0.395174
21.990000 -0.388913
22.000000 -0.382701
22.010000 -0.376540
22.020000 -0.370430
22.030000 -0.364373
22.040000 -0.358369
22.050000 -0.352420
22.060000 -0.346526
22.070000 -0.340688
22.080000 -0.334908
22.090000 -0.329186
22.100000 -0.323523
22.110000 -0.317919
22.120000 -0.312375
22.130000 -0.306893
22.140000 -0.301472
22.150000 -0.296114
22.160000 -0.290818
22.170000 -0.285586
22.180000 -0.280418
22.190000 -0.275313
22.200000 -0.270274
22.210000 -0.265299
22.220000 -0.260390
22.230000 -0.255547
22.240000 -0.250770
22.250000 -0.246059
22.260000 -0.241414
22.270000 -0.236837
22.280000 -0.232326
22.290000 -0.227882
22.300000 -0.223505
22.310000 -0.219195
22.320000 -0.214952
22.330000 -0.210776
22.340000 -0.206667
22.350000 -0.202625
22.360000 -0.198650
22.370000 -0.194742
22.380000 -0.190901
22.390000 -0.187126
22.400000 -0.183417
22.410000 -0.179775
22.420000 -0.176198
22.430000 -0.172687
22.440000 -0.169241
22.450000 -0.165860
22.460000 -0.162543
22.470000 -0.159291
22.480000 -0.156103
22.490000 -0.152978
22.500000 -0.149916
22.510000 -0.146917
22.520000 -0.143980
22.530000 -0.141105
22.540000 -0.138290
22.550000 -0.135537
22.560000 -0.132844
22.570000 -0.130210
22.580000 -0.127635
22.590000 -0.125119
22.600000 -0.122661
22.610000 -0.120260
22.620000 -0.117915
22.630000 -0.115627
22.640000 -0.113394
22.650000 -0.111216
22.660000 -0.109092
22.670000 -0.107022
22.680000 -0.105004
22.690000 -0.103038
22.700000 -0.101124
22.710000 -0.099260
22.720000 -0.097446
22.730000 -0.095682
22.740000 -0.093965
22.750000 -0.092297
22.760000 -0.090676
22.770000 -0.089101
22.780000 -0.087571
22.790000 -0.086087
22.800000 -0.084646
22.810000 -0.083248
22.820000 -0.081893
22.830000 -0.080580
22.840000 -0.079307
22.850000 -0.078075
22.860000 -0.076882
22.870000 -0.075728
22.880000 -0.074611
22.890000 -0.073532
22.900000 -0.072488
22.910000 -0.071480
22.920000 -0.070507
22.930000 -0.069568
22.940000 -0.068662
22.950000 -0.067788
22.960000 -0.066946
22.970000 -0.066134
22.980000 -0.065352
22.990000 -0.064600
23.000000 -0.063876
23.010000 -0.063180
23.020000 -0.062511
23.030000 -0.061868
23.040000 -0.061250
23.050000 -0.060657
23.060000 -0.060088
23.070000 -0.059542
23.080000 -0.059018
23.090000 -0.058516
23.100000 -0.058035
23.110000 -0.057574
23.120000 -0.057133
23.130000 -0.056710
23.140000 -0.056306
23.150000 -0.055919
23.160000 -0.055548
23.170000 -0.055194
23.180000 -0.054854
23.190000 -0.054530
23.200000 -0.054219
23.210000 -0.053921
23.220000 -0.053636
23.230000 -0.053363
23.240000 -0.053101
23.250000 -0.052849
23.260000 -0.052608
23.270000 -0.052375
23.280000 -0.052152
23.290000 -0.051936
23.300000 -0.051728
23.310000 -0.051526
23.320000 -0.051331
23.330000 -0.051141
23.340000 -0.050957
23.350000 -0.050776
23.360000 -0.050600
23.370000 -0.050427
23.380000 -0.050256
23.390000 -0.050088
23.400000 -0.049921
23.410000 -0.049754
23.420000 -0.049589
23.430000 -0.049423
23.440000 -0.049257
23.450000 -0.049089
23.460000 -0.048920
23.470000 -0.048749
23.480000 -0.048575
23.490000 -0.048397
23.500000 -0.048216
23.510000 -0.048031
23.520000 -0.047841
23.530000 -0.047645
23.540000 -0.047445
23.550000 -0.047237
23.560000 -0.047024
23.570000 -0.046803
23.580000 -0.046575
23.590000 -0.046339
23.600000 -0.046094
23.610000 -0.045840
23.620000 -0.045578
23.630000 -0.045305
23.640000 -0.045022
23.650000 -0.044729
23.660000 -0.044425
23.670000 -0.044109
23.680000 -0.043782
23.690000 -0.043442
23.700000 -0.043090
23.710000 -0.042725
23.720000 -0.042346
23.730000 -0.041954
23.740000 -0.041548
23.750000 -0.041127
23.760000 -0.040691
23.770000 -0.040240
23.780000 -0.039774
23.790000 -0.039291
23.800000 -0.038793
23.810000 -0.038277
23.820000 -0.037745
23.830000 -0.037196
23.840000 -0.036628
23.850000 -0.036043
23.860000 -0.035440
23.870000 -0.034818
23.880000 -0.034177
23.890000 -0.033518
23.900000 -0.032838
23.910000 -0.032139
23.920000 -0.031420
23.930000 -0.030680
23.940000 -0.029920
23.950000 -0.029139
23.960000 -0.028337
23.970000 -0.027514
23.980000 -0.026669
23.990000 -0.025802
24.000000 -0.024913
24.010000 -0.024001
24.020000 -0.023067
24.030000 -0.022110
24.040000 -0.021130
24.050000 -0.020127
24.060000 -0.019101
24.070000 -0.018051
24.080000 -0.016977
24.090000 -0.015879
24.100000 -0.014756
24.110000 -0.013610
24.120000 -0.012439
24.130000 -0.011244
24.140000 -0.010023
24.150000 -0.008778
24.160000 -0.007508
24.170000 -0.006212
24.180000 -0.004892
24.190000 -0.003546
24.200000 -0.002175
24.210000 -0.000778
24.220000 0.000644
24.230000 0.002092
24.240000 0.003566
24.250000 0.005065
24.260000 0.006590
24.270000 0.008141
24.280000 0.009717
24.290000 0.011319
24.300000 0.012947
24.310000 0.014600
24.320000 0.016279
24.330000 0.017984
24.340000 0.019713
24.350000 0.021469
24.360000 0.023249
24.370000 0.025055
24.380000 0.026886
24.390000 0.028742
24.400000 0.030622
24.410000 0.032528
24.420000 0.034457
24.430000 0.036411
24.440000 0.038389
24.450000 0.040391
24.460000 0.042416
24.470000 0.044464
24.480000 0.046536
24.490000 0.048631
24.500000 0.050747
24.510000 0.052887
24.520000 0.055048
24.530000 0.057230
24.540000 0.059434
24.550000 0.061658
24.560000 0.063903
24.570000 0.066168
24.580000 0.068453
24.590000 0.070756
24.600000 0.073079
24.610000 0.075419
24.620000 0.077777
24.630000 0.080153
24.640000 0.082545
24.650000 0.084954
24.660000 0.087378
24.670000 0.089817
24.680000 0.092271
24.690000 0.094739
24.700000 0.097220
24.710000 0.099713
24.720000 0.102219
24.730000 0.104736
24.740000 0.107264
24.750000 0.109802
24.760000 0.112349
24.770000 0.114905
24.780000 0.117468
24.790000 0.120039
24.800000 0.122616
24.810000 0.125199
24.820000 0.127786
24.830000 0.130378
24.840000 0.132973
24.850000 0.135570
24.860000 0.138169
24.870000 0.140768
24.880000 0.143367
24.890000 0.145965
24.900000 0.148562
24.910000 0.151155
24.920000 0.153745
24.930000 0.156330
24.940000 0.158909
24.950000 0.161482
24.960000 0.164048
24.970000 0.166605
24.980000 0.169153
24.990000 0.171690
25.000000 0.174216
25.010000 0.176730
25.020000 0.179231
25.030000 0.181718
25.040000 0.184189
25.050000 0.186644
25.060000 0.189082
25.070000 0.191501
25.080000 0.193901
25.090000 0.196282
25.100000 0.198640
25.110000 0.200977
25.120000 0.203291
25.130000 0.205580
25.140000 0.207844
25.150000 0.210081
25.160000 0.212292
25.170000 0.214474
25.180000 0.216627
25.190000 0.218749
25.200000 0.220841
25.210000 0.222900
25.220000 0.224926
25.230000 0.226918
25.240000 0.228875
25.250000 0.230796
25.260000 0.232679
25.270000 0.234526
25.280000 0.236333
25.290000 0.238100
25.300000 0.239827
25.310000 0.241513
25.320000 0.243156
25.330000 0.244756
25.340000 0.246312
25.350000 0.247823
25.360000 0.249289
25.370000 0.250708
25.380000 0.252080
25.390000 0.253404
25.400000 0.254679
25.410000 0.255905
25.420000 0.257081
25.430000 0.258206
25.440000 0.259280
25.450000 0.260301
25.460000 0.261270
25.470000 0.262186
25.480000 0.263048
25.490000 0.263855
25.500000 0.264608
25.510000 0.265305
25.520000 0.265947
25.530000 0.266532
25.540000 0.267061
25.550000 0.267532
25.560000 0.267946
25.570000 0.268302
25.580000 0.268600
25.590000 0.268840
25.600000 0.269021
25.610000 0.269143
25.620000 0.269207
25.630000 0.269210
25.640000 0.269155
25.650000 0.269040
25.660000 0.268866
25.670000 0.268631
25.680000 0.268338
25.690000 0.267984
25.700000 0.267571
25.710000 0.267098
25.720000 0.266566
25.730000 0.265975
25.740000 0.265324
25.750000 0.264614
25.760000 0.263846
25.770000 0.263019
25.780000 0.262134
25.790000 0.261190
25.800000 0.260189
25.810000 0.259131
25.820000 0.258016
25.830000 0.256844
25.840000 0.255616
25.850000 0.254333
25.860000 0.252994
25.870000 0.251601
25.880000 0.250154
25.890000 0.248654
25.900000 0.247101
25.910000 0.245495
25.920000 0.243839
25.930000 0.242131
25.940000 0.240373
25.950000 0.238566
25.960000 0.236710
25.970000 0.234806
25.980000 0.232855
25.990000 0.230858
26.000000 0.228816
26.010000 0.226729
26.020000 0.224599
26.030000 0.222426
26.040000 0.220211
26.050000 0.217955
26.060000 0.215659
26.070000 0.213325
26.080000 0.210952
26.090000 0.208543
26.100000 0.206098
26.110000 0.203618
26.120000 0.201105
26.130000 0.198558
26.140000 0.195980
26.150000 0.193372
26.160000 0.190734
26.170000 0.188068
26.180000 0.185375
26.190000 0.182655
26.200000 0.179911
26.210000 0.177143
26.220000 0.174352
26.230000 0.171540
26.240000 0.168708
26.250000 0.165856
26.260000 0.162987
26.270000 0.160100
26.280000 0.157198
26.290000 0.154281
26.300000 0.151351
26.310000 0.148409
26.320000 0.145456
26.330000 0.142493
26.340000 0.139521
26.350000 0.136541
26.360000 0.133555
26.370000 0.130564
26.380000 0.127568
26.390000 0.124570
26.400000 0.121569
26.410000 0.118567
26.420000 0.115566
26.430000 0.112566
26.440000 0.109568
26.450000 0.106574
26.460000 0.103584
26.470000 0.100599
26.480000 0.097621
26.490000 0.094651
26.500000 0.091688
26.510000 0.088735
26.520000 0.085793
26.530000 0.082862
26.540000 0.079942
26.550000 0.077036
26.560000 0.074144
26.570000 0.071267
26.580000 0.068405
26.590000 0.065559
26.600000 0.062731
26.610000 0.059921
26.620000 0.057129
26.630000 0.054357
26.640000 0.051605
26.650000 0.048874
26.660000 0.046164
26.670000 0.043477
26.680000 0.040812
26.690000 0.038170
26.700000 0.035553
26.710000 0.032959
26.720000 0.030391
26.730000 0.027848
26.740000 0.025331
26.750000 0.022840
26.760000 0.020376
26.770000 0.017939
26.780000 0.015530
26.790000 0.013148
26.800000 0.010795
26.810000 0.008470
26.820000 0.006174
26.830000 0.003907
26.840000 0.001670
26.850000 -0.000539
26.860000 -0.002717
26.870000 -0.004866
26.880000 -0.006985
26.890000 -0.009074
26.900000 -0.011132
26.910000 -0.013161
26.920000 -0.015159
26.930000 -0.017127
26.940000 -0.019065
26.950000 -0.020972
26.960000 -0.022849
26.970000 -0.024696
26.980000 -0.026513
26.990000 -0.028300
27.000000 -0.030057
27.010000 -0.031784
27.020000 -0.033481
27.030000 -0.035149
27.040000 -0.036788
27.050000 -0.038398
27.060000 -0.039979
27.070000 -0.041531
27.080000 -0.043054
27.090000 -0.044550
27.100000 -0.046017
27.110000 -0.047457
27.120000 -0.048870
27.130000 -0.050256
27.140000 -0.051614
27.150000 -0.052947
27.160000 -0.054253
27.170000 -0.055534
27.180000 -0.056789
27.190000 -0.058019
27.200000 -0.059225
27.210000 -0.060406
27.220000 -0.061564
27.230000 -0.062698
27.240000 -0.063808
27.250000 -0.064896
27.260000 -0.065962
27.270000 -0.067005
27.280000 -0.068027
27.290000 -0.069028
27.300000 -0.070007
27.310000 -0.070967
27.320000 -0.071906
27.330000 -0.072826
27.340000 -0.073727
27.350000 -0.074608
27.360000 -0.075472
27.370000 -0.076317
27.380000 -0.077144
27.390000 -0.077955
27.400000 -0.078748
27.410000 -0.079525
27.420000 -0.080285
27.430000 -0.081030
27.440000 -0.081759
27.450000 -0.082473
27.460000 -0.083172
27.470000 -0.083856
27.480000 -0.084526
27.490000 -0.085183
27.500000 -0.085826
27.510000 -0.086455
27.520000 -0.087072
27.530000 -0.087675
27.540000 -0.088266
27.550000 -0.088845
27.560000 -0.089412
27.570000 -0.089967
27.580000 -0.090511
27.590000 -0.091043
27.600000 -0.091564
27.610000 -0.092074
27.620000 -0.092573
27.630000 -0.093061
27.640000 -0.093539
27.650000 -0.094007
27.660000 -0.094464
27.670000 -0.094911
27.680000 -0.095348
27.690000 -0.095775
27.700000 -0.096192
27.710000 -0.096599
27.720000 -0.096997
27.730000 -0.097384
27.740000 -0.097762
27.750000 -0.098131
27.760000 -0.098489
27.770000 -0.098838
27.780000 -0.099177
27.790000 -0.099507
27.800000 -0.099826
27.810000 -0.100136
27.820000 -0.100436
27.830000 -0.100726
27.840000 -0.101006
27.850000 -0.101276
27.860000 -0.101535
27.870000 -0.101785
27.880000 -0.102023
27.890000 -0.102252
27.900000 -0.102469
27.910000 -0.102676
27.920000 -0.102872
27.930000 -0.103057
27.940000 -0.103230
27.950000 -0.103392
27.960000 -0.103543
27.970000 -0.103682
27.980000 -0.103809
27.990000 -0.103924
28.000000 -0.104026
28.010000 -0.104117
28.020000 -0.104194
28.030000 -0.104259
28.040000 -0.104312
28.050000 -0.104351
28.060000 -0.104376
28.070000 -0.104388
28.080000 -0.104387
28.090000 -0.104372
28.100000 -0.104343
28.110000 -0.104299
28.120000 -0.104241
28.130000 -0.104169
28.140000 -0.104082
28.150000 -0.103980
28.160000 -0.103863
28.170000 -0.103732
28.180000 -0.103584
28.190000 -0.103422
28.200000 -0.103244
28.210000 -0.103050
28.220000 -0.102840
28.230000 -0.102615
28.240000 -0.102373
28.250000 -0.102116
28.260000 -0.101842
28.270000 -0.101552
28.280000 -0.101246
28.290000 -0.100924
28.300000 -0.100585
28.310000 -0.100229
28.320000 -0.099857
28.330000 -0.099469
28.340000 -0.099065
28.350000 -0.098643
28.360000 -0.098206
28.370000 -0.097752
28.380000 -0.097282
28.390000 -0.096795
28.400000 -0.096293
28.410000 -0.095774
28.420000 -0.095239
28.430000 -0.094689
28.440000 -0.094123
28.450000 -0.093541
28.460000 -0.092943
28.470000 -0.092330
28.480000 -0.091703
28.490000 -0.091060
28.500000 -0.090402
28.510000 -0.089731
28.520000 -0.089044
28.530000 -0.088344
28.540000 -0.087630
28.550000 -0.086903
28.560000 -0.086162
28.570000 -0.085408
28.580000 -0.084642
28.590000 -0.083864
28.600000 -0.083073
28.610000 -0.082271
28.620000 -0.081458
28.630000 -0.080634
28.640000 -0.079799
28.650000 -0.078954
28.660000 -0.078100
28.670000 -0.077236
28.680000 -0.076363
28.690000 -0.075482
28.700000 -0.074592
28.710000 -0.073695
28.720000 -0.072791
28.730000 -0.071880
28.740000 -0.070963
28.750000 -0.070040
28.760000 -0.069111
28.770000 -0.068178
28.780000 -0.067241
28.790000 -0.066299
28.800000 -0.065354
28.810000 -0.064407
28.820000 -0.063457
28.830000 -0.062505
28.840000 -0.061551
28.850000 -0.060597
28.860000 -0.059642
28.870000 -0.058687
28.880000 -0.057733
28.890000 -0.056780
28.900000 -0.055829
28.910000 -0.054880
28.920000 -0.053933
28.930000 -0.052989
28.940000 -0.052049
28.950000 -0.051113
28.960000 -0.050181
28.970000 -0.049255
28.980000 -0.048334
28.990000 -0.047418
29.000000 -0.046509
29.010000 -0.045607
29.020000 -0.044712
29.030000 -0.043824
29.040000 -0.042945
29.050000 -0.042074
29.060000 -0.041211
29.070000 -0.040358
29.080000 -0.039515
29.090000 -0.038681
29.100000 -0.037857
29.110000 -0.037044
29.120000 -0.036242
29.130000 -0.035450
29.140000 -0.034671
29.150000 -0.033903
29.160000 -0.033146
29.170000 -0.032402
29.180000 -0.031670
29.190000 -0.030951
29.200000 -0.030244
29.210000 -0.029550
29.220000 -0.028870
29.230000 -0.028202
29.240000 -0.027547
29.250000 -0.026906
29.260000 -0.026278
29.270000 -0.025664
29.280000 -0.025063
29.290000 -0.024475
29.300000 -0.023901
29.310000 -0.023340
29.320000 -0.022793
29.330000 -0.022259
29.340000 -0.021738
29.350000 -0.021229
29.360000 -0.020734
29.370000 -0.020252
29.380000 -0.019782
29.390000 -0.019324
29.400000 -0.018879
29.410000 -0.018445
29.420000 -0.018023
29.430000 -0.017613
29.440000 -0.017213
29.450000 -0.016824
29.460000 -0.016445
29.470000 -0.016077
29.480000 -0.015718
29.490000 -0.015368
29.500000 -0.015027
29.510000 -0.014694
29.520000 -0.014369
29.530000 -0.014052
29.540000 -0.013741
29.550000 -0.013437
29.560000 -0.013139
29.570000 -0.012846
29.580000 -0.012557
29.590000 -0.012273
29.600000 -0.011993
29.610000 -0.011715
29.620000 -0.011440
29.630000 -0.011167
29.640000 -0.010894
29.650000 -0.010622
29.660000 -0.010350
29.670000 -0.010077
29.680000 -0.009802
29.690000 -0.009525
29.700000 -0.009244
29.710000 -0.008961
29.720000 -0.008672
29.730000 -0.008378
29.740000 -0.008079
29.750000 -0.007772
29.760000 -0.007459
29.770000 -0.007137
29.780000 -0.006806
29.790000 -0.006465
29.800000 -0.006114
29.810000 -0.005751
29.820000 -0.005376
29.830000 -0.004989
29.840000 -0.004588
29.850000 -0.004173
29.860000 -0.003742
29.870000 -0.003296
29.880000 -0.002833
29.890000 -0.002353
29.900000 -0.001855
29.910000 -0.001338
29.920000 -0.000801
29.930000 -0.000244
29.940000 0.000334
29.950000 0.000934
29.960000 0.001556
29.970000 0.002201
29.980000 0.002870
29.990000 0.003564
30.000000 0.004282
