-10.000000 -0.000602
-9.990000 -0.000616
-9.980000 -0.000630
-9.970000 -0.000644
-9.960000 -0.000658
-9.950000 -0.000672
-9.940000 -0.000687
-9.930000 -0.000702
-9.920000 -0.000716
-9.910000 -0.000731
-9.900000 -0.000747
-9.890000 -0.000762
-9.880000 -0.000777
-9.870000 -0.000793
-9.860000 -0.000809
-9.850000 -0.000824
-9.840000 -0.000840
-9.830000 -0.000856
-9.820000 -0.000873
-9.810000 -0.000889
-9.800000 -0.000905
-9.790000 -0.000922
-9.780000 -0.000939
-9.770000 -0.000955
-9.760000 -0.000972
-9.750000 -0.000989
-9.740000 -0.001006
-9.730000 -0.001024
-9.720000 -0.001041
-9.710000 -0.001058
-9.700000 -0.001076
-9.690000 -0.001093
-9.680000 -0.001111
-9.670000 -0.001129
-9.660000 -0.001146
-9.650000 -0.001164
-9.640000 -0.001182
-9.630000 -0.001200
-9.620000 -0.001218
-9.610000 -0.001236
-9.600000 -0.001254
-9.590000 -0.001272
-9.580000 -0.001290
-9.570000 -0.001308
-9.560000 -0.001326
-9.550000 -0.001344
-9.540000 -0.001361
-9.530000 -0.001379
-9.520000 -0.001397
-9.510000 -0.001415
-9.500000 -0.001432
-9.490000 -0.001450
-9.480000 -0.001467
-9.470000 -0.001485
-9.460000 -0.001502
-9.450000 -0.001519
-9.440000 -0.001536
-9.430000 -0.001553
-9.420000 -0.001569
-9.410000 -0.001585
-9.400000 -0.001601
-9.390000 -0.001617
-9.380000 -0.001632
-9.370000 -0.001648
-9.360000 -0.001662
-9.350000 -0.001677
-9.340000 -0.001691
-9.330000 -0.001705
-9.320000 -0.001718
-9.310000 -0.001731
-9.300000 -0.001743
-9.290000 -0.001755
-9.280000 -0.001766
-9.270000 -0.001777
-9.260000 -0.001787
-9.250000 -0.001796
-9.240000 -0.001805
-9.230000 -0.001813
-9.220000 -0.001820
-9.210000 -0.001827
-9.200000 -0.001832
-9.190000 -0.001837
-9.180000 -0.001841
-9.170000 -0.001844
-9.160000 -0.001846
-9.150000 -0.001847
-9.140000 -0.001846
-9.130000 -0.001845
-9.120000 -0.001842
-9.110000 -0.001838
-9.100000 -0.001833
-9.090000 -0.001826
-9.080000 -0.001818
-9.070000 -0.001808
-9.060000 -0.001797
-9.050000 -0.001784
-9.040000 -0.001769
-9.030000 -0.001753
-9.020000 -0.001735
-9.010000 -0.001714
-9.000000 -0.001692
-8.990000 -0.001668
-8.980000 -0.001641
-8.970000 -0.001613
-8.960000 -0.001582
-8.950000 -0.001548
-8.940000 -0.001512
-8.930000 -0.001473
-8.920000 -0.001432
-8.910000 -0.001388
-8.900000 -0.001340
-8.890000 -0.001290
-8.880000 -0.001237
-8.870000 -0.001180
-8.860000 -0.001120
-8.850000 -0.001057
-8.840000 -0.000990
-8.830000 -0.000919
-8.820000 -0.000845
-8.810000 -0.000766
-8.800000 -0.000684
-8.790000 -0.000597
-8.780000 -0.000505
-8.770000 -0.000410
-8.760000 -0.000309
-8.750000 -0.000204
-8.740000 -0.000094
-8.730000 0.000022
-8.720000 0.000142
-8.710000 0.000268
-8.700000 0.000400
-8.690000 0.000537
-8.680000 0.000681
-8.670000 0.000830
-8.660000 0.000986
-8.650000 0.001149
-8.640000 0.001318
-8.630000 0.001494
-8.620000 0.001677
-8.610000 0.001867
-8.600000 0.002065
-8.590000 0.002270
-8.580000 0.002483
-8.570000 0.002705
-8.560000 0.002935
-8.550000 0.003173
-8.540000 0.003420
-8.530000 0.003676
-8.520000 0.003942
-8.510000 0.004217
-8.500000 0.004501
-8.490000 0.004796
-8.480000 0.005101
-8.470000 0.005416
-8.460000 0.005742
-8.450000 0.006079
-8.440000 0.006427
-8.430000 0.006787
-8.420000 0.007159
-8.410000 0.007543
-8.400000 0.007939
-8.390000 0.008348
-8.380000 0.008770
-8.370000 0.009205
-8.360000 0.009653
-8.350000 0.010116
-8.340000 0.010592
-8.330000 0.011083
-8.320000 0.011589
-8.310000 0.012110
-8.300000 0.012646
-8.290000 0.013197
-8.280000 0.013765
-8.270000 0.014349
-8.260000 0.014950
-8.250000 0.015567
-8.240000 0.016202
-8.230000 0.016855
-8.220000 0.017525
-8.210000 0.018213
-8.200000 0.018921
-8.190000 0.019647
-8.180000 0.020392
-8.170000 0.021157
-8.160000 0.021941
-8.150000 0.022746
-8.140000 0.023571
-8.130000 0.024418
-8.120000 0.025285
-8.110000 0.026174
-8.100000 0.027084
-8.090000 0.028017
-8.080000 0.028972
-8.070000 0.029950
-8.060000 0.030952
-8.050000 0.031976
-8.040000 0.033024
-8.030000 0.034096
-8.020000 0.035192
-8.010000 0.036313
-8.000000 0.037459
-7.990000 0.038630
-7.980000 0.039826
-7.970000 0.041048
-7.960000 0.042296
-7.950000 0.043569
-7.940000 0.044870
-7.930000 0.046197
-7.920000 0.047550
-7.910000 0.048931
-7.900000 0.050339
-7.890000 0.051774
-7.880000 0.053237
-7.870000 0.054728
-7.860000 0.056247
-7.850000 0.057794
-7.840000 0.059369
-7.830000 0.060973
-7.820000 0.062605
-7.810000 0.064265
-7.800000 0.065954
-7.790000 0.067672
-7.780000 0.069419
-7.770000 0.071194
-7.760000 0.072999
-7.750000 0.074832
-7.740000 0.076694
-7.730000 0.078584
-7.720000 0.080503
-7.710000 0.082451
-7.700000 0.084428
-7.690000 0.086432
-7.680000 0.088465
-7.670000 0.090526
-7.660000 0.092615
-7.650000 0.094732
-7.640000 0.096876
-7.630000 0.099048
-7.620000 0.101246
-7.610000 0.103471
-7.600000 0.105723
-7.590000 0.108000
-7.580000 0.110303
-7.570000 0.112632
-7.560000 0.114985
-7.550000 0.117363
-7.540000 0.119764
-7.530000 0.122189
-7.520000 0.124637
-7.510000 0.127108
-7.500000 0.129600
-7.490000 0.132113
-7.480000 0.134647
-7.470000 0.137200
-7.460000 0.139773
-7.450000 0.142365
-7.440000 0.144974
-7.430000 0.147600
-7.420000 0.150242
-7.410000 0.152899
-7.400000 0.155571
-7.390000 0.158257
-7.380000 0.160955
-7.370000 0.163665
-7.360000 0.166386
-7.350000 0.169116
-7.340000 0.171855
-7.330000 0.174602
-7.320000 0.177356
-7.310000 0.180115
-7.300000 0.182878
-7.290000 0.185644
-7.280000 0.188412
-7.270000 0.191181
-7.260000 0.193950
-7.250000 0.196717
-7.240000 0.199481
-7.230000 0.202240
-7.220000 0.204994
-7.210000 0.207740
-7.200000 0.210478
-7.190000 0.213206
-7.180000 0.215923
-7.170000 0.218627
-7.160000 0.221317
-7.150000 0.223991
-7.140000 0.226648
-7.130000 0.229286
-7.120000 0.231903
-7.110000 0.234499
-7.100000 0.237071
-7.090000 0.239618
-7.080000 0.242139
-7.070000 0.244631
-7.060000 0.247093
-7.050000 0.249524
-7.040000 0.251921
-7.030000 0.254283
-7.020000 0.256609
-7.010000 0.258897
-7.000000 0.261144
-6.990000 0.263350
-6.980000 0.265513
-6.970000 0.267631
-6.960000 0.269702
-6.950000 0.271725
-6.940000 0.273697
-6.930000 0.275618
-6.920000 0.277486
-6.910000 0.279298
-6.900000 0.281053
-6.890000 0.282750
-6.880000 0.284388
-6.870000 0.285963
-6.860000 0.287475
-6.850000 0.288922
-6.840000 0.290302
-6.830000 0.291614
-6.820000 0.292857
-6.810000 0.294028
-6.800000 0.295127
-6.790000 0.296151
-6.780000 0.297100
-6.770000 0.297971
-6.760000 0.298764
-6.750000 0.299477
-6.740000 0.300108
-6.730000 0.300657
-6.720000 0.301121
-6.710000 0.301500
-6.700000 0.301793
-6.690000 0.301998
-6.680000 0.302113
-6.670000 0.302139
-6.660000 0.302074
-6.650000 0.301916
-6.640000 0.301665
-6.630000 0.301319
-6.620000 0.300879
-6.610000 0.300342
-6.600000 0.299709
-6.590000 0.298978
-6.580000 0.298148
-6.570000 0.297219
-6.560000 0.296191
-6.550000 0.295062
-6.540000 0.293832
-6.530000 0.292500
-6.520000 0.291067
-6.510000 0.289531
-6.500000 0.287893
-6.490000 0.286152
-6.480000 0.284308
-6.470000 0.282360
-6.460000 0.280309
-6.450000 0.278154
-6.440000 0.275897
-6.430000 0.273535
-6.420000 0.271071
-6.410000 0.268503
-6.400000 0.265832
-6.390000 0.263059
-6.380000 0.260183
-6.370000 0.257206
-6.360000 0.254128
-6.350000 0.250948
-6.340000 0.247669
-6.330000 0.244289
-6.320000 0.240811
-6.310000 0.237235
-6.300000 0.233562
-6.290000 0.229792
-6.280000 0.225927
-6.270000 0.221968
-6.260000 0.217915
-6.250000 0.213770
-6.240000 0.209534
-6.230000 0.205208
-6.220000 0.200794
-6.210000 0.196293
-6.200000 0.191705
-6.190000 0.187034
-6.180000 0.182280
-6.170000 0.177444
-6.160000 0.172529
-6.150000 0.167536
-6.140000 0.162467
-6.130000 0.157324
-6.120000 0.152107
-6.110000 0.146820
-6.100000 0.141464
-6.090000 0.136041
-6.080000 0.130554
-6.070000 0.125003
-6.060000 0.119391
-6.050000 0.113721
-6.040000 0.107994
-6.030000 0.102212
-6.020000 0.096378
-6.010000 0.090495
-6.000000 0.084563
-5.990000 0.078586
-5.980000 0.072567
-5.970000 0.066506
-5.960000 0.060407
-5.950000 0.054273
-5.940000 0.048105
-5.930000 0.041906
-5.920000 0.035678
-5.910000 0.029425
-5.900000 0.023148
-5.890000 0.016850
-5.880000 0.010534
-5.870000 0.004202
-5.860000 -0.002144
-5.850000 -0.008500
-5.840000 -0.014864
-5.830000 -0.021234
-5.820000 -0.027607
-5.810000 -0.033980
-5.800000 -0.040351
-5.790000 -0.046718
-5.780000 -0.053077
-5.770000 -0.059426
-5.760000 -0.065763
-5.750000 -0.072084
-5.740000 -0.078388
-5.730000 -0.084673
-5.720000 -0.090934
-5.710000 -0.097171
-5.700000 -0.103380
-5.690000 -0.109559
-5.680000 -0.115706
-5.670000 -0.121817
-5.660000 -0.127892
-5.650000 -0.133927
-5.640000 -0.139920
-5.630000 -0.145870
-5.620000 -0.151772
-5.610000 -0.157626
-5.600000 -0.163429
-5.590000 -0.169179
-5.580000 -0.174874
-5.570000 -0.180511
-5.560000 -0.186089
-5.550000 -0.191606
-5.540000 -0.197059
-5.530000 -0.202447
-5.520000 -0.207768
-5.510000 -0.213020
-5.500000 -0.218200
-5.490000 -0.223309
-5.480000 -0.228343
-5.470000 -0.233300
-5.460000 -0.238181
-5.450000 -0.242982
-5.440000 -0.247702
-5.430000 -0.252340
-5.420000 -0.256895
-5.410000 -0.261365
-5.400000 -0.265748
-5.390000 -0.270044
-5.380000 -0.274252
-5.370000 -0.278369
-5.360000 -0.282396
-5.350000 -0.286330
-5.340000 -0.290172
-5.330000 -0.293920
-5.320000 -0.297573
-5.310000 -0.301130
-5.300000 -0.304592
-5.290000 -0.307956
-5.280000 -0.311222
-5.270000 -0.314391
-5.260000 -0.317461
-5.250000 -0.320431
-5.240000 -0.323302
-5.230000 -0.326073
-5.220000 -0.328743
-5.210000 -0.331313
-5.200000 -0.333783
-5.190000 -0.336151
-5.180000 -0.338418
-5.170000 -0.340585
-5.160000 -0.342651
-5.150000 -0.344615
-5.140000 -0.346479
-5.130000 -0.348243
-5.120000 -0.349906
-5.110000 -0.351469
-5.100000 -0.352933
-5.090000 -0.354297
-5.080000 -0.355562
-5.070000 -0.356729
-5.060000 -0.357798
-5.050000 -0.358770
-5.040000 -0.359645
-5.030000 -0.360425
-5.020000 -0.361108
-5.010000 -0.361698
-5.000000 -0.362194
-4.990000 -0.362596
-4.980000 -0.362907
-4.970000 -0.363127
-4.960000 -0.363256
-4.950000 -0.363297
-4.940000 -0.363249
-4.930000 -0.363114
-4.920000 -0.362893
-4.910000 -0.362587
-4.900000 -0.362198
-4.890000 -0.361728
-4.880000 -0.361182
-4.870000 -0.360561
-4.860000 -0.359866
-4.850000 -0.359098
-4.840000 -0.358259
-4.830000 -0.357349
-4.820000 -0.356371
-4.810000 -0.355325
-4.800000 -0.354213
-4.790000 -0.353035
-4.780000 -0.351795
-4.770000 -0.350492
-4.760000 -0.349128
-4.750000 -0.347705
-4.740000 -0.346224
-4.730000 -0.344686
-4.720000 -0.343093
-4.710000 -0.341446
-4.700000 -0.339747
-4.690000 -0.337997
-4.680000 -0.336197
-4.670000 -0.334349
-4.660000 -0.332454
-4.650000 -0.330513
-4.640000 -0.328529
-4.630000 -0.326502
-4.620000 -0.324434
-4.610000 -0.322327
-4.600000 -0.320181
-4.590000 -0.317998
-4.580000 -0.315779
-4.570000 -0.313527
-4.560000 -0.311241
-4.550000 -0.308925
-4.540000 -0.306578
-4.530000 -0.304202
-4.520000 -0.301799
-4.510000 -0.299370
-4.500000 -0.296917
-4.490000 -0.294439
-4.480000 -0.291940
-4.470000 -0.289420
-4.460000 -0.286880
-4.450000 -0.284322
-4.440000 -0.281747
-4.430000 -0.279156
-4.420000 -0.276550
-4.410000 -0.273931
-4.400000 -0.271299
-4.390000 -0.268656
-4.380000 -0.266003
-4.370000 -0.263341
-4.360000 -0.260672
-4.350000 -0.257995
-4.340000 -0.255313
-4.330000 -0.252627
-4.320000 -0.249936
-4.310000 -0.247243
-4.300000 -0.244549
-4.290000 -0.241853
-4.280000 -0.239159
-4.270000 -0.236465
-4.260000 -0.233773
-4.250000 -0.231085
-4.240000 -0.228400
-4.230000 -0.225720
-4.220000 -0.223045
-4.210000 -0.220377
-4.200000 -0.217716
-4.190000 -0.215063
-4.180000 -0.212419
-4.170000 -0.209784
-4.160000 -0.207159
-4.150000 -0.204545
-4.140000 -0.201942
-4.130000 -0.199351
-4.120000 -0.196773
-4.110000 -0.194208
-4.100000 -0.191657
-4.090000 -0.189120
-4.080000 -0.186598
-4.070000 -0.184092
-4.060000 -0.181601
-4.050000 -0.179127
-4.040000 -0.176670
-4.030000 -0.174230
-4.020000 -0.171808
-4.010000 -0.169404
-4.000000 -0.167018
-3.990000 -0.164651
-3.980000 -0.162303
-3.970000 -0.159975
-3.960000 -0.157667
-3.950000 -0.155379
-3.940000 -0.153111
-3.930000 -0.150863
-3.920000 -0.148637
-3.910000 -0.146431
-3.900000 -0.144247
-3.890000 -0.142084
-3.880000 -0.139942
-3.870000 -0.137822
-3.860000 -0.135724
-3.850000 -0.133648
-3.840000 -0.131594
-3.830000 -0.129562
-3.820000 -0.127553
-3.810000 -0.125565
-3.800000 -0.123600
-3.790000 -0.121656
-3.780000 -0.119735
-3.770000 -0.117837
-3.760000 -0.115960
-3.750000 -0.114106
-3.740000 -0.112273
-3.730000 -0.110463
-3.720000 -0.108675
-3.710000 -0.106908
-3.700000 -0.105163
-3.690000 -0.103439
-3.680000 -0.101737
-3.670000 -0.100057
-3.660000 -0.098397
-3.650000 -0.096758
-3.640000 -0.095140
-3.630000 -0.093542
-3.620000 -0.091965
-3.610000 -0.090408
-3.600000 -0.088870
-3.590000 -0.087352
-3.580000 -0.085853
-3.570000 -0.084374
-3.560000 -0.082912
-3.550000 -0.081470
-3.540000 -0.080045
-3.530000 -0.078638
-3.520000 -0.077249
-3.510000 -0.075876
-3.500000 -0.074520
-3.490000 -0.073181
-3.480000 -0.071857
-3.470000 -0.070549
-3.460000 -0.069256
-3.450000 -0.067978
-3.440000 -0.066715
-3.430000 -0.065465
-3.420000 -0.064228
-3.410000 -0.063004
-3.400000 -0.061793
-3.390000 -0.060594
-3.380000 -0.059407
-3.370000 -0.058230
-3.360000 -0.057064
-3.350000 -0.055908
-3.340000 -0.054762
-3.330000 -0.053624
-3.320000 -0.052495
-3.310000 -0.051374
-3.300000 -0.050260
-3.290000 -0.049153
-3.280000 -0.048052
-3.270000 -0.046957
-3.260000 -0.045867
-3.250000 -0.044781
-3.240000 -0.043698
-3.230000 -0.042619
-3.220000 -0.041543
-3.210000 -0.040468
-3.200000 -0.039394
-3.190000 -0.038321
-3.180000 -0.037248
-3.170000 -0.036174
-3.160000 -0.035098
-3.150000 -0.034020
-3.140000 -0.032940
-3.130000 -0.031856
-3.120000 -0.030767
-3.110000 -0.029673
-3.100000 -0.028574
-3.090000 -0.027468
-3.080000 -0.026354
-3.070000 -0.025233
-3.060000 -0.024102
-3.050000 -0.022962
-3.040000 -0.021812
-3.030000 -0.020650
-3.020000 -0.019477
-3.010000 -0.018290
-3.000000 -0.017090
-2.990000 -0.015875
-2.980000 -0.014645
-2.970000 -0.013399
-2.960000 -0.012136
-2.950000 -0.010855
-2.940000 -0.009555
-2.930000 -0.008236
-2.920000 -0.006896
-2.910000 -0.005534
-2.900000 -0.004150
-2.890000 -0.002743
-2.880000 -0.001312
-2.870000 0.000144
-2.860000 0.001626
-2.850000 0.003135
-2.840000 0.004673
-2.830000 0.006239
-2.820000 0.007834
-2.810000 0.009461
-2.800000 0.011119
-2.790000 0.012810
-2.780000 0.014535
-2.770000 0.016294
-2.760000 0.018089
-2.750000 0.019921
-2.740000 0.021791
-2.730000 0.023699
-2.720000 0.025648
-2.710000 0.027637
-2.700000 0.029668
-2.690000 0.031741
-2.680000 0.033859
-2.670000 0.036022
-2.660000 0.038231
-2.650000 0.040487
-2.640000 0.042791
-2.630000 0.045144
-2.620000 0.047548
-2.610000 0.050004
-2.600000 0.052511
-2.590000 0.055073
-2.580000 0.057689
-2.570000 0.060361
-2.560000 0.063090
-2.550000 0.065876
-2.540000 0.068722
-2.530000 0.071628
-2.520000 0.074596
-2.510000 0.077625
-2.500000 0.080719
-2.490000 0.083876
-2.480000 0.087100
-2.470000 0.090390
-2.460000 0.093748
-2.450000 0.097175
-2.440000 0.100672
-2.430000 0.104241
-2.420000 0.107881
-2.410000 0.111595
-2.400000 0.115383
-2.390000 0.119246
-2.380000 0.123186
-2.370000 0.127203
-2.360000 0.131299
-2.350000 0.135475
-2.340000 0.139731
-2.330000 0.144068
-2.320000 0.148488
-2.310000 0.152992
-2.300000 0.157580
-2.290000 0.162254
-2.280000 0.167013
-2.270000 0.171860
-2.260000 0.176796
-2.250000 0.181820
-2.240000 0.186934
-2.230000 0.192139
-2.220000 0.197436
-2.210000 0.202824
-2.200000 0.208306
-2.190000 0.213882
-2.180000 0.219552
-2.170000 0.225317
-2.160000 0.231179
-2.150000 0.237136
-2.140000 0.243191
-2.130000 0.249343
-2.120000 0.255594
-2.110000 0.261943
-2.100000 0.268391
-2.090000 0.274938
-2.080000 0.281586
-2.070000 0.288333
-2.060000 0.295181
-2.050000 0.302129
-2.040000 0.309179
-2.030000 0.316329
-2.020000 0.323580
-2.010000 0.330932
-2.000000 0.338386
-1.990000 0.345940
-1.980000 0.353595
-1.970000 0.361351
-1.960000 0.369208
-1.950000 0.377164
-1.940000 0.385221
-1.930000 0.393377
-1.920000 0.401632
-1.910000 0.409985
-1.900000 0.418436
-1.890000 0.426983
-1.880000 0.435628
-1.870000 0.444368
-1.860000 0.453202
-1.850000 0.462130
-1.840000 0.471151
-1.830000 0.480263
-1.820000 0.489465
-1.810000 0.498757
-1.800000 0.508136
-1.790000 0.517601
-1.780000 0.527152
-1.770000 0.536785
-1.760000 0.546500
-1.750000 0.556294
-1.740000 0.566167
-1.730000 0.576115
-1.720000 0.586138
-1.710000 0.596232
-1.700000 0.606396
-1.690000 0.616627
-1.680000 0.626923
-1.670000 0.637282
-1.660000 0.647701
-1.650000 0.658177
-1.640000 0.668708
-1.630000 0.679291
-1.620000 0.689922
-1.610000 0.700600
-1.600000 0.711320
-1.590000 0.722080
-1.580000 0.732876
-1.570000 0.743706
-1.560000 0.754564
-1.550000 0.765449
-1.540000 0.776356
-1.530000 0.787282
-1.520000 0.798223
-1.510000 0.809175
-1.500000 0.820133
-1.490000 0.831095
-1.480000 0.842055
-1.470000 0.853009
-1.460000 0.863954
-1.450000 0.874885
-1.440000 0.885797
-1.430000 0.896685
-1.420000 0.907546
-1.410000 0.918374
-1.400000 0.929165
-1.390000 0.939913
-1.380000 0.950615
-1.370000 0.961264
-1.360000 0.971856
-1.350000 0.982385
-1.340000 0.992847
-1.330000 1.003236
-1.320000 1.013547
-1.310000 1.023775
-1.300000 1.033913
-1.290000 1.043958
-1.280000 1.053903
-1.270000 1.063742
-1.260000 1.073470
-1.250000 1.083082
-1.240000 1.092572
-1.230000 1.101934
-1.220000 1.111162
-1.210000 1.120252
-1.200000 1.129196
-1.190000 1.137989
-1.180000 1.146625
-1.170000 1.155100
-1.160000 1.163406
-1.150000 1.171538
-1.140000 1.179490
-1.130000 1.187257
-1.120000 1.194833
-1.110000 1.202211
-1.100000 1.209386
-1.090000 1.216354
-1.080000 1.223106
-1.070000 1.229639
-1.060000 1.235946
-1.050000 1.242022
-1.040000 1.247861
-1.030000 1.253458
-1.020000 1.258807
-1.010000 1.263903
-1.000000 1.268741
-0.990000 1.273315
-0.980000 1.277620
-0.970000 1.281650
-0.960000 1.285402
-0.950000 1.288869
-0.940000 1.292047
-0.930000 1.294931
-0.920000 1.297517
-0.910000 1.299799
-0.900000 1.301773
-0.890000 1.303435
-0.880000 1.304781
-0.870000 1.305805
-0.860000 1.306505
-0.850000 1.306876
-0.840000 1.306914
-0.830000 1.306616
-0.820000 1.305978
-0.810000 1.304996
-0.800000 1.303668
-0.790000 1.301990
-0.780000 1.299959
-0.770000 1.297572
-0.760000 1.294826
-0.750000 1.291719
-0.740000 1.288249
-0.730000 1.284413
-0.720000 1.280209
-0.710000 1.275635
-0.700000 1.270690
-0.690000 1.265372
-0.680000 1.259679
-0.670000 1.253610
-0.660000 1.247165
-0.650000 1.240342
-0.640000 1.233140
-0.630000 1.225560
-0.620000 1.217601
-0.610000 1.209262
-0.600000 1.200545
-0.590000 1.191448
-0.580000 1.181973
-0.570000 1.172120
-0.560000 1.161890
-0.550000 1.151284
-0.540000 1.140303
-0.530000 1.128949
-0.520000 1.117223
-0.510000 1.105127
-0.500000 1.092664
-0.490000 1.079834
-0.480000 1.066642
-0.470000 1.053089
-0.460000 1.039177
-0.450000 1.024911
-0.440000 1.010293
-0.430000 0.995327
-0.420000 0.980016
-0.410000 0.964364
-0.400000 0.948375
-0.390000 0.932052
-0.380000 0.915401
-0.370000 0.898426
-0.360000 0.881131
-0.350000 0.863522
-0.340000 0.845603
-0.330000 0.827380
-0.320000 0.808857
-0.310000 0.790041
-0.300000 0.770937
-0.290000 0.751551
-0.280000 0.731890
-0.270000 0.711958
-0.260000 0.691763
-0.250000 0.671311
-0.240000 0.650610
-0.230000 0.629664
-0.220000 0.608482
-0.210000 0.587071
-0.200000 0.565437
-0.190000 0.543588
-0.180000 0.521532
-0.170000 0.499276
-0.160000 0.476827
-0.150000 0.454194
-0.140000 0.431384
-0.130000 0.408406
-0.120000 0.385267
-0.110000 0.361975
-0.100000 0.338540
-0.090000 0.314968
-0.080000 0.291269
-0.070000 0.267452
-0.060000 0.243524
-0.050000 0.219494
-0.040000 0.195371
-0.030000 0.171163
-0.020000 0.146881
-0.010000 0.122531
-0.000000 0.098123
0.010000 0.073666
0.020000 0.049169
0.030000 0.024641
0.040000 0.000091
0.050000 -0.024474
0.060000 -0.049042
0.070000 -0.073606
0.080000 -0.098157
0.090000 -0.122685
0.100000 -0.147183
0.110000 -0.171640
0.120000 -0.196049
0.130000 -0.220399
0.140000 -0.244684
0.150000 -0.268893
0.160000 -0.293019
0.170000 -0.317052
0.180000 -0.340984
0.190000 -0.364806
0.200000 -0.388511
0.210000 -0.412090
0.220000 -0.435534
0.230000 -0.458835
0.240000 -0.481986
0.250000 -0.504978
0.260000 -0.527804
0.270000 -0.550455
0.280000 -0.572924
0.290000 -0.595203
0.300000 -0.617285
0.310000 -0.639163
0.320000 -0.660829
0.330000 -0.682277
0.340000 -0.703499
0.350000 -0.724488
0.360000 -0.745238
0.370000 -0.765742
0.380000 -0.785994
0.390000 -0.805988
0.400000 -0.825718
0.410000 -0.845177
0.420000 -0.864359
0.430000 -0.883260
0.440000 -0.901874
0.450000 -0.920195
0.460000 -0.938219
0.470000 -0.955940
0.480000 -0.973353
0.490000 -0.990454
0.500000 -1.007239
0.510000 -1.023703
0.520000 -1.039842
0.530000 -1.055652
0.540000 -1.071130
0.550000 -1.086272
0.560000 -1.101075
0.570000 -1.115535
0.580000 -1.129649
0.590000 -1.143415
0.600000 -1.156830
0.610000 -1.169891
0.620000 -1.182597
0.630000 -1.194945
0.640000 -1.206934
0.650000 -1.218561
0.660000 -1.229826
0.670000 -1.240726
0.680000 -1.251261
0.690000 -1.261430
0.700000 -1.271232
0.710000 -1.280666
0.720000 -1.289732
0.730000 -1.298431
0.740000 -1.306761
0.750000 -1.314722
0.760000 -1.322317
0.770000 -1.329543
0.780000 -1.336404
0.790000 -1.342898
0.800000 -1.349028
0.810000 -1.354794
0.820000 -1.360197
0.830000 -1.365240
0.840000 -1.369924
0.850000 -1.374250
0.860000 -1.378221
0.870000 -1.381838
0.880000 -1.385105
0.890000 -1.388023
0.900000 -1.390595
0.910000 -1.392824
0.920000 -1.394712
0.930000 -1.396262
0.940000 -1.397479
0.950000 -1.398364
0.960000 -1.398921
0.970000 -1.399154
0.980000 -1.399066
0.990000 -1.398661
1.000000 -1.397943
1.010000 -1.396916
1.020000 -1.395583
1.030000 -1.393950
1.040000 -1.392020
1.050000 -1.389797
1.060000 -1.387286
1.070000 -1.384492
1.080000 -1.381418
1.090000 -1.378071
1.100000 -1.374454
1.110000 -1.370573
1.120000 -1.366432
1.130000 -1.362036
1.140000 -1.357390
1.150000 -1.352499
1.160000 -1.347370
1.170000 -1.342005
1.180000 -1.336412
1.190000 -1.330595
1.200000 -1.324559
1.210000 -1.318310
1.220000 -1.311853
1.230000 -1.305194
1.240000 -1.298338
1.250000 -1.291291
1.260000 -1.284057
1.270000 -1.276643
1.280000 -1.269054
1.290000 -1.261295
1.300000 -1.253372
1.310000 -1.245291
1.320000 -1.237056
1.330000 -1.228674
1.340000 -1.220150
1.350000 -1.211489
1.360000 -1.202697
1.370000 -1.193779
1.380000 -1.184741
1.390000 -1.175588
1.400000 -1.166325
1.410000 -1.156958
1.420000 -1.147492
1.430000 -1.137932
1.440000 -1.128284
1.450000 -1.118552
1.460000 -1.108741
1.470000 -1.098858
1.480000 -1.088906
1.490000 -1.078892
1.500000 -1.068819
1.510000 -1.058692
1.520000 -1.048517
1.530000 -1.038298
1.540000 -1.028040
1.550000 -1.017747
1.560000 -1.007425
1.570000 -0.997077
1.580000 -0.986708
1.590000 -0.976322
1.600000 -0.965923
1.610000 -0.955517
1.620000 -0.945106
1.630000 -0.934696
1.640000 -0.924289
1.650000 -0.913890
1.660000 -0.903503
1.670000 -0.893132
1.680000 -0.882779
1.690000 -0.872450
1.700000 -0.862146
1.710000 -0.851872
1.720000 -0.841631
1.730000 -0.831427
1.740000 -0.821262
1.750000 -0.811139
1.760000 -0.801062
1.770000 -0.791034
1.780000 -0.781057
1.790000 -0.771133
1.800000 -0.761267
1.810000 -0.751460
1.820000 -0.741715
1.830000 -0.732035
1.840000 -0.722421
1.850000 -0.712876
1.860000 -0.703402
1.870000 -0.694001
1.880000 -0.684675
1.890000 -0.675427
1.900000 -0.666258
1.910000 -0.657169
1.920000 -0.648164
1.930000 -0.639242
1.940000 -0.630406
1.950000 -0.621657
1.960000 -0.612997
1.970000 -0.604426
1.980000 -0.595947
1.990000 -0.587560
2.000000 -0.579267
2.010000 -0.571068
2.020000 -0.562964
2.030000 -0.554957
2.040000 -0.547048
2.050000 -0.539236
2.060000 -0.531523
2.070000 -0.523909
2.080000 -0.516395
2.090000 -0.508982
2.100000 -0.501669
2.110000 -0.494458
2.120000 -0.487349
2.130000 -0.480341
2.140000 -0.473436
2.150000 -0.466634
2.160000 -0.459934
2.170000 -0.453336
2.180000 -0.446842
2.190000 -0.440450
2.200000 -0.434161
2.210000 -0.427974
2.220000 -0.421890
2.230000 -0.415908
2.240000 -0.410029
2.250000 -0.404251
2.260000 -0.398575
2.270000 -0.393000
2.280000 -0.387526
2.290000 -0.382153
2.300000 -0.376880
2.310000 -0.371706
2.320000 -0.366632
2.330000 -0.361656
2.340000 -0.356779
2.350000 -0.351999
2.360000 -0.347316
2.370000 -0.342729
2.380000 -0.338238
2.390000 -0.333843
2.400000 -0.329542
2.410000 -0.325334
2.420000 -0.321220
2.430000 -0.317198
2.440000 -0.313268
2.450000 -0.309429
2.460000 -0.305679
2.470000 -0.302019
2.480000 -0.298448
2.490000 -0.294964
2.500000 -0.291567
2.510000 -0.288257
2.520000 -0.285031
2.530000 -0.281890
2.540000 -0.278833
2.550000 -0.275858
2.560000 -0.272965
2.570000 -0.270154
2.580000 -0.267422
2.590000 -0.264770
2.600000 -0.262196
2.610000 -0.259699
2.620000 -0.257280
2.630000 -0.254936
2.640000 -0.252667
2.650000 -0.250472
2.660000 -0.248350
2.670000 -0.246300
2.680000 -0.244322
2.690000 -0.242414
2.700000 -0.240576
2.710000 -0.238806
2.720000 -0.237104
2.730000 -0.235470
2.740000 -0.233901
2.750000 -0.232398
2.760000 -0.230959
2.770000 -0.229583
2.780000 -0.228271
2.790000 -0.227020
2.800000 -0.225830
2.810000 -0.224700
2.820000 -0.223629
2.830000 -0.222617
2.840000 -0.221663
2.850000 -0.220765
2.860000 -0.219923
2.870000 -0.219136
2.880000 -0.218404
2.890000 -0.217725
2.900000 -0.217099
2.910000 -0.216525
2.920000 -0.216002
2.930000 -0.215529
2.940000 -0.215106
2.950000 -0.214732
2.960000 -0.214406
2.970000 -0.214127
2.980000 -0.213894
2.990000 -0.213708
3.000000 -0.213566
3.010000 -0.213469
3.020000 -0.213415
3.030000 -0.213405
3.040000 -0.213436
3.050000 -0.213509
3.060000 -0.213622
3.070000 -0.213776
3.080000 -0.213969
3.090000 -0.214201
3.100000 -0.214471
3.110000 -0.214778
3.120000 -0.215122
3.130000 -0.215502
3.140000 -0.215917
3.150000 -0.216368
3.160000 -0.216852
3.170000 -0.217370
3.180000 -0.217921
3.190000 -0.218504
3.200000 -0.219120
3.210000 -0.219766
3.220000 -0.220443
3.230000 -0.221150
3.240000 -0.221887
3.250000 -0.222652
3.260000 -0.223446
3.270000 -0.224268
3.280000 -0.225118
3.290000 -0.225994
3.300000 -0.226897
3.310000 -0.227825
3.320000 -0.228780
3.330000 -0.229759
3.340000 -0.230763
3.350000 -0.231790
3.360000 -0.232842
3.370000 -0.233917
3.380000 -0.235015
3.390000 -0.236135
3.400000 -0.237277
3.410000 -0.238441
3.420000 -0.239627
3.430000 -0.240833
3.440000 -0.242060
3.450000 -0.243308
3.460000 -0.244575
3.470000 -0.245863
3.480000 -0.247170
3.490000 -0.248496
3.500000 -0.249841
3.510000 -0.251204
3.520000 -0.252586
3.530000 -0.253987
3.540000 -0.255405
3.550000 -0.256841
3.560000 -0.258295
3.570000 -0.259766
3.580000 -0.261254
3.590000 -0.262759
3.600000 -0.264282
3.610000 -0.265821
3.620000 -0.267377
3.630000 -0.268949
3.640000 -0.270538
3.650000 -0.272143
3.660000 -0.273764
3.670000 -0.275401
3.680000 -0.277055
3.690000 -0.278724
3.700000 -0.280410
3.710000 -0.282111
3.720000 -0.283828
3.730000 -0.285561
3.740000 -0.287310
3.750000 -0.289075
3.760000 -0.290855
3.770000 -0.292651
3.780000 -0.294462
3.790000 -0.296289
3.800000 -0.298132
3.810000 -0.299990
3.820000 -0.301864
3.830000 -0.303754
3.840000 -0.305659
3.850000 -0.307579
3.860000 -0.309515
3.870000 -0.311466
3.880000 -0.313433
3.890000 -0.315415
3.900000 -0.317412
3.910000 -0.319424
3.920000 -0.321452
3.930000 -0.323494
3.940000 -0.325552
3.950000 -0.327624
3.960000 -0.329711
3.970000 -0.331813
3.980000 -0.333928
3.990000 -0.336059
4.000000 -0.338203
4.010000 -0.340361
4.020000 -0.342532
4.030000 -0.344717
4.040000 -0.346915
4.050000 -0.349126
4.060000 -0.351349
4.070000 -0.353585
4.080000 -0.355832
4.090000 -0.358090
4.100000 -0.360359
4.110000 -0.362638
4.120000 -0.364928
4.130000 -0.367226
4.140000 -0.369534
4.150000 -0.371850
4.160000 -0.374173
4.170000 -0.376503
4.180000 -0.378839
4.190000 -0.381181
4.200000 -0.383527
4.210000 -0.385877
4.220000 -0.388229
4.230000 -0.390584
4.240000 -0.392940
4.250000 -0.395295
4.260000 -0.397649
4.270000 -0.400002
4.280000 -0.402351
4.290000 -0.404695
4.300000 -0.407033
4.310000 -0.409365
4.320000 -0.411687
4.330000 -0.414000
4.340000 -0.416302
4.350000 -0.418591
4.360000 -0.420865
4.370000 -0.423123
4.380000 -0.425364
4.390000 -0.427585
4.400000 -0.429786
4.410000 -0.431963
4.420000 -0.434115
4.430000 -0.436241
4.440000 -0.438338
4.450000 -0.440404
4.460000 -0.442437
4.470000 -0.444435
4.480000 -0.446396
4.490000 -0.448318
4.500000 -0.450197
4.510000 -0.452033
4.520000 -0.453823
4.530000 -0.455563
4.540000 -0.457252
4.550000 -0.458887
4.560000 -0.460466
4.570000 -0.461985
4.580000 -0.463443
4.590000 -0.464836
4.600000 -0.466162
4.610000 -0.467418
4.620000 -0.468601
4.630000 -0.469708
4.640000 -0.470737
4.650000 -0.471684
4.660000 -0.472546
4.670000 -0.473320
4.680000 -0.474004
4.690000 -0.474594
4.700000 -0.475087
4.710000 -0.475481
4.720000 -0.475771
4.730000 -0.475955
4.740000 -0.476029
4.750000 -0.475991
4.760000 -0.475837
4.770000 -0.475563
4.780000 -0.475168
4.790000 -0.474646
4.800000 -0.473996
4.810000 -0.473214
4.820000 -0.472297
4.830000 -0.471240
4.840000 -0.470043
4.850000 -0.468700
4.860000 -0.467209
4.870000 -0.465566
4.880000 -0.463769
4.890000 -0.461814
4.900000 -0.459698
4.910000 -0.457419
4.920000 -0.454972
4.930000 -0.452355
4.940000 -0.449565
4.950000 -0.446599
4.960000 -0.443454
4.970000 -0.440127
4.980000 -0.436615
4.990000 -0.432915
5.000000 -0.429026
5.010000 -0.424943
5.020000 -0.420665
5.030000 -0.416189
5.040000 -0.411512
5.050000 -0.406632
5.060000 -0.401547
5.070000 -0.396255
5.080000 -0.390752
5.090000 -0.385038
5.100000 -0.379109
5.110000 -0.372965
5.120000 -0.366603
5.130000 -0.360022
5.140000 -0.353219
5.150000 -0.346194
5.160000 -0.338945
5.170000 -0.331470
5.180000 -0.323769
5.190000 -0.315840
5.200000 -0.307681
5.210000 -0.299294
5.220000 -0.290675
5.230000 -0.281825
5.240000 -0.272744
5.250000 -0.263430
5.260000 -0.253884
5.270000 -0.244104
5.280000 -0.234093
5.290000 -0.223848
5.300000 -0.213371
5.310000 -0.202662
5.320000 -0.191721
5.330000 -0.180549
5.340000 -0.169147
5.350000 -0.157516
5.360000 -0.145656
5.370000 -0.133569
5.380000 -0.121256
5.390000 -0.108719
5.400000 -0.095959
5.410000 -0.082979
5.420000 -0.069779
5.430000 -0.056362
5.440000 -0.042730
5.450000 -0.028886
5.460000 -0.014832
5.470000 -0.000570
5.480000 0.013896
5.490000 0.028564
5.500000 0.043430
5.510000 0.058492
5.520000 0.073746
5.530000 0.089188
5.540000 0.104815
5.550000 0.120623
5.560000 0.136608
5.570000 0.152766
5.580000 0.169093
5.590000 0.185584
5.600000 0.202235
5.610000 0.219042
5.620000 0.235999
5.630000 0.253102
5.640000 0.270346
5.650000 0.287725
5.660000 0.305235
5.670000 0.322869
5.680000 0.340623
5.690000 0.358491
5.700000 0.376467
5.710000 0.394545
5.720000 0.412720
5.730000 0.430985
5.740000 0.449334
5.750000 0.467761
5.760000 0.486260
5.770000 0.504824
5.780000 0.523446
5.790000 0.542121
5.800000 0.560840
5.810000 0.579599
5.820000 0.598389
5.830000 0.617204
5.840000 0.636037
5.850000 0.654881
5.860000 0.673728
5.870000 0.692572
5.880000 0.711406
5.890000 0.730222
5.900000 0.749013
5.910000 0.767772
5.920000 0.786491
5.930000 0.805162
5.940000 0.823780
5.950000 0.842336
5.960000 0.860822
5.970000 0.879232
5.980000 0.897557
5.990000 0.915792
6.000000 0.933927
6.010000 0.951955
6.020000 0.969870
6.030000 0.987664
6.040000 1.005329
6.050000 1.022859
6.060000 1.040245
6.070000 1.057481
6.080000 1.074559
6.090000 1.091472
6.100000 1.108213
6.110000 1.124776
6.120000 1.141152
6.130000 1.157335
6.140000 1.173318
6.150000 1.189095
6.160000 1.204658
6.170000 1.220001
6.180000 1.235118
6.190000 1.250001
6.200000 1.264645
6.210000 1.279044
6.220000 1.293190
6.230000 1.307078
6.240000 1.320703
6.250000 1.334057
6.260000 1.347136
6.270000 1.359934
6.280000 1.372446
6.290000 1.384665
6.300000 1.396587
6.310000 1.408207
6.320000 1.419519
6.330000 1.430519
6.340000 1.441203
6.350000 1.451565
6.360000 1.461602
6.370000 1.471308
6.380000 1.480681
6.390000 1.489716
6.400000 1.498409
6.410000 1.506756
6.420000 1.514755
6.430000 1.522403
6.440000 1.529695
6.450000 1.536629
6.460000 1.543202
6.470000 1.549412
6.480000 1.555256
6.490000 1.560732
6.500000 1.565838
6.510000 1.570572
6.520000 1.574932
6.530000 1.578918
6.540000 1.582526
6.550000 1.585757
6.560000 1.588608
6.570000 1.591081
6.580000 1.593172
6.590000 1.594884
6.600000 1.596214
6.610000 1.597163
6.620000 1.597731
6.630000 1.597918
6.640000 1.597725
6.650000 1.597152
6.660000 1.596200
6.670000 1.594870
6.680000 1.593163
6.690000 1.591081
6.700000 1.588625
6.710000 1.585796
6.720000 1.582597
6.730000 1.579029
6.740000 1.575094
6.750000 1.570796
6.760000 1.566135
6.770000 1.561116
6.780000 1.555741
6.790000 1.550012
6.800000 1.543934
6.810000 1.537508
6.820000 1.530739
6.830000 1.523630
6.840000 1.516185
6.850000 1.508407
6.860000 1.500302
6.870000 1.491871
6.880000 1.483121
6.890000 1.474056
6.900000 1.464679
6.910000 1.454995
6.920000 1.445010
6.930000 1.434728
6.940000 1.424154
6.950000 1.413293
6.960000 1.402151
6.970000 1.390732
6.980000 1.379042
6.990000 1.367087
7.000000 1.354872
7.010000 1.342403
7.020000 1.329685
7.030000 1.316724
7.040000 1.303527
7.050000 1.290099
7.060000 1.276447
7.070000 1.262576
7.080000 1.248492
7.090000 1.234202
7.100000 1.219712
7.110000 1.205029
7.120000 1.190159
7.130000 1.175108
7.140000 1.159883
7.150000 1.144490
7.160000 1.128936
7.170000 1.113227
7.180000 1.097370
7.190000 1.081372
7.200000 1.065239
7.210000 1.048978
7.220000 1.032595
7.230000 1.016098
7.240000 0.999492
7.250000 0.982784
7.260000 0.965982
7.270000 0.949091
7.280000 0.932118
7.290000 0.915071
7.300000 0.897954
7.310000 0.880776
7.320000 0.863542
7.330000 0.846260
7.340000 0.828934
7.350000 0.811573
7.360000 0.794182
7.370000 0.776767
7.380000 0.759335
7.390000 0.741893
7.400000 0.724445
7.410000 0.706999
7.420000 0.689561
7.430000 0.672136
7.440000 0.654730
7.450000 0.637350
7.460000 0.620000
7.470000 0.602688
7.480000 0.585418
7.490000 0.568196
7.500000 0.551028
7.510000 0.533919
7.520000 0.516874
7.530000 0.499899
7.540000 0.482998
7.550000 0.466178
7.560000 0.449442
7.570000 0.432795
7.580000 0.416244
7.590000 0.399791
7.600000 0.383443
7.610000 0.367203
7.620000 0.351075
7.630000 0.335064
7.640000 0.319175
7.650000 0.303411
7.660000 0.287776
7.670000 0.272275
7.680000 0.256910
7.690000 0.241687
7.700000 0.226607
7.710000 0.211675
7.720000 0.196894
7.730000 0.182267
7.740000 0.167797
7.750000 0.153488
7.760000 0.139342
7.770000 0.125362
7.780000 0.111551
7.790000 0.097911
7.800000 0.084445
7.810000 0.071155
7.820000 0.058043
7.830000 0.045112
7.840000 0.032363
7.850000 0.019798
7.860000 0.007420
7.870000 -0.004771
7.880000 -0.016773
7.890000 -0.028583
7.900000 -0.040202
7.910000 -0.051627
7.920000 -0.062858
7.930000 -0.073893
7.940000 -0.084731
7.950000 -0.095373
7.960000 -0.105816
7.970000 -0.116060
7.980000 -0.126106
7.990000 -0.135951
8.000000 -0.145597
8.010000 -0.155043
8.020000 -0.164288
8.030000 -0.173333
8.040000 -0.182178
8.050000 -0.190822
8.060000 -0.199267
8.070000 -0.207512
8.080000 -0.215558
8.090000 -0.223405
8.100000 -0.231054
8.110000 -0.238505
8.120000 -0.245760
8.130000 -0.252819
8.140000 -0.259683
8.150000 -0.266353
8.160000 -0.272829
8.170000 -0.279114
8.180000 -0.285208
8.190000 -0.291113
8.200000 -0.296829
8.210000 -0.302359
8.220000 -0.307703
8.230000 -0.312863
8.240000 -0.317841
8.250000 -0.322638
8.260000 -0.327257
8.270000 -0.331697
8.280000 -0.335963
8.290000 -0.340054
8.300000 -0.343973
8.310000 -0.347723
8.320000 -0.351304
8.330000 -0.354719
8.340000 -0.357970
8.350000 -0.361060
8.360000 -0.363989
8.370000 -0.366760
8.380000 -0.369376
8.390000 -0.371838
8.400000 -0.374150
8.410000 -0.376312
8.420000 -0.378327
8.430000 -0.380198
8.440000 -0.381927
8.450000 -0.383516
8.460000 -0.384968
8.470000 -0.386284
8.480000 -0.387468
8.490000 -0.388522
8.500000 -0.389447
8.510000 -0.390247
8.520000 -0.390924
8.530000 -0.391480
8.540000 -0.391918
8.550000 -0.392240
8.560000 -0.392448
8.570000 -0.392545
8.580000 -0.392534
8.590000 -0.392416
8.600000 -0.392194
8.610000 -0.391871
8.620000 -0.391449
8.630000 -0.390931
8.640000 -0.390318
8.650000 -0.389613
8.660000 -0.388818
8.670000 -0.387936
8.680000 -0.386969
8.690000 -0.385920
8.700000 -0.384790
8.710000 -0.383582
8.720000 -0.382298
8.730000 -0.380940
8.740000 -0.379511
8.750000 -0.378013
8.760000 -0.376448
8.770000 -0.374817
8.780000 -0.373124
8.790000 -0.371370
8.800000 -0.369558
8.810000 -0.367688
8.820000 -0.365765
8.830000 -0.363788
8.840000 -0.361761
8.850000 -0.359685
8.860000 -0.357562
8.870000 -0.355394
8.880000 -0.353183
8.890000 -0.350931
8.900000 -0.348639
8.910000 -0.346309
8.920000 -0.343943
8.930000 -0.341543
8.940000 -0.339110
8.950000 -0.336646
8.960000 -0.334152
8.970000 -0.331631
8.980000 -0.329083
8.990000 -0.326510
9.000000 -0.323913
9.010000 -0.321295
9.020000 -0.318656
9.030000 -0.315997
9.040000 -0.313321
9.050000 -0.310628
9.060000 -0.307920
9.070000 -0.305198
9.080000 -0.302463
9.090000 -0.299716
9.100000 -0.296959
9.110000 -0.294192
9.120000 -0.291417
9.130000 -0.288635
9.140000 -0.285847
9.150000 -0.283054
9.160000 -0.280256
9.170000 -0.277455
9.180000 -0.274652
9.190000 -0.271847
9.200000 -0.269042
9.210000 -0.266236
9.220000 -0.263432
9.230000 -0.260630
9.240000 -0.257831
9.250000 -0.255035
9.260000 -0.252242
9.270000 -0.249455
9.280000 -0.246673
9.290000 -0.243897
9.300000 -0.241128
9.310000 -0.238366
9.320000 -0.235611
9.330000 -0.232865
9.340000 -0.230128
9.350000 -0.227400
9.360000 -0.224682
9.370000 -0.221975
9.380000 -0.219278
9.390000 -0.216592
9.400000 -0.213918
9.410000 -0.211256
9.420000 -0.208606
9.430000 -0.205968
9.440000 -0.203344
9.450000 -0.200733
9.460000 -0.198136
9.470000 -0.195552
9.480000 -0.192983
9.490000 -0.190428
9.500000 -0.187888
9.510000 -0.185363
9.520000 -0.182853
9.530000 -0.180358
9.540000 -0.177879
9.550000 -0.175416
9.560000 -0.172968
9.570000 -0.170536
9.580000 -0.168121
9.590000 -0.165722
9.600000 -0.163340
9.610000 -0.160974
9.620000 -0.158625
9.630000 -0.156292
9.640000 -0.153977
9.650000 -0.151678
9.660000 -0.149397
9.670000 -0.147133
9.680000 -0.144886
9.690000 -0.142656
9.700000 -0.140444
9.710000 -0.138249
9.720000 -0.136072
9.730000 -0.133912
9.740000 -0.131769
9.750000 -0.129645
9.760000 -0.127538
9.770000 -0.125448
9.780000 -0.123377
9.790000 -0.121323
9.800000 -0.119287
9.810000 -0.117269
9.820000 -0.115268
9.830000 -0.113286
9.840000 -0.111321
9.850000 -0.109374
9.860000 -0.107445
9.870000 -0.105534
9.880000 -0.103641
9.890000 -0.101766
9.900000 -0.099909
9.910000 -0.098070
9.920000 -0.096249
9.930000 -0.094446
9.940000 -0.092662
9.950000 -0.090895
9.960000 -0.089147
9.970000 -0.087417
9.980000 -0.085705
9.990000 -0.084012
10.000000 -0.082337
10.010000 -0.080680
10.020000 -0.079042
10.030000 -0.077423
10.040000 -0.075822
10.050000 -0.074240
10.060000 -0.072677
10.070000 -0.071133
10.080000 -0.069607
10.090000 -0.068101
10.100000 -0.066614
10.110000 -0.065146
10.120000 -0.063698
10.130000 -0.062270
10.140000 -0.060861
10.150000 -0.059471
10.160000 -0.058102
10.170000 -0.056753
10.180000 -0.055425
10.190000 -0.054116
10.200000 -0.052829
10.210000 -0.051562
10.220000 -0.050316
10.230000 -0.049092
10.240000 -0.047889
10.250000 -0.046708
10.260000 -0.045548
10.270000 -0.044411
10.280000 -0.043296
10.290000 -0.042204
10.300000 -0.041135
10.310000 -0.040089
10.320000 -0.039067
10.330000 -0.038069
10.340000 -0.037094
10.350000 -0.036144
10.360000 -0.035220
10.370000 -0.034320
10.380000 -0.033445
10.390000 -0.032597
10.400000 -0.031775
10.410000 -0.030979
10.420000 -0.030211
10.430000 -0.029470
10.440000 -0.028757
10.450000 -0.028072
10.460000 -0.027416
10.470000 -0.026789
10.480000 -0.026192
10.490000 -0.025625
10.500000 -0.025089
10.510000 -0.024584
10.520000 -0.024110
10.530000 -0.023668
10.540000 -0.023260
10.550000 -0.022884
10.560000 -0.022542
10.570000 -0.022234
10.580000 -0.021961
10.590000 -0.021723
10.600000 -0.021522
10.610000 -0.021357
10.620000 -0.021229
10.630000 -0.021138
10.640000 -0.021086
10.650000 -0.021073
10.660000 -0.021099
10.670000 -0.021166
10.680000 -0.021273
10.690000 -0.021422
10.700000 -0.021612
10.710000 -0.021845
10.720000 -0.022122
10.730000 -0.022442
10.740000 -0.022807
10.750000 -0.023217
10.760000 -0.023672
10.770000 -0.024175
10.780000 -0.024724
10.790000 -0.025321
10.800000 -0.025966
10.810000 -0.026660
10.820000 -0.027404
10.830000 -0.028198
10.840000 -0.029043
10.850000 -0.029939
10.860000 -0.030888
10.870000 -0.031889
10.880000 -0.032943
10.890000 -0.034051
10.900000 -0.035213
10.910000 -0.036431
10.920000 -0.037703
10.930000 -0.039032
10.940000 -0.040418
10.950000 -0.041860
10.960000 -0.043360
10.970000 -0.044918
10.980000 -0.046534
10.990000 -0.048210
11.000000 -0.049945
11.010000 -0.051739
11.020000 -0.053594
11.030000 -0.055509
11.040000 -0.057486
11.050000 -0.059523
11.060000 -0.061622
11.070000 -0.063782
11.080000 -0.066005
11.090000 -0.068290
11.100000 -0.070637
11.110000 -0.073047
11.120000 -0.075520
11.130000 -0.078056
11.140000 -0.080654
11.150000 -0.083316
11.160000 -0.086040
11.170000 -0.088828
11.180000 -0.091678
11.190000 -0.094592
11.200000 -0.097568
11.210000 -0.100607
11.220000 -0.103708
11.230000 -0.106871
11.240000 -0.110097
11.250000 -0.113384
11.260000 -0.116732
11.270000 -0.120142
11.280000 -0.123611
11.290000 -0.127141
11.300000 -0.130731
11.310000 -0.134379
11.320000 -0.138086
11.330000 -0.141851
11.340000 -0.145673
11.350000 -0.149552
11.360000 -0.153486
11.370000 -0.157476
11.380000 -0.161519
11.390000 -0.165616
11.400000 -0.169765
11.410000 -0.173965
11.420000 -0.178216
11.430000 -0.182516
11.440000 -0.186864
11.450000 -0.191260
11.460000 -0.195701
11.470000 -0.200187
11.480000 -0.204717
11.490000 -0.209289
11.500000 -0.213901
11.510000 -0.218553
11.520000 -0.223243
11.530000 -0.227970
11.540000 -0.232732
11.550000 -0.237527
11.560000 -0.242354
11.570000 -0.247211
11.580000 -0.252097
11.590000 -0.257009
11.600000 -0.261947
11.610000 -0.266908
11.620000 -0.271891
11.630000 -0.276893
11.640000 -0.281914
11.650000 -0.286950
11.660000 -0.292000
11.670000 -0.297062
11.680000 -0.302134
11.690000 -0.307214
11.700000 -0.312300
11.710000 -0.317390
11.720000 -0.322481
11.730000 -0.327572
11.740000 -0.332661
11.750000 -0.337744
11.760000 -0.342821
11.770000 -0.347888
11.780000 -0.352944
11.790000 -0.357985
11.800000 -0.363011
11.810000 -0.368019
11.820000 -0.373006
11.830000 -0.377970
11.840000 -0.382909
11.850000 -0.387820
11.860000 -0.392702
11.870000 -0.397551
11.880000 -0.402365
11.890000 -0.407143
11.900000 -0.411881
11.910000 -0.416577
11.920000 -0.421230
11.930000 -0.425836
11.940000 -0.430394
11.950000 -0.434900
11.960000 -0.439354
11.970000 -0.443752
11.980000 -0.448091
11.990000 -0.452371
12.000000 -0.456588
12.010000 -0.460741
12.020000 -0.464827
12.030000 -0.468844
12.040000 -0.472789
12.050000 -0.476661
12.060000 -0.480458
12.070000 -0.484177
12.080000 -0.487816
12.090000 -0.491373
12.100000 -0.494847
12.110000 -0.498235
12.120000 -0.501535
12.130000 -0.504745
12.140000 -0.507864
12.150000 -0.510890
12.160000 -0.513821
12.170000 -0.516655
12.180000 -0.519390
12.190000 -0.522025
12.200000 -0.524558
12.210000 -0.526988
12.220000 -0.529313
12.230000 -0.531531
12.240000 -0.533642
12.250000 -0.535643
12.260000 -0.537534
12.270000 -0.539314
12.280000 -0.540980
12.290000 -0.542532
12.300000 -0.543968
12.310000 -0.545289
12.320000 -0.546492
12.330000 -0.547577
12.340000 -0.548543
12.350000 -0.549388
12.360000 -0.550114
12.369999 -0.550717
12.379999 -0.551199
12.389999 -0.551558
12.399999 -0.551795
12.409999 -0.551907
12.419999 -0.551896
12.429999 -0.551761
12.439999 -0.551501
12.449999 -0.551116
12.459999 -0.550607
12.469999 -0.549972
12.479999 -0.549213
12.489999 -0.548329
12.499999 -0.547321
12.509999 -0.546187
12.519999 -0.544930
12.529999 -0.543549
12.539999 -0.542044
12.549999 -0.540415
12.559999 -0.538665
12.569999 -0.536792
12.579999 -0.534797
12.589999 -0.532682
12.599999 -0.530447
12.609999 -0.528092
12.619999 -0.525620
12.629999 -0.523029
12.639999 -0.520322
12.649999 -0.517500
12.659999 -0.514563
12.669999 -0.511513
12.679999 -0.508351
12.689999 -0.505077
12.699999 -0.501695
12.709999 -0.498204
12.719999 -0.494606
12.729999 -0.490903
12.739999 -0.487096
12.749999 -0.483187
12.759999 -0.479177
12.769999 -0.475068
12.779999 -0.470861
12.789999 -0.466559
12.799999 -0.462162
12.809999 -0.457674
12.819999 -0.453095
12.829999 -0.448427
12.839999 -0.443673
12.849999 -0.438834
12.859999 -0.433913
12.869999 -0.428910
12.879999 -0.423829
12.889999 -0.418672
12.899999 -0.413440
12.909999 -0.408135
12.919999 -0.402760
12.929999 -0.397317
12.939999 -0.391808
12.949999 -0.386235
12.959999 -0.380601
12.969999 -0.374907
12.979999 -0.369156
12.989999 -0.363350
12.999999 -0.357492
13.009999 -0.351584
13.019999 -0.345627
13.029999 -0.339625
13.039999 -0.333580
13.049999 -0.327493
13.059999 -0.321368
13.069999 -0.315206
13.079999 -0.309010
13.089999 -0.302782
13.099999 -0.296525
13.109999 -0.290241
13.119999 -0.283932
13.129999 -0.277601
13.139999 -0.271249
13.149999 -0.264879
13.159999 -0.258494
13.169999 -0.252095
13.179999 -0.245685
13.189999 -0.239266
13.199999 -0.232841
13.209999 -0.226411
13.219999 -0.219980
13.229999 -0.213548
13.239999 -0.207118
13.249999 -0.200692
13.259999 -0.194273
13.269999 -0.187863
13.279999 -0.181463
13.289999 -0.175075
13.299999 -0.168703
13.309999 -0.162347
13.319999 -0.156009
13.329999 -0.149693
13.339999 -0.143399
13.349999 -0.137129
13.359999 -0.130886
13.369999 -0.124671
13.379999 -0.118486
13.389999 -0.112333
13.399999 -0.106213
13.409999 -0.100129
13.419999 -0.094082
13.429999 -0.088073
13.439999 -0.082104
13.449999 -0.076177
13.459999 -0.070294
13.469999 -0.064455
13.479999 -0.058663
13.489999 -0.052918
13.499999 -0.047223
13.509999 -0.041578
13.519999 -0.035985
13.529999 -0.030446
13.539999 -0.024961
13.549999 -0.019531
13.559999 -0.014159
13.569999 -0.008844
13.579999 -0.003589
13.589999 0.001606
13.599999 0.006740
13.609999 0.011811
13.619999 0.016819
13.629999 0.021763
13.639999 0.026642
13.649999 0.031455
13.659999 0.036201
13.669999 0.040880
13.679999 0.045490
13.689999 0.050031
13.699999 0.054503
13.709999 0.058904
13.719999 0.063234
13.729999 0.067493
13.739999 0.071680
13.749999 0.075794
13.759999 0.079835
13.769999 0.083802
13.779999 0.087696
13.789999 0.091516
13.799999 0.095261
13.809999 0.098931
13.819999 0.102526
13.829999 0.106046
13.839999 0.109490
13.849999 0.112858
13.859999 0.116151
13.869999 0.119367
13.879999 0.122508
13.889999 0.125572
13.899999 0.128561
13.909999 0.131473
13.919999 0.134309
13.929999 0.137069
13.939999 0.139753
13.949999 0.142362
13.959999 0.144894
13.969999 0.147352
13.979999 0.149734
13.989999 0.152040
13.999999 0.154272
14.009999 0.156430
14.019999 0.158513
14.029999 0.160522
14.039999 0.162458
14.049999 0.164320
14.059999 0.166110
14.069999 0.167827
14.079999 0.169472
14.089999 0.171046
14.099999 0.172548
14.109999 0.173980
14.119999 0.175341
14.129999 0.176633
14.139999 0.177856
14.149999 0.179011
14.159999 0.180097
14.169999 0.181117
14.179999 0.182069
14.189999 0.182956
14.199999 0.183777
14.209999 0.184533
14.219999 0.185225
14.229999 0.185854
14.239999 0.186420
14.249999 0.186924
14.259999 0.187366
14.269999 0.187748
14.279999 0.188071
14.289999 0.188334
14.299999 0.188539
14.309999 0.188687
14.319999 0.188778
14.329999 0.188814
14.339999 0.188794
14.349999 0.188720
14.359999 0.188593
14.369999 0.188414
14.379999 0.188183
14.389999 0.187901
14.399999 0.187569
14.409999 0.187188
14.419999 0.186760
14.429999 0.186284
14.439999 0.185762
14.449999 0.185195
14.459999 0.184583
14.469999 0.183928
14.479999 0.183230
14.489999 0.182490
14.499999 0.181710
14.509999 0.180891
14.519999 0.180032
14.529999 0.179136
14.539999 0.178203
14.549999 0.177234
14.559999 0.176231
14.569999 0.175193
14.579999 0.174123
14.589999 0.173020
14.599999 0.171887
14.609999 0.170724
14.619999 0.169532
14.629999 0.168311
14.639999 0.167064
14.649999 0.165791
14.659999 0.164492
14.669999 0.163170
14.679999 0.161825
14.689999 0.160457
14.699999 0.159069
14.709999 0.157660
14.719999 0.156232
14.729999 0.154786
14.739999 0.153323
14.749999 0.151844
14.759999 0.150349
14.769999 0.148840
14.779999 0.147318
14.789999 0.145784
14.799999 0.144238
14.809999 0.142682
14.819999 0.141116
14.829999 0.139541
14.839999 0.137959
14.849999 0.136370
14.859999 0.134775
14.869999 0.133176
14.879999 0.131572
14.889999 0.129965
14.899999 0.128356
14.909999 0.126746
14.919999 0.125135
14.929999 0.123524
14.939999 0.121915
14.949999 0.120307
14.959999 0.118702
14.969999 0.117101
14.979999 0.115505
14.989999 0.113913
14.999999 0.112327
15.009999 0.110749
15.019999 0.109177
15.029999 0.107614
15.039999 0.106059
15.049999 0.104515
15.059999 0.102980
15.069999 0.101457
15.079999 0.099945
15.089999 0.098445
15.099999 0.096958
15.109999 0.095485
15.119999 0.094025
15.129999 0.092581
15.139999 0.091151
15.149999 0.089737
15.159999 0.088340
15.169999 0.086959
15.179999 0.085595
15.189999 0.084249
15.199999 0.082921
15.209999 0.081612
15.219999 0.080321
15.229999 0.079050
15.239999 0.077799
15.249999 0.076567
15.259999 0.075356
15.269999 0.074166
15.279999 0.072996
15.289999 0.071848
15.299999 0.070721
15.309999 0.069616
15.319999 0.068532
15.329999 0.067471
15.339999 0.066432
15.349999 0.065415
15.359999 0.064421
15.369999 0.063449
15.379999 0.062500
15.389999 0.061574
15.399999 0.060670
15.409999 0.059789
15.419999 0.058931
15.429999 0.058095
15.439999 0.057282
15.449999 0.056492
15.459999 0.055725
15.469999 0.054979
15.479999 0.054256
15.489999 0.053556
15.499999 0.052877
15.509999 0.052220
15.519999 0.051585
15.529999 0.050971
15.539999 0.050378
15.549999 0.049807
15.559999 0.049256
15.569999 0.048726
15.579999 0.048215
15.589999 0.047725
15.599999 0.047254
15.609999 0.046803
15.619999 0.046370
15.629999 0.045956
15.639999 0.045560
15.649999 0.045182
15.659999 0.044821
15.669999 0.044478
15.679999 0.044151
15.689999 0.043840
15.699999 0.043545
15.709999 0.043265
15.719999 0.043001
15.729999 0.042751
15.739999 0.042515
15.749999 0.042292
15.759999 0.042083
15.769999 0.041887
15.779999 0.041703
15.789999 0.041531
15.799999 0.041370
15.809999 0.041220
15.819999 0.041081
15.829999 0.040951
15.839999 0.040832
15.849999 0.040722
15.859999 0.040620
15.869999 0.040527
15.879999 0.040442
15.889999 0.040364
15.899999 0.040293
15.909999 0.040229
15.919999 0.040172
15.929999 0.040121
15.939999 0.040075
15.949999 0.040034
15.959999 0.039999
15.969999 0.039968
15.979999 0.039942
15.989999 0.039920
15.999999 0.039901
16.009999 0.039886
16.019999 0.039875
16.029999 0.039867
16.039999 0.039862
16.049999 0.039859
16.059999 0.039859
16.069999 0.039862
16.079999 0.039868
16.089999 0.039875
16.099999 0.039885
16.109999 0.039897
16.119999 0.039912
16.129999 0.039929
16.139999 0.039948
16.149999 0.039970
16.159999 0.039994
16.169999 0.040021
16.179999 0.040051
16.189999 0.040083
16.199999 0.040119
16.209999 0.040159
16.219999 0.040202
16.229999 0.040249
16.239999 0.040300
16.249999 0.040357
16.259999 0.040418
16.269999 0.040485
16.279999 0.040558
16.289999 0.040637
16.299999 0.040724
16.309999 0.040818
16.319999 0.040920
16.329999 0.041030
16.339999 0.041150
16.349999 0.041280
16.359999 0.041421
16.369999 0.041573
16.379999 0.041737
16.389999 0.041914
16.399999 0.042105
16.409999 0.042310
16.419999 0.042531
16.429999 0.042768
16.439999 0.043022
16.449999 0.043294
16.459999 0.043585
16.469999 0.043897
16.479999 0.044229
16.489999 0.044583
16.499999 0.044960
16.509999 0.045362
16.519999 0.045788
16.529999 0.046241
16.539999 0.046722
16.549999 0.047231
16.559999 0.047770
16.569999 0.048339
16.579999 0.048941
16.589999 0.049576
16.599999 0.050246
16.609999 0.050951
16.619999 0.051693
16.629999 0.052473
16.639999 0.053293
16.649999 0.054153
16.659999 0.055055
16.669999 0.056001
16.679999 0.056990
16.689999 0.058026
16.699999 0.059108
16.709999 0.060238
16.719999 0.061418
16.729999 0.062648
16.739999 0.063930
16.749999 0.065265
16.759999 0.066654
16.769999 0.068099
16.779999 0.069600
16.789999 0.071159
16.799999 0.072777
16.809999 0.074456
16.819999 0.076195
16.829999 0.077997
16.839999 0.079862
16.849999 0.081791
16.859999 0.083786
16.869999 0.085847
16.879999 0.087976
16.889999 0.090173
16.899999 0.092439
16.909999 0.094776
16.919999 0.097183
16.929999 0.099662
16.939999 0.102214
16.949999 0.104839
16.959999 0.107538
16.969999 0.110311
16.979999 0.113160
16.989999 0.116084
16.999999 0.119085
17.009999 0.122163
17.019999 0.125317
17.029999 0.128549
17.039999 0.131859
17.049999 0.135247
17.059999 0.138714
17.069999 0.142258
17.079999 0.145882
17.089999 0.149584
17.099999 0.153365
17.109999 0.157224
17.119999 0.161162
17.129999 0.165178
17.139999 0.169273
17.149999 0.173445
17.159999 0.177694
17.169999 0.182020
17.179999 0.186423
17.189999 0.190902
17.199999 0.195456
17.209999 0.200085
17.219999 0.204787
17.229999 0.209563
17.239999 0.214411
17.249999 0.219330
17.259999 0.224320
17.269999 0.229378
17.279999 0.234505
17.289999 0.239699
17.299999 0.244958
17.309999 0.250282
17.319999 0.255668
17.329999 0.261116
17.339999 0.266623
17.349999 0.272189
17.359999 0.277812
17.369999 0.283490
17.379999 0.289220
17.389999 0.295002
17.399999 0.300833
17.409999 0.306712
17.419999 0.312636
17.429999 0.318603
17.439999 0.324612
17.449999 0.330659
17.459999 0.336743
17.469999 0.342861
17.479999 0.349011
17.489999 0.355191
17.499999 0.361397
17.509999 0.367628
17.519999 0.373881
17.529999 0.380153
17.539999 0.386442
17.549999 0.392744
17.559999 0.399058
17.569999 0.405380
17.579999 0.411707
17.589999 0.418036
17.599999 0.424365
17.609999 0.430690
17.619999 0.437009
17.629999 0.443319
17.639999 0.449615
17.649999 0.455896
17.659999 0.462158
17.669999 0.468398
17.679999 0.474613
17.689999 0.480799
17.699999 0.486954
17.709999 0.493074
17.719999 0.499155
17.729999 0.505195
17.739999 0.511190
17.749999 0.517137
17.759999 0.523033
17.769999 0.528874
17.779999 0.534657
17.789999 0.540378
17.799999 0.546035
17.809999 0.551624
17.819999 0.557142
17.829999 0.562585
17.839999 0.567950
17.849999 0.573234
17.859999 0.578433
17.869999 0.583545
17.879999 0.588565
17.889999 0.593492
17.899999 0.598321
17.909999 0.603050
17.919999 0.607675
17.929999 0.612193
17.939999 0.616601
17.949999 0.620897
17.959999 0.625076
17.969999 0.629137
17.979999 0.633076
17.989999 0.636890
17.999999 0.640577
18.009999 0.644133
18.019999 0.647556
18.029999 0.650844
18.039999 0.653993
18.049999 0.657000
18.059999 0.659865
18.069999 0.662583
18.079999 0.665153
18.089999 0.667572
18.099999 0.669838
18.109999 0.671948
18.119999 0.673901
18.129999 0.675694
18.139999 0.677326
18.149999 0.678794
18.159999 0.680096
18.169999 0.681231
18.179999 0.682197
18.189999 0.682992
18.199999 0.683615
18.209999 0.684063
18.219999 0.684337
18.229999 0.684434
18.239999 0.684353
18.249999 0.684093
18.259999 0.683652
18.269999 0.683031
18.279999 0.682227
18.289999 0.681240
18.299999 0.680070
18.309999 0.678714
18.319999 0.677174
18.329999 0.675449
18.339999 0.673537
18.349999 0.671439
18.359999 0.669155
18.369999 0.666684
18.379999 0.664026
18.389999 0.661182
18.399999 0.658151
18.409999 0.654934
18.419999 0.651530
18.429999 0.647942
18.439999 0.644168
18.449999 0.640209
18.459999 0.636067
18.469999 0.631741
18.479999 0.627234
18.489999 0.622544
18.499999 0.617675
18.509999 0.612626
18.519999 0.607400
18.529999 0.601997
18.539999 0.596418
18.549999 0.590665
18.559999 0.584740
18.569999 0.578645
18.579999 0.572380
18.589999 0.565948
18.599999 0.559350
18.609999 0.552590
18.619999 0.545667
18.629999 0.538586
18.639999 0.531347
18.649999 0.523953
18.659999 0.516406
18.669999 0.508710
18.679999 0.500865
18.689999 0.492875
18.699999 0.484743
18.709999 0.476471
18.719999 0.468061
18.729999 0.459517
18.739999 0.450841
18.749999 0.442036
18.759999 0.433105
18.769999 0.424052
18.779999 0.414879
18.789999 0.405590
18.799999 0.396187
18.809999 0.386673
18.819999 0.377053
18.829999 0.367329
18.839999 0.357505
18.849999 0.347585
18.859999 0.337570
18.869999 0.327466
18.879999 0.317275
18.889999 0.307002
18.899999 0.296649
18.909999 0.286220
18.919999 0.275719
18.929999 0.265150
18.939999 0.254516
18.949999 0.243820
18.959999 0.233068
18.969999 0.222262
18.979999 0.211406
18.989999 0.200503
18.999999 0.189559
19.009999 0.178576
19.019999 0.167558
19.029999 0.156509
19.039999 0.145432
19.049999 0.134333
19.059999 0.123214
19.069999 0.112079
19.079999 0.100932
19.089999 0.089776
19.099999 0.078617
19.109999 0.067456
19.119999 0.056299
19.129999 0.045148
19.139999 0.034008
19.149999 0.022882
19.159999 0.011773
19.169999 0.000687
19.179999 -0.010375
19.189999 -0.021408
19.199999 -0.032409
19.209999 -0.043373
19.219999 -0.054299
19.229999 -0.065181
19.239999 -0.076017
19.249999 -0.086804
19.259999 -0.097537
19.269999 -0.108214
19.279999 -0.118831
19.289999 -0.129385
19.299999 -0.139873
19.309999 -0.150291
19.319999 -0.160637
19.329999 -0.170908
19.339999 -0.181099
19.349999 -0.191209
19.359999 -0.201235
19.369999 -0.211173
19.379999 -0.221020
19.389999 -0.230775
19.399999 -0.240434
19.409999 -0.249995
19.419999 -0.259454
19.429999 -0.268810
19.439999 -0.278060
19.449999 -0.287201
19.459999 -0.296231
19.469999 -0.305149
19.479999 -0.313950
19.489999 -0.322635
19.499999 -0.331199
19.509999 -0.339642
19.519999 -0.347960
19.529999 -0.356153
19.539999 -0.364219
19.549999 -0.372155
19.559999 -0.379960
19.569999 -0.387632
19.579999 -0.395170
19.589999 -0.402571
19.599999 -0.409836
19.609999 -0.416961
19.619999 -0.423947
19.629999 -0.430791
19.639999 -0.437492
19.649999 -0.444050
19.659999 -0.450462
19.669999 -0.456729
19.679999 -0.462849
19.689999 -0.468822
19.699999 -0.474646
19.709999 -0.480321
19.719999 -0.485846
19.729999 -0.491221
19.739999 -0.496445
19.749999 -0.501517
19.759999 -0.506437
19.769999 -0.511206
19.779999 -0.515821
19.789999 -0.520285
19.799999 -0.524595
19.809999 -0.528752
19.819999 -0.532757
19.829999 -0.536608
19.839999 -0.540307
19.849999 -0.543853
19.859999 -0.547246
19.869999 -0.550487
19.879999 -0.553577
19.889999 -0.556515
19.899999 -0.559301
19.909999 -0.561938
19.919999 -0.564424
19.929999 -0.566761
19.939999 -0.568949
19.949999 -0.570989
19.959999 -0.572881
19.969999 -0.574627
19.979999 -0.576228
19.989999 -0.577684
19.999999 -0.578995
20.009999 -0.580165
20.019999 -0.581192
20.029999 -0.582079
20.039999 -0.582826
20.049999 -0.583434
20.059999 -0.583906
20.069999 -0.584241
20.079999 -0.584442
20.089999 -0.584509
20.099999 -0.584445
20.109999 -0.584250
20.119999 -0.583926
20.129999 -0.583474
20.139999 -0.582896
20.149999 -0.582193
20.159999 -0.581367
20.169999 -0.580419
20.179999 -0.579352
20.189999 -0.578166
20.199999 -0.576864
20.209999 -0.575446
20.219999 -0.573916
20.229999 -0.572273
20.239999 -0.570521
20.249999 -0.568662
20.259999 -0.566695
20.269999 -0.564625
20.279999 -0.562452
20.289999 -0.560178
20.299999 -0.557805
20.309999 -0.555335
20.319999 -0.552771
20.329999 -0.550113
20.339999 -0.547363
20.349999 -0.544524
20.359999 -0.541598
20.369999 -0.538586
20.379999 -0.535491
20.389999 -0.532314
20.399999 -0.529057
20.409999 -0.525722
20.419999 -0.522312
20.429999 -0.518827
20.439999 -0.515271
20.449999 -0.511645
20.459999 -0.507951
20.469999 -0.504191
20.479999 -0.500367
20.489999 -0.496480
20.499999 -0.492534
20.509999 -0.488529
20.519999 -0.484468
20.529999 -0.480353
20.539999 -0.476186
20.549999 -0.471968
20.559999 -0.467701
20.569999 -0.463388
20.579999 -0.459030
20.589999 -0.454629
20.599999 -0.450187
20.609999 -0.445706
20.619999 -0.441188
20.629999 -0.436634
20.639999 -0.432047
20.649999 -0.427428
20.659999 -0.422779
20.669999 -0.418102
20.679999 -0.413399
20.689999 -0.408671
20.699999 -0.403920
20.709999 -0.399148
20.719999 -0.394357
20.729999 -0.389548
20.739999 -0.384723
20.749999 -0.379884
20.759999 -0.375032
20.769999 -0.370169
20.779999 -0.365296
20.789999 -0.360415
20.799999 -0.355529
20.809999 -0.350637
20.819999 -0.345743
20.829999 -0.340846
20.839999 -0.335950
20.849999 -0.331055
20.859999 -0.326162
20.869999 -0.321274
20.879999 -0.316391
20.889999 -0.311516
20.899999 -0.306648
20.909999 -0.301791
20.919999 -0.296945
20.929999 -0.292111
20.939999 -0.287290
20.949999 -0.282485
20.959999 -0.277696
20.969999 -0.272924
20.979999 -0.268171
20.989999 -0.263437
20.999999 -0.258725
21.009999 -0.254034
21.019999 -0.249367
21.029999 -0.244724
21.039999 -0.240106
21.049999 -0.235515
21.059999 -0.230951
21.069999 -0.226416
21.079999 -0.221910
21.089999 -0.217434
21.099999 -0.212990
21.109999 -0.208577
21.119999 -0.204198
21.129999 -0.199853
21.139999 -0.195542
21.149999 -0.191267
21.159999 -0.187028
21.169999 -0.182827
21.179999 -0.178663
21.189999 -0.174538
21.199999 -0.170452
21.209999 -0.166406
21.219999 -0.162401
21.229999 -0.158436
21.239999 -0.154514
21.249999 -0.150634
21.259999 -0.146797
21.269999 -0.143004
21.279999 -0.139254
21.289999 -0.135550
21.299999 -0.131890
21.309999 -0.128275
21.319999 -0.124707
21.329999 -0.121184
21.339999 -0.117708
21.349999 -0.114280
21.359999 -0.110898
21.369999 -0.107564
21.379999 -0.104278
21.389999 -0.101041
21.399999 -0.097851
21.409999 -0.094711
21.419999 -0.091619
21.429999 -0.088576
21.439999 -0.085582
21.449999 -0.082638
21.459999 -0.079743
21.469999 -0.076898
21.479999 -0.074102
21.489999 -0.071356
21.499999 -0.068659
21.509999 -0.066012
21.519999 -0.063415
21.529999 -0.060867
21.539999 -0.058369
21.549999 -0.055921
21.559999 -0.053521
21.569999 -0.051171
21.579999 -0.048871
21.589999 -0.046619
21.599999 -0.044416
21.609999 -0.042261
21.619999 -0.040155
21.629999 -0.038097
21.639999 -0.036087
21.649999 -0.034124
21.659999 -0.032209
21.669999 -0.030341
21.679999 -0.028520
21.689999 -0.026745
21.699999 -0.025016
21.709999 -0.023332
21.719999 -0.021694
21.729999 -0.020101
21.739999 -0.018552
21.749999 -0.017047
21.759999 -0.015586
21.769999 -0.014167
21.779999 -0.012792
21.789999 -0.011458
21.799999 -0.010166
21.809999 -0.008915
21.819999 -0.007704
21.829999 -0.006534
21.839999 -0.005402
21.849999 -0.004310
21.859999 -0.003256
21.869999 -0.002239
21.879999 -0.001260
21.889999 -0.000317
21.899999 0.000590
21.909999 0.001462
21.919999 0.002299
21.929999 0.003103
21.939999 0.003873
21.949999 0.004611
21.959999 0.005317
21.969999 0.005991
21.979999 0.006635
21.989999 0.007249
21.999999 0.007834
22.009999 0.008391
22.019999 0.008919
22.029999 0.009421
22.039999 0.009896
22.049999 0.010346
22.059999 0.010770
22.069999 0.011170
22.079999 0.011547
22.089999 0.011900
22.099999 0.012232
22.109999 0.012542
22.119999 0.012831
22.129999 0.013100
22.139999 0.013350
22.149999 0.013580
22.159999 0.013793
22.169999 0.013989
22.179999 0.014167
22.189999 0.014330
22.199999 0.014477
22.209999 0.014610
22.219999 0.014728
22.229999 0.014833
22.239999 0.014925
22.249999 0.015004
22.259999 0.015072
22.269999 0.015129
22.279999 0.015175
22.289999 0.015212
22.299999 0.015238
22.309999 0.015256
22.319999 0.015266
22.329999 0.015268
22.339999 0.015263
22.349999 0.015250
22.359999 0.015231
22.369999 0.015207
22.379999 0.015176
22.389999 0.015141
22.399999 0.015101
22.409999 0.015057
22.419999 0.015008
22.429999 0.014956
22.439999 0.014901
22.449999 0.014843
22.459999 0.014782
22.469999 0.014718
22.479999 0.014653
22.489999 0.014585
22.499999 0.014516
22.509999 0.014445
22.519999 0.014373
22.529999 0.014300
22.539999 0.014225
22.549999 0.014150
22.559999 0.014074
22.569999 0.013997
22.579999 0.013919
22.589999 0.013840
22.599999 0.013761
22.609999 0.013681
22.619999 0.013600
22.629999 0.013519
22.639999 0.013436
22.649999 0.013353
22.659999 0.013268
22.669999 0.013183
22.679999 0.013095
22.689999 0.013007
22.699999 0.012916
22.709999 0.012824
22.719999 0.012729
22.729999 0.012632
22.739999 0.012532
22.749999 0.012429
22.759999 0.012323
22.769999 0.012213
22.779999 0.012099
22.789999 0.011981
22.799999 0.011858
22.809999 0.011730
22.819999 0.011597
22.829999 0.011458
22.839999 0.011312
22.849999 0.011160
22.859999 0.011000
22.869999 0.010833
22.879999 0.010658
22.889999 0.010474
22.899999 0.010281
22.909999 0.010078
22.919999 0.009865
22.929999 0.009641
22.939999 0.009406
22.949999 0.009160
22.959999 0.008901
22.969999 0.008629
22.979999 0.008344
22.989999 0.008045
22.999999 0.007731
23.009999 0.007402
23.019999 0.007058
23.029999 0.006697
23.039999 0.006320
23.049999 0.005925
23.059999 0.005512
23.069999 0.005081
23.079999 0.004631
23.089999 0.004161
23.099999 0.003671
23.109999 0.003160
23.119999 0.002627
23.129999 0.002073
23.139999 0.001497
23.149999 0.000898
23.159999 0.000275
23.169999 -0.000371
23.179999 -0.001041
23.189999 -0.001736
23.199999 -0.002457
23.209999 -0.003202
23.219999 -0.003974
23.229999 -0.004772
23.239999 -0.005597
23.249999 -0.006448
23.259999 -0.007327
23.269999 -0.008234
23.279999 -0.009169
23.289999 -0.010132
23.299999 -0.011123
23.309999 -0.012143
23.319999 -0.013192
23.329999 -0.014269
23.339999 -0.015376
23.349999 -0.016513
23.359999 -0.017679
23.369999 -0.018874
23.379999 -0.020099
23.389999 -0.021354
23.399999 -0.022638
23.409999 -0.023951
23.419999 -0.025295
23.429999 -0.026667
23.439999 -0.028069
23.449999 -0.029500
23.459999 -0.030961
23.469999 -0.032450
23.479999 -0.033967
23.489999 -0.035513
23.499999 -0.037087
23.509999 -0.038689
23.519999 -0.040318
23.529999 -0.041975
23.539999 -0.043658
23.549999 -0.045367
23.559999 -0.047102
23.569999 -0.048862
23.579999 -0.050647
23.589999 -0.052456
23.599999 -0.054289
23.609999 -0.056145
23.619999 -0.058024
23.629999 -0.059924
23.639999 -0.061845
23.649999 -0.063787
23.659999 -0.065748
23.669999 -0.067729
23.679999 -0.069727
23.689999 -0.071743
23.699999 -0.073775
23.709999 -0.075823
23.719999 -0.077886
23.729999 -0.079963
23.739999 -0.082052
23.749999 -0.084154
23.759999 -0.086266
23.769999 -0.088389
23.779999 -0.090521
23.789999 -0.092660
23.799999 -0.094807
23.809999 -0.096960
23.819999 -0.099118
23.829999 -0.101279
23.839999 -0.103443
23.849999 -0.105609
23.859999 -0.107775
23.869999 -0.109940
23.879999 -0.112104
23.889999 -0.114265
23.899999 -0.116421
23.909999 -0.118572
23.919999 -0.120717
23.929999 -0.122854
23.939999 -0.124982
23.949999 -0.127100
23.959999 -0.129207
23.969999 -0.131301
23.979999 -0.133382
23.989999 -0.135448
23.999999 -0.137498
24.009999 -0.139530
24.019999 -0.141544
24.029999 -0.143538
24.039999 -0.145512
24.049999 -0.147463
24.059999 -0.149392
24.069999 -0.151296
24.079999 -0.153174
24.089999 -0.155026
24.099999 -0.156850
24.109999 -0.158645
24.119999 -0.160410
24.129999 -0.162144
24.139999 -0.163846
24.149999 -0.165514
24.159999 -0.167148
24.169999 -0.168747
24.179999 -0.170309
24.189999 -0.171834
24.199999 -0.173320
24.209999 -0.174767
24.219999 -0.176174
24.229999 -0.177540
24.239999 -0.178863
24.249999 -0.180144
24.259999 -0.181381
24.269999 -0.182573
24.279999 -0.183719
24.289999 -0.184820
24.299999 -0.185873
24.309999 -0.186879
24.319999 -0.187837
24.329999 -0.188745
24.339999 -0.189604
24.349999 -0.190412
24.359999 -0.191169
24.369999 -0.191876
24.379999 -0.192530
24.389999 -0.193131
24.399999 -0.193680
24.409999 -0.194175
24.419999 -0.194617
24.429999 -0.195005
24.439999 -0.195338
24.449999 -0.195616
24.459999 -0.195840
24.469999 -0.196008
24.479999 -0.196120
24.489999 -0.196177
24.499999 -0.196178
24.509999 -0.196124
24.519999 -0.196013
24.529999 -0.195846
24.539999 -0.195624
24.549999 -0.195345
24.559999 -0.195010
24.569999 -0.194619
24.579999 -0.194173
24.589999 -0.193670
24.599999 -0.193113
24.609999 -0.192500
24.619999 -0.191832
24.629999 -0.191109
24.639999 -0.190332
24.649999 -0.189500
24.659999 -0.188615
24.669999 -0.187676
24.679999 -0.186685
24.689999 -0.185640
24.699999 -0.184544
24.709999 -0.183396
24.719999 -0.182197
24.729999 -0.180948
24.739999 -0.179648
24.749999 -0.178299
24.759999 -0.176902
24.769999 -0.175456
24.779999 -0.173963
24.789999 -0.172423
24.799999 -0.170837
24.809999 -0.169206
24.819999 -0.167530
24.829999 -0.165811
24.839999 -0.164048
24.849999 -0.162244
24.859999 -0.160398
24.869999 -0.158512
24.879999 -0.156587
24.889999 -0.154623
24.899999 -0.152621
24.909999 -0.150582
24.919999 -0.148507
24.929999 -0.146398
24.939999 -0.144254
24.949999 -0.142078
24.959999 -0.139870
24.969999 -0.137630
24.979999 -0.135361
24.989999 -0.133063
24.999999 -0.130737
25.009999 -0.128384
25.019999 -0.126005
25.029999 -0.123602
25.039999 -0.121175
25.049999 -0.118725
25.059999 -0.116254
25.069999 -0.113762
25.079999 -0.111251
25.089999 -0.108721
25.099999 -0.106174
25.109999 -0.103612
25.119999 -0.101034
25.129999 -0.098442
25.139999 -0.095838
25.149999 -0.093221
25.159999 -0.090594
25.169999 -0.087957
25.179999 -0.085312
25.189999 -0.082660
25.199999 -0.080001
25.209999 -0.077337
25.219999 -0.074668
25.229999 -0.071997
25.239999 -0.069323
25.249999 -0.066649
25.259999 -0.063974
25.269999 -0.061300
25.279999 -0.058629
25.289999 -0.055961
25.299999 -0.053296
25.309999 -0.050637
25.319999 -0.047984
25.329999 -0.045338
25.339999 -0.042700
25.349999 -0.040071
25.359999 -0.037452
25.369999 -0.034843
25.379999 -0.032247
25.389999 -0.029663
25.399999 -0.027093
25.409999 -0.024537
25.419999 -0.021997
25.429999 -0.019473
25.439999 -0.016966
25.449999 -0.014477
25.459999 -0.012006
25.469999 -0.009555
25.479999 -0.007124
25.489999 -0.004715
25.499999 -0.002327
25.509999 0.000039
25.519999 0.002381
25.529999 0.004700
25.539999 0.006993
25.549999 0.009262
25.559999 0.011505
25.569999 0.013721
25.579999 0.015910
25.589999 0.018071
25.599999 0.020204
25.609999 0.022308
25.619999 0.024383
25.629999 0.026427
25.639999 0.028442
25.649999 0.030425
25.659999 0.032377
25.669999 0.034297
25.679999 0.036185
25.689999 0.038040
25.699999 0.039862
25.709999 0.041651
25.719999 0.043406
25.729999 0.045126
25.739999 0.046813
25.749999 0.048464
25.759999 0.050080
25.769999 0.051661
25.779999 0.053207
25.789999 0.054716
25.799999 0.056190
25.809999 0.057627
25.819999 0.059028
25.829999 0.060393
25.839999 0.061721
25.849999 0.063012
25.859999 0.064266
25.869999 0.065483
25.879999 0.066663
25.889999 0.067806
25.899999 0.068912
25.909999 0.069981
25.919999 0.071013
25.929999 0.072007
25.939999 0.072965
25.949999 0.073885
25.959999 0.074768
25.969999 0.075615
25.979999 0.076425
25.989999 0.077198
25.999999 0.077934
26.009999 0.078634
26.019999 0.079298
26.029999 0.079926
26.039999 0.080518
26.049999 0.081074
26.059999 0.081595
26.069999 0.082081
26.079999 0.082531
26.089999 0.082947
26.099999 0.083329
26.109999 0.083676
26.119999 0.083990
26.129999 0.084270
26.139999 0.084517
26.149999 0.084731
26.159999 0.084912
26.169999 0.085062
26.179999 0.085179
26.189999 0.085265
26.199999 0.085321
26.209999 0.085345
26.219999 0.085340
26.229999 0.085304
26.239999 0.085240
26.249999 0.085146
26.259999 0.085024
26.269999 0.084874
26.279999 0.084697
26.289999 0.084492
26.299999 0.084261
26.309999 0.084004
26.319999 0.083722
26.329999 0.083414
26.339999 0.083082
26.349999 0.082726
26.359999 0.082346
26.369999 0.081943
26.379999 0.081518
26.389999 0.081071
26.399999 0.080603
26.409999 0.080114
26.419999 0.079605
26.429999 0.079076
26.439999 0.078528
26.449999 0.077961
26.459999 0.077376
26.469999 0.076774
26.479999 0.076155
26.489999 0.075519
26.499999 0.074868
26.509999 0.074202
26.519999 0.073521
26.529999 0.072826
26.539999 0.072117
26.549999 0.071396
26.559999 0.070662
26.569999 0.069916
26.579999 0.069160
26.589999 0.068392
26.599999 0.067615
26.609999 0.066828
26.619999 0.066032
26.629999 0.065227
26.639999 0.064415
26.649999 0.063595
26.659999 0.062768
26.669999 0.061936
26.679999 0.061097
26.689999 0.060253
26.699999 0.059405
26.709999 0.058552
26.719999 0.057696
26.729999 0.056837
26.739999 0.055975
26.749999 0.055110
26.759999 0.054244
26.769999 0.053377
26.779999 0.052509
26.789999 0.051641
26.799999 0.050773
26.809999 0.049905
26.819999 0.049039
26.829999 0.048174
26.839999 0.047311
26.849999 0.046450
26.859999 0.045592
26.869999 0.044738
26.879999 0.043886
26.889999 0.043039
26.899999 0.042196
26.909999 0.041357
26.919999 0.040524
26.929999 0.039695
26.939999 0.038873
26.949999 0.038056
26.959999 0.037246
26.969999 0.036442
26.979999 0.035645
26.989999 0.034855
26.999999 0.034072
27.009999 0.033298
27.019999 0.032531
27.029999 0.031772
27.039999 0.031022
27.049999 0.030280
27.059999 0.029547
27.069999 0.028823
27.079999 0.028109
27.089999 0.027403
27.099999 0.026707
27.109999 0.026021
27.119999 0.025345
27.129999 0.024679
27.139999 0.024023
27.149999 0.023377
27.159999 0.022741
27.169999 0.022116
27.179999 0.021501
27.189999 0.020897
27.199999 0.020303
27.209999 0.019720
27.219999 0.019148
27.229999 0.018587
27.239999 0.018037
27.249999 0.017497
27.259999 0.016968
27.269999 0.016451
27.279999 0.015944
27.289999 0.015448
27.299999 0.014962
27.309999 0.014488
27.319999 0.014024
27.329999 0.013571
27.339999 0.013129
27.349999 0.012697
27.359999 0.012276
27.369999 0.011865
27.379999 0.011465
27.389999 0.011075
27.399999 0.010695
27.409999 0.010325
27.419999 0.009966
27.429999 0.009616
27.439999 0.009276
27.449999 0.008946
27.459999 0.008625
27.469999 0.008314
27.479999 0.008012
27.489999 0.007719
27.499999 0.007436
27.509999 0.007161
27.519999 0.006895
27.529999 0.006638
27.539999 0.006389
27.549999 0.006148
27.559999 0.005915
27.569999 0.005691
27.579999 0.005474
27.589999 0.005265
27.599999 0.005064
27.609999 0.004869
27.619999 0.004682
27.629999 0.004502
27.639999 0.004329
27.649999 0.004162
27.659999 0.004002
27.669999 0.003848
27.679999 0.003701
27.689999 0.003559
27.699999 0.003423
27.709999 0.003293
27.719999 0.003168
27.729999 0.003048
27.739999 0.002934
27.749999 0.002824
27.759999 0.002720
27.769999 0.002620
27.779999 0.002524
27.789999 0.002433
27.799999 0.002346
27.809999 0.002263
27.819999 0.002184
27.829999 0.002109
27.839999 0.002037
27.849999 0.001968
27.859999 0.001903
27.869999 0.001841
27.879999 0.001782
27.889999 0.001726
27.899999 0.001673
27.909999 0.001622
27.919999 0.001574
27.929999 0.001528
27.939999 0.001484
27.949999 0.001442
27.959999 0.001403
27.969999 0.001365
27.979999 0.001329
27.989999 0.001295
27.999999 0.001262
28.009999 0.001231
28.019999 0.001202
28.029999 0.001173
28.039999 0.001146
28.049999 0.001120
28.059999 0.001096
28.069999 0.001072
28.079999 0.001049
28.089999 0.001027
28.099999 0.001006
28.109999 0.000985
28.119999 0.000965
28.129999 0.000946
28.139999 0.000928
28.149999 0.000910
28.159999 0.000892
28.169999 0.000875
28.179999 0.000858
28.189999 0.000842
28.199999 0.000826
28.209999 0.000810
28.219999 0.000794
28.229999 0.000779
28.239999 0.000764
28.249999 0.000749
28.259999 0.000734
28.269999 0.000720
28.279999 0.000705
28.289999 0.000691
28.299999 0.000677
28.309999 0.000662
28.319999 0.000648
28.329999 0.000634
28.339999 0.000620
28.349999 0.000606
28.359999 0.000593
28.369999 0.000579
28.379999 0.000565
28.389999 0.000551
28.399999 0.000538
28.409999 0.000524
28.419999 0.000511
28.429999 0.000498
28.439999 0.000484
28.449999 0.000471
28.459999 0.000458
28.469999 0.000445
28.479999 0.000432
28.489999 0.000419
28.499999 0.000406
28.509999 0.000394
28.519999 0.000381
28.529999 0.000369
28.539999 0.000356
28.549999 0.000344
28.559999 0.000332
28.569999 0.000321
28.579999 0.000309
28.589999 0.000298
28.599999 0.000287
28.609999 0.000275
28.619999 0.000265
28.629999 0.000254
28.639999 0.000244
28.649999 0.000233
28.659999 0.000223
28.669999 0.000213
28.679999 0.000204
28.689999 0.000195
28.699999 0.000185
28.709999 0.000176
28.719999 0.000168
28.729999 0.000159
28.739999 0.000151
28.749999 0.000143
28.759999 0.000135
28.769999 0.000128
28.779999 0.000121
28.789999 0.000113
28.799999 0.000107
28.809999 0.000100
28.819999 0.000094
28.829999 0.000087
28.839999 0.000081
28.849999 0.000076
28.859999 0.000070
28.869999 0.000065
28.879999 0.000060
28.889999 0.000055
28.899999 0.000050
28.909999 0.000045
28.919999 0.000041
28.929999 0.000037
28.939999 0.000033
28.949999 0.000029
28.959999 0.000026
28.969999 0.000023
28.979999 0.000019
28.989999 0.000017
28.999999 0.000014
29.009999 0.000011
29.019999 0.000009
29.029999 0.000007
29.039999 0.000005
29.049999 0.000004
29.059999 0.000002
29.069999 0.000001
29.079999 0.000001
29.089999 0.000000
29.099999 0.000000
29.109999 -0.000000
29.119999 -0.000000
29.129999 -0.000000
29.139999 -0.000001
29.149999 -0.000001
29.159999 -0.000002
29.169999 -0.000002
29.179999 -0.000003
29.189999 -0.000004
29.199999 -0.000005
29.209999 -0.000007
29.219999 -0.000008
29.229999 -0.000010
29.239999 -0.000011
29.249999 -0.000013
29.259999 -0.000015
29.269999 -0.000017
29.279999 -0.000020
29.289999 -0.000022
29.299999 -0.000025
29.309999 -0.000027
29.319999 -0.000030
29.329999 -0.000033
29.339999 -0.000036
29.349999 -0.000040
29.359999 -0.000043
29.369999 -0.000047
29.379999 -0.000050
29.389999 -0.000054
29.399999 -0.000058
29.409999 -0.000063
29.419999 -0.000067
29.429999 -0.000071
29.439999 -0.000076
29.449999 -0.000081
29.459999 -0.000086
29.469999 -0.000091
29.479999 -0.000096
29.489999 -0.000101
29.499999 -0.000107
29.509999 -0.000113
29.519999 -0.000119
29.529999 -0.000125
29.539999 -0.000131
29.549999 -0.000137
29.559999 -0.000144
29.569999 -0.000150
29.579999 -0.000157
29.589999 -0.000164
29.599999 -0.000171
29.609999 -0.000179
29.619999 -0.000186
29.629999 -0.000194
29.639999 -0.000201
29.649999 -0.000209
29.659999 -0.000217
29.669999 -0.000226
29.679999 -0.000234
29.689999 -0.000243
29.699999 -0.000251
29.709999 -0.000260
29.719999 -0.000269
29.729999 -0.000279
29.739999 -0.000288
29.749999 -0.000298
29.759999 -0.000307
29.769999 -0.000317
29.779999 -0.000327
29.789999 -0.000337
29.799999 -0.000348
29.809999 -0.000358
29.819999 -0.000369
29.829999 -0.000380
29.839999 -0.000391
29.849999 -0.000402
29.859999 -0.000413
29.869999 -0.000425
29.879999 -0.000436
29.889999 -0.000448
29.899999 -0.000460
29.909999 -0.000472
29.919999 -0.000484
29.929999 -0.000497
29.939999 -0.000509
29.949999 -0.000522
29.959999 -0.000535
29.969999 -0.000548
29.979999 -0.000561
29.989999 -0.000575
29.999999 -0.000588
