-10.000000 -0.009621
-9.990000 -0.009639
-9.980000 -0.009658
-9.970000 -0.009676
-9.960000 -0.009694
-9.950000 -0.009712
-9.940000 -0.009730
-9.930000 -0.009748
-9.920000 -0.009766
-9.910000 -0.009784
-9.900000 -0.009802
-9.890000 -0.009820
-9.880000 -0.009838
-9.870000 -0.009856
-9.860000 -0.009874
-9.850000 -0.009892
-9.840000 -0.009909
-9.830000 -0.009927
-9.820000 -0.009945
-9.810000 -0.009963
-9.800000 -0.009980
-9.790000 -0.009998
-9.780000 -0.010015
-9.770000 -0.010033
-9.760000 -0.010050
-9.750000 -0.010068
-9.740000 -0.010085
-9.730000 -0.010102
-9.720000 -0.010120
-9.710000 -0.010137
-9.700000 -0.010154
-9.690000 -0.010171
-9.680000 -0.010188
-9.670000 -0.010205
-9.660000 -0.010222
-9.650000 -0.010239
-9.640000 -0.010256
-9.630000 -0.010273
-9.620000 -0.010289
-9.610000 -0.010306
-9.600000 -0.010322
-9.590000 -0.010339
-9.580000 -0.010355
-9.570000 -0.010372
-9.560000 -0.010388
-9.550000 -0.010404
-9.540000 -0.010421
-9.530000 -0.010437
-9.520000 -0.010453
-9.510000 -0.010469
-9.500000 -0.010485
-9.490000 -0.010500
-9.480000 -0.010516
-9.470000 -0.010532
-9.460000 -0.010547
-9.450000 -0.010563
-9.440000 -0.010578
-9.430000 -0.010594
-9.420000 -0.010609
-9.410000 -0.010624
-9.400000 -0.010639
-9.390000 -0.010654
-9.380000 -0.010669
-9.370000 -0.010684
-9.360000 -0.010699
-9.350000 -0.010713
-9.340000 -0.010728
-9.330000 -0.010742
-9.320000 -0.010757
-9.310000 -0.010771
-9.300000 -0.010785
-9.290000 -0.010799
-9.280000 -0.010813
-9.270000 -0.010827
-9.260000 -0.010841
-9.250000 -0.010854
-9.240000 -0.010868
-9.230000 -0.010881
-9.220000 -0.010894
-9.210000 -0.010907
-9.200000 -0.010920
-9.190000 -0.010933
-9.180000 -0.010946
-9.170000 -0.010958
-9.160000 -0.010971
-9.150000 -0.010983
-9.140000 -0.010995
-9.130000 -0.011007
-9.120000 -0.011019
-9.110000 -0.011030
-9.100000 -0.011042
-9.090000 -0.011053
-9.080000 -0.011064
-9.070000 -0.011075
-9.060000 -0.011086
-9.050000 -0.011096
-9.040000 -0.011106
-9.030000 -0.011116
-9.020000 -0.011126
-9.010000 -0.011136
-9.000000 -0.011145
-8.990000 -0.011154
-8.980000 -0.011163
-8.970000 -0.011172
-8.960000 -0.011180
-8.950000 -0.011188
-8.940000 -0.011196
-8.930000 -0.011203
-8.920000 -0.011210
-8.910000 -0.011217
-8.900000 -0.011223
-8.890000 -0.011229
-8.880000 -0.011235
-8.870000 -0.011240
-8.860000 -0.011245
-8.850000 -0.011250
-8.840000 -0.011254
-8.830000 -0.011257
-8.820000 -0.011260
-8.810000 -0.011263
-8.800000 -0.011265
-8.790000 -0.011266
-8.780000 -0.011267
-8.770000 -0.011268
-8.760000 -0.011267
-8.750000 -0.011266
-8.740000 -0.011265
-8.730000 -0.011262
-8.720000 -0.011259
-8.710000 -0.011255
-8.700000 -0.011251
-8.690000 -0.011245
-8.680000 -0.011239
-8.670000 -0.011232
-8.660000 -0.011224
-8.650000 -0.011215
-8.640000 -0.011205
-8.630000 -0.011194
-8.620000 -0.011182
-8.610000 -0.011168
-8.600000 -0.011154
-8.590000 -0.011138
-8.580000 -0.011121
-8.570000 -0.011103
-8.560000 -0.011083
-8.550000 -0.011062
-8.540000 -0.011040
-8.530000 -0.011016
-8.520000 -0.010990
-8.510000 -0.010963
-8.500000 -0.010934
-8.490000 -0.010903
-8.480000 -0.010871
-8.470000 -0.010836
-8.460000 -0.010800
-8.450000 -0.010761
-8.440000 -0.010721
-8.430000 -0.010678
-8.420000 -0.010633
-8.410000 -0.010586
-8.400000 -0.010536
-8.390000 -0.010484
-8.380000 -0.010429
-8.370000 -0.010372
-8.360000 -0.010312
-8.350000 -0.010248
-8.340000 -0.010182
-8.330000 -0.010113
-8.320000 -0.010041
-8.310000 -0.009966
-8.300000 -0.009887
-8.290000 -0.009805
-8.280000 -0.009719
-8.270000 -0.009630
-8.260000 -0.009537
-8.250000 -0.009440
-8.240000 -0.009339
-8.230000 -0.009234
-8.220000 -0.009124
-8.210000 -0.009011
-8.200000 -0.008892
-8.190000 -0.008769
-8.180000 -0.008642
-8.170000 -0.008509
-8.160000 -0.008372
-8.150000 -0.008229
-8.140000 -0.008081
-8.130000 -0.007927
-8.120000 -0.007768
-8.110000 -0.007603
-8.100000 -0.007433
-8.090000 -0.007256
-8.080000 -0.007072
-8.070000 -0.006883
-8.060000 -0.006687
-8.050000 -0.006484
-8.040000 -0.006274
-8.030000 -0.006057
-8.020000 -0.005833
-8.010000 -0.005601
-8.000000 -0.005362
-7.990000 -0.005115
-7.980000 -0.004859
-7.970000 -0.004596
-7.960000 -0.004324
-7.950000 -0.004044
-7.940000 -0.003754
-7.930000 -0.003456
-7.920000 -0.003148
-7.910000 -0.002831
-7.900000 -0.002504
-7.890000 -0.002167
-7.880000 -0.001820
-7.870000 -0.001463
-7.860000 -0.001095
-7.850000 -0.000716
-7.840000 -0.000327
-7.830000 0.000075
-7.820000 0.000487
-7.810000 0.000912
-7.800000 0.001348
-7.790000 0.001797
-7.780000 0.002259
-7.770000 0.002733
-7.760000 0.003221
-7.750000 0.003721
-7.740000 0.004236
-7.730000 0.004764
-7.720000 0.005307
-7.710000 0.005864
-7.700000 0.006436
-7.690000 0.007022
-7.680000 0.007625
-7.670000 0.008242
-7.660000 0.008876
-7.650000 0.009526
-7.640000 0.010192
-7.630000 0.010875
-7.620000 0.011575
-7.610000 0.012293
-7.600000 0.013028
-7.590000 0.013782
-7.580000 0.014553
-7.570000 0.015344
-7.560000 0.016153
-7.550000 0.016981
-7.540000 0.017829
-7.530000 0.018697
-7.520000 0.019585
-7.510000 0.020493
-7.500000 0.021423
-7.490000 0.022373
-7.480000 0.023345
-7.470000 0.024339
-7.460000 0.025355
-7.450000 0.026393
-7.440000 0.027453
-7.430000 0.028537
-7.420000 0.029644
-7.410000 0.030775
-7.400000 0.031930
-7.390000 0.033109
-7.380000 0.034312
-7.370000 0.035541
-7.360000 0.036794
-7.350000 0.038073
-7.340000 0.039377
-7.330000 0.040708
-7.320000 0.042065
-7.310000 0.043448
-7.300000 0.044859
-7.290000 0.046296
-7.280000 0.047761
-7.270000 0.049253
-7.260000 0.050773
-7.250000 0.052321
-7.240000 0.053898
-7.230000 0.055503
-7.220000 0.057137
-7.210000 0.058800
-7.200000 0.060492
-7.190000 0.062214
-7.180000 0.063965
-7.170000 0.065745
-7.160000 0.067556
-7.150000 0.069397
-7.140000 0.071268
-7.130000 0.073169
-7.120000 0.075101
-7.110000 0.077063
-7.100000 0.079056
-7.090000 0.081079
-7.080000 0.083133
-7.070000 0.085218
-7.060000 0.087334
-7.050000 0.089481
-7.040000 0.091659
-7.030000 0.093867
-7.020000 0.096107
-7.010000 0.098377
-7.000000 0.100678
-6.990000 0.103009
-6.980000 0.105371
-6.970000 0.107764
-6.960000 0.110187
-6.950000 0.112639
-6.940000 0.115122
-6.930000 0.117635
-6.920000 0.120177
-6.910000 0.122748
-6.900000 0.125349
-6.890000 0.127978
-6.880000 0.130635
-6.870000 0.133321
-6.860000 0.136035
-6.850000 0.138775
-6.840000 0.141543
-6.830000 0.144337
-6.820000 0.147158
-6.810000 0.150004
-6.800000 0.152875
-6.790000 0.155771
-6.780000 0.158691
-6.770000 0.161634
-6.760000 0.164601
-6.750000 0.167589
-6.740000 0.170600
-6.730000 0.173631
-6.720000 0.176682
-6.710000 0.179753
-6.700000 0.182843
-6.690000 0.185950
-6.680000 0.189075
-6.670000 0.192216
-6.660000 0.195373
-6.650000 0.198544
-6.640000 0.201728
-6.630000 0.204926
-6.620000 0.208135
-6.610000 0.211355
-6.600000 0.214585
-6.590000 0.217823
-6.580000 0.221069
-6.570000 0.224321
-6.560000 0.227579
-6.550000 0.230840
-6.540000 0.234105
-6.530000 0.237372
-6.520000 0.240639
-6.510000 0.243906
-6.500000 0.247170
-6.490000 0.250432
-6.480000 0.253689
-6.470000 0.256939
-6.460000 0.260183
-6.450000 0.263418
-6.440000 0.266643
-6.430000 0.269856
-6.420000 0.273056
-6.410000 0.276242
-6.400000 0.279412
-6.390000 0.282565
-6.380000 0.285699
-6.370000 0.288812
-6.360000 0.291903
-6.350000 0.294970
-6.340000 0.298013
-6.330000 0.301028
-6.320000 0.304016
-6.310000 0.306973
-6.300000 0.309898
-6.290000 0.312791
-6.280000 0.315648
-6.270000 0.318469
-6.260000 0.321252
-6.250000 0.323994
-6.240000 0.326696
-6.230000 0.329354
-6.220000 0.331967
-6.210000 0.334533
-6.200000 0.337051
-6.190000 0.339519
-6.180000 0.341936
-6.170000 0.344299
-6.160000 0.346608
-6.150000 0.348859
-6.140000 0.351053
-6.130000 0.353186
-6.120000 0.355258
-6.110000 0.357267
-6.100000 0.359211
-6.090000 0.361088
-6.080000 0.362897
-6.070000 0.364637
-6.060000 0.366306
-6.050000 0.367902
-6.040000 0.369423
-6.030000 0.370869
-6.020000 0.372238
-6.010000 0.373528
-6.000000 0.374738
-5.990000 0.375866
-5.980000 0.376911
-5.970000 0.377872
-5.960000 0.378748
-5.950000 0.379536
-5.940000 0.380237
-5.930000 0.380847
-5.920000 0.381367
-5.910000 0.381796
-5.900000 0.382131
-5.890000 0.382372
-5.880000 0.382518
-5.870000 0.382567
-5.860000 0.382520
-5.850000 0.382374
-5.840000 0.382130
-5.830000 0.381785
-5.820000 0.381339
-5.810000 0.380792
-5.800000 0.380143
-5.790000 0.379391
-5.780000 0.378535
-5.770000 0.377575
-5.760000 0.376510
-5.750000 0.375339
-5.740000 0.374063
-5.730000 0.372681
-5.720000 0.371192
-5.710000 0.369597
-5.700000 0.367894
-5.690000 0.366084
-5.680000 0.364167
-5.670000 0.362142
-5.660000 0.360010
-5.650000 0.357770
-5.640000 0.355423
-5.630000 0.352968
-5.620000 0.350406
-5.610000 0.347737
-5.600000 0.344962
-5.590000 0.342080
-5.580000 0.339092
-5.570000 0.335999
-5.560000 0.332800
-5.550000 0.329498
-5.540000 0.326091
-5.530000 0.322582
-5.520000 0.318970
-5.510000 0.315256
-5.500000 0.311442
-5.490000 0.307527
-5.480000 0.303514
-5.470000 0.299403
-5.460000 0.295195
-5.450000 0.290891
-5.440000 0.286493
-5.430000 0.282001
-5.420000 0.277417
-5.410000 0.272742
-5.400000 0.267978
-5.390000 0.263125
-5.380000 0.258186
-5.370000 0.253162
-5.360000 0.248054
-5.350000 0.242864
-5.340000 0.237594
-5.330000 0.232246
-5.320000 0.226820
-5.310000 0.221319
-5.300000 0.215745
-5.290000 0.210100
-5.280000 0.204385
-5.270000 0.198602
-5.260000 0.192754
-5.250000 0.186842
-5.240000 0.180868
-5.230000 0.174835
-5.220000 0.168744
-5.210000 0.162598
-5.200000 0.156399
-5.190000 0.150149
-5.180000 0.143851
-5.170000 0.137506
-5.160000 0.131116
-5.150000 0.124685
-5.140000 0.118214
-5.130000 0.111706
-5.120000 0.105164
-5.110000 0.098588
-5.100000 0.091983
-5.090000 0.085350
-5.080000 0.078692
-5.070000 0.072011
-5.060000 0.065309
-5.050000 0.058590
-5.040000 0.051855
-5.030000 0.045107
-5.020000 0.038348
-5.010000 0.031582
-5.000000 0.024810
-4.990000 0.018035
-4.980000 0.011259
-4.970000 0.004485
-4.960000 -0.002285
-4.950000 -0.009048
-4.940000 -0.015802
-4.930000 -0.022544
-4.920000 -0.029273
-4.910000 -0.035984
-4.900000 -0.042677
-4.890000 -0.049349
-4.880000 -0.055997
-4.870000 -0.062619
-4.860000 -0.069212
-4.850000 -0.075775
-4.840000 -0.082305
-4.830000 -0.088800
-4.820000 -0.095257
-4.810000 -0.101675
-4.800000 -0.108051
-4.790000 -0.114382
-4.780000 -0.120668
-4.770000 -0.126905
-4.760000 -0.133092
-4.750000 -0.139226
-4.740000 -0.145306
-4.730000 -0.151330
-4.720000 -0.157295
-4.710000 -0.163200
-4.700000 -0.169043
-4.690000 -0.174822
-4.680000 -0.180535
-4.670000 -0.186181
-4.660000 -0.191757
-4.650000 -0.197263
-4.640000 -0.202696
-4.630000 -0.208056
-4.620000 -0.213339
-4.610000 -0.218546
-4.600000 -0.223674
-4.590000 -0.228722
-4.580000 -0.233689
-4.570000 -0.238574
-4.560000 -0.243374
-4.550000 -0.248090
-4.540000 -0.252720
-4.530000 -0.257262
-4.520000 -0.261716
-4.510000 -0.266080
-4.500000 -0.270354
-4.490000 -0.274538
-4.480000 -0.278629
-4.470000 -0.282627
-4.460000 -0.286531
-4.450000 -0.290341
-4.440000 -0.294057
-4.430000 -0.297676
-4.420000 -0.301200
-4.410000 -0.304627
-4.400000 -0.307956
-4.390000 -0.311189
-4.380000 -0.314323
-4.370000 -0.317359
-4.360000 -0.320297
-4.350000 -0.323136
-4.340000 -0.325877
-4.330000 -0.328519
-4.320000 -0.331061
-4.310000 -0.333505
-4.300000 -0.335850
-4.290000 -0.338096
-4.280000 -0.340243
-4.270000 -0.342292
-4.260000 -0.344243
-4.250000 -0.346096
-4.240000 -0.347851
-4.230000 -0.349509
-4.220000 -0.351069
-4.210000 -0.352534
-4.200000 -0.353902
-4.190000 -0.355175
-4.180000 -0.356353
-4.170000 -0.357437
-4.160000 -0.358427
-4.150000 -0.359324
-4.140000 -0.360129
-4.130000 -0.360842
-4.120000 -0.361465
-4.110000 -0.361998
-4.100000 -0.362442
-4.090000 -0.362798
-4.080000 -0.363066
-4.070000 -0.363249
-4.060000 -0.363346
-4.050000 -0.363359
-4.040000 -0.363289
-4.030000 -0.363136
-4.020000 -0.362903
-4.010000 -0.362590
-4.000000 -0.362198
-3.990000 -0.361728
-3.980000 -0.361182
-3.970000 -0.360561
-3.960000 -0.359866
-3.950000 -0.359098
-3.940000 -0.358259
-3.930000 -0.357349
-3.920000 -0.356371
-3.910000 -0.355325
-3.900000 -0.354213
-3.890000 -0.353035
-3.880000 -0.351795
-3.870000 -0.350492
-3.860000 -0.349128
-3.850000 -0.347705
-3.840000 -0.346224
-3.830000 -0.344686
-3.820000 -0.343093
-3.810000 -0.341446
-3.800000 -0.339747
-3.790000 -0.337997
-3.780000 -0.336197
-3.770000 -0.334349
-3.760000 -0.332454
-3.750000 -0.330513
-3.740000 -0.328529
-3.730000 -0.326502
-3.720000 -0.324434
-3.710000 -0.322327
-3.700000 -0.320181
-3.690000 -0.317998
-3.680000 -0.315779
-3.670000 -0.313527
-3.660000 -0.311241
-3.650000 -0.308925
-3.640000 -0.306578
-3.630000 -0.304202
-3.620000 -0.301799
-3.610000 -0.299370
-3.600000 -0.296917
-3.590000 -0.294439
-3.580000 -0.291940
-3.570000 -0.289420
-3.560000 -0.286880
-3.550000 -0.284322
-3.540000 -0.281747
-3.530000 -0.279156
-3.520000 -0.276550
-3.510000 -0.273931
-3.500000 -0.271299
-3.490000 -0.268656
-3.480000 -0.266003
-3.470000 -0.263341
-3.460000 -0.260672
-3.450000 -0.257995
-3.440000 -0.255313
-3.430000 -0.252627
-3.420000 -0.249936
-3.410000 -0.247243
-3.400000 -0.244549
-3.390000 -0.241853
-3.380000 -0.239159
-3.370000 -0.236465
-3.360000 -0.233773
-3.350000 -0.231085
-3.340000 -0.228400
-3.330000 -0.225720
-3.320000 -0.223045
-3.310000 -0.220377
-3.300000 -0.217716
-3.290000 -0.215063
-3.280000 -0.212419
-3.270000 -0.209784
-3.260000 -0.207159
-3.250000 -0.204545
-3.240000 -0.201942
-3.230000 -0.199351
-3.220000 -0.196773
-3.210000 -0.194208
-3.200000 -0.191657
-3.190000 -0.189120
-3.180000 -0.186598
-3.170000 -0.184092
-3.160000 -0.181601
-3.150000 -0.179127
-3.140000 -0.176670
-3.130000 -0.174230
-3.120000 -0.171808
-3.110000 -0.169404
-3.100000 -0.167018
-3.090000 -0.164651
-3.080000 -0.162303
-3.070000 -0.159975
-3.060000 -0.157667
-3.050000 -0.155379
-3.040000 -0.153111
-3.030000 -0.150863
-3.020000 -0.148637
-3.010000 -0.146431
-3.000000 -0.144247
-2.990000 -0.142084
-2.980000 -0.139942
-2.970000 -0.137822
-2.960000 -0.135724
-2.950000 -0.133648
-2.940000 -0.131594
-2.930000 -0.129562
-2.920000 -0.127553
-2.910000 -0.125565
-2.900000 -0.123600
-2.890000 -0.121656
-2.880000 -0.119735
-2.870000 -0.117837
-2.860000 -0.115960
-2.850000 -0.114106
-2.840000 -0.112273
-2.830000 -0.110463
-2.820000 -0.108675
-2.810000 -0.106908
-2.800000 -0.105163
-2.790000 -0.103439
-2.780000 -0.101737
-2.770000 -0.100057
-2.760000 -0.098397
-2.750000 -0.096758
-2.740000 -0.095140
-2.730000 -0.093542
-2.720000 -0.091965
-2.710000 -0.090408
-2.700000 -0.088870
-2.690000 -0.087352
-2.680000 -0.085853
-2.670000 -0.084374
-2.660000 -0.082912
-2.650000 -0.081470
-2.640000 -0.080045
-2.630000 -0.078638
-2.620000 -0.077249
-2.610000 -0.075876
-2.600000 -0.074520
-2.590000 -0.073181
-2.580000 -0.071857
-2.570000 -0.070549
-2.560000 -0.069256
-2.550000 -0.067978
-2.540000 -0.066715
-2.530000 -0.065465
-2.520000 -0.064228
-2.510000 -0.063004
-2.500000 -0.061793
-2.490000 -0.060594
-2.480000 -0.059407
-2.470000 -0.058230
-2.460000 -0.057064
-2.450000 -0.055908
-2.440000 -0.054762
-2.430000 -0.053624
-2.420000 -0.052495
-2.410000 -0.051374
-2.400000 -0.050260
-2.390000 -0.049153
-2.380000 -0.048052
-2.370000 -0.046957
-2.360000 -0.045867
-2.350000 -0.044781
-2.340000 -0.043698
-2.330000 -0.042619
-2.320000 -0.041543
-2.310000 -0.040468
-2.300000 -0.039394
-2.290000 -0.038321
-2.280000 -0.037248
-2.270000 -0.036174
-2.260000 -0.035098
-2.250000 -0.034020
-2.240000 -0.032940
-2.230000 -0.031856
-2.220000 -0.030767
-2.210000 -0.029673
-2.200000 -0.028574
-2.190000 -0.027468
-2.180000 -0.026354
-2.170000 -0.025233
-2.160000 -0.024102
-2.150000 -0.022962
-2.140000 -0.021812
-2.130000 -0.020650
-2.120000 -0.019477
-2.110000 -0.018290
-2.100000 -0.017090
-2.090000 -0.015875
-2.080000 -0.014645
-2.070000 -0.013399
-2.060000 -0.012136
-2.050000 -0.010855
-2.040000 -0.009555
-2.030000 -0.008236
-2.020000 -0.006896
-2.010000 -0.005534
-2.000000 -0.004150
-1.990000 -0.002743
-1.980000 -0.001312
-1.970000 0.000144
-1.960000 0.001626
-1.950000 0.003135
-1.940000 0.004673
-1.930000 0.006239
-1.920000 0.007834
-1.910000 0.009461
-1.900000 0.011119
-1.890000 0.012810
-1.880000 0.014535
-1.870000 0.016294
-1.860000 0.018089
-1.850000 0.019921
-1.840000 0.021791
-1.830000 0.023699
-1.820000 0.025648
-1.810000 0.027637
-1.800000 0.029668
-1.790000 0.031741
-1.780000 0.033859
-1.770000 0.036022
-1.760000 0.038231
-1.750000 0.040487
-1.740000 0.042791
-1.730000 0.045144
-1.720000 0.047548
-1.710000 0.050004
-1.700000 0.052511
-1.690000 0.055073
-1.680000 0.057689
-1.670000 0.060361
-1.660000 0.063090
-1.650000 0.065876
-1.640000 0.068722
-1.630000 0.071628
-1.620000 0.074596
-1.610000 0.077625
-1.600000 0.080719
-1.590000 0.083876
-1.580000 0.087100
-1.570000 0.090390
-1.560000 0.093748
-1.550000 0.097175
-1.540000 0.100672
-1.530000 0.104241
-1.520000 0.107881
-1.510000 0.111595
-1.500000 0.115383
-1.490000 0.119246
-1.480000 0.123186
-1.470000 0.127203
-1.460000 0.131299
-1.450000 0.135475
-1.440000 0.139731
-1.430000 0.144068
-1.420000 0.148488
-1.410000 0.152992
-1.400000 0.157580
-1.390000 0.162254
-1.380000 0.167013
-1.370000 0.171860
-1.360000 0.176796
-1.350000 0.181820
-1.340000 0.186934
-1.330000 0.192139
-1.320000 0.197436
-1.310000 0.202824
-1.300000 0.208306
-1.290000 0.213882
-1.280000 0.219552
-1.270000 0.225317
-1.260000 0.231179
-1.250000 0.237136
-1.240000 0.243191
-1.230000 0.249343
-1.220000 0.255594
-1.210000 0.261943
-1.200000 0.268391
-1.190000 0.274938
-1.180000 0.281586
-1.170000 0.288333
-1.160000 0.295181
-1.150000 0.302129
-1.140000 0.309178
-1.130000 0.316329
-1.120000 0.323580
-1.110000 0.330932
-1.100000 0.338386
-1.090000 0.345940
-1.080000 0.353595
-1.070000 0.361351
-1.060000 0.369208
-1.050000 0.377164
-1.040000 0.385221
-1.030000 0.393377
-1.020000 0.401632
-1.010000 0.409985
-1.000000 0.418436
-0.990000 0.426983
-0.980000 0.435628
-0.970000 0.444368
-0.960000 0.453202
-0.950000 0.462130
-0.940000 0.471151
-0.930000 0.480263
-0.920000 0.489465
-0.910000 0.498757
-0.900000 0.508136
-0.890000 0.517601
-0.880000 0.527152
-0.870000 0.536785
-0.860000 0.546500
-0.850000 0.556294
-0.840000 0.566167
-0.830000 0.576115
-0.820000 0.586138
-0.810000 0.596232
-0.800000 0.606396
-0.790000 0.616627
-0.780000 0.626923
-0.770000 0.637282
-0.760000 0.647701
-0.750000 0.658177
-0.740000 0.668708
-0.730000 0.679291
-0.720000 0.689922
-0.710000 0.700600
-0.700000 0.711320
-0.690000 0.722080
-0.680000 0.732876
-0.670000 0.743706
-0.660000 0.754564
-0.650000 0.765449
-0.640000 0.776356
-0.630000 0.787282
-0.620000 0.798223
-0.610000 0.809175
-0.600000 0.820133
-0.590000 0.831095
-0.580000 0.842055
-0.570000 0.853009
-0.560000 0.863954
-0.550000 0.874885
-0.540000 0.885797
-0.530000 0.896685
-0.520000 0.907546
-0.510000 0.918374
-0.500000 0.929165
-0.490000 0.939913
-0.480000 0.950615
-0.470000 0.961264
-0.460000 0.971856
-0.450000 0.982385
-0.440000 0.992847
-0.430000 1.003236
-0.420000 1.013547
-0.410000 1.023775
-0.400000 1.033914
-0.390000 1.043958
-0.380000 1.053903
-0.370000 1.063742
-0.360000 1.073470
-0.350000 1.083082
-0.340000 1.092572
-0.330000 1.101934
-0.320000 1.111162
-0.310000 1.120251
-0.300000 1.129196
-0.290000 1.137989
-0.280000 1.146625
-0.270000 1.155100
-0.260000 1.163406
-0.250000 1.171538
-0.240000 1.179490
-0.230000 1.187257
-0.220000 1.194833
-0.210000 1.202211
-0.200000 1.209387
-0.190000 1.216353
-0.180000 1.223106
-0.170000 1.229639
-0.160000 1.235946
-0.150000 1.242022
-0.140000 1.247861
-0.130000 1.253458
-0.120000 1.258807
-0.110000 1.263903
-0.100000 1.268741
-0.090000 1.273315
-0.080000 1.277620
-0.070000 1.281650
-0.060000 1.285402
-0.050000 1.288869
-0.040000 1.292047
-0.030000 1.294931
-0.020000 1.297517
-0.010000 1.299799
0.000000 1.301773
0.010000 1.303435
0.020000 1.304781
0.030000 1.305805
0.040000 1.306505
0.050000 1.306876
0.060000 1.306914
0.070000 1.306616
0.080000 1.305978
0.090000 1.304996
0.100000 1.303668
0.110000 1.301990
0.120000 1.299959
0.130000 1.297571
0.140000 1.294826
0.150000 1.291719
0.160000 1.288249
0.170000 1.284413
0.180000 1.280209
0.190000 1.275635
0.200000 1.270690
0.210000 1.265372
0.220000 1.259679
0.230000 1.253610
0.240000 1.247165
0.250000 1.240342
0.260000 1.233140
0.270000 1.225560
0.280000 1.217601
0.290000 1.209262
0.300000 1.200545
0.310000 1.191448
0.320000 1.181973
0.330000 1.172120
0.340000 1.161890
0.350000 1.151284
0.360000 1.140303
0.370000 1.128949
0.380000 1.117223
0.390000 1.105127
0.400000 1.092664
0.410000 1.079834
0.420000 1.066642
0.430000 1.053089
0.440000 1.039177
0.450000 1.024911
0.460000 1.010293
0.470000 0.995327
0.480000 0.980016
0.490000 0.964364
0.500000 0.948375
0.510000 0.932052
0.520000 0.915401
0.530000 0.898426
0.540000 0.881131
0.550000 0.863522
0.560000 0.845603
0.570000 0.827380
0.580000 0.808857
0.590000 0.790041
0.600000 0.770937
0.610000 0.751551
0.620000 0.731890
0.630000 0.711958
0.640000 0.691763
0.650000 0.671312
0.660000 0.650610
0.670000 0.629664
0.680000 0.608482
0.690000 0.587071
0.700000 0.565437
0.710000 0.543588
0.720000 0.521532
0.730000 0.499276
0.740000 0.476827
0.750000 0.454194
0.760000 0.431384
0.770000 0.408406
0.780000 0.385267
0.790000 0.361975
0.800000 0.338540
0.810000 0.314968
0.820000 0.291269
0.830000 0.267452
0.840000 0.243524
0.850000 0.219494
0.860000 0.195371
0.870000 0.171163
0.880000 0.146881
0.890000 0.122531
0.900000 0.098123
0.910000 0.073666
0.920000 0.049169
0.930000 0.024641
0.940000 0.000091
0.950000 -0.024474
0.960000 -0.049042
0.970000 -0.073606
0.980000 -0.098157
0.990000 -0.122685
1.000000 -0.147183
1.010000 -0.171640
1.020000 -0.196049
1.030000 -0.220399
1.040000 -0.244684
1.050000 -0.268893
1.060000 -0.293019
1.070000 -0.317052
1.080000 -0.340984
1.090000 -0.364806
1.100000 -0.388511
1.110000 -0.412090
1.120000 -0.435534
1.130000 -0.458835
1.140000 -0.481986
1.150000 -0.504978
1.160000 -0.527804
1.170000 -0.550455
1.180000 -0.572924
1.190000 -0.595203
1.200000 -0.617285
1.210000 -0.639163
1.220000 -0.660829
1.230000 -0.682277
1.240000 -0.703499
1.250000 -0.724488
1.260000 -0.745238
1.270000 -0.765742
1.280000 -0.785994
1.290000 -0.805988
1.300000 -0.825718
1.310000 -0.845177
1.320000 -0.864359
1.330000 -0.883260
1.340000 -0.901874
1.350000 -0.920195
1.360000 -0.938219
1.370000 -0.955940
1.380000 -0.973353
1.390000 -0.990454
1.400000 -1.007239
1.410000 -1.023703
1.420000 -1.039842
1.430000 -1.055652
1.440000 -1.071130
1.450000 -1.086272
1.460000 -1.101075
1.470000 -1.115535
1.480000 -1.129649
1.490000 -1.143415
1.500000 -1.156830
1.510000 -1.169891
1.520000 -1.182597
1.530000 -1.194945
1.540000 -1.206934
1.550000 -1.218561
1.560000 -1.229826
1.570000 -1.240726
1.580000 -1.251261
1.590000 -1.261430
1.600000 -1.271232
1.610000 -1.280666
1.620000 -1.289732
1.630000 -1.298431
1.640000 -1.306761
1.650000 -1.314722
1.660000 -1.322317
1.670000 -1.329543
1.680000 -1.336404
1.690000 -1.342898
1.700000 -1.349028
1.710000 -1.354794
1.720000 -1.360197
1.730000 -1.365240
1.740000 -1.369924
1.750000 -1.374250
1.760000 -1.378221
1.770000 -1.381838
1.780000 -1.385105
1.790000 -1.388023
1.800000 -1.390595
1.810000 -1.392824
1.820000 -1.394712
1.830000 -1.396262
1.840000 -1.397479
1.850000 -1.398364
1.860000 -1.398921
1.870000 -1.399154
1.880000 -1.399066
1.890000 -1.398661
1.900000 -1.397943
1.910000 -1.396916
1.920000 -1.395583
1.930000 -1.393950
1.940000 -1.392019
1.950000 -1.389797
1.960000 -1.387286
1.970000 -1.384492
1.980000 -1.381419
1.990000 -1.378071
2.000000 -1.374454
2.010000 -1.370573
2.020000 -1.366432
2.030000 -1.362036
2.040000 -1.357390
2.050000 -1.352499
2.060000 -1.347370
2.070000 -1.342005
2.080000 -1.336412
2.090000 -1.330595
2.100000 -1.324559
2.110000 -1.318310
2.120000 -1.311853
2.130000 -1.305194
2.140000 -1.298338
2.150000 -1.291291
2.160000 -1.284057
2.170000 -1.276643
2.180000 -1.269054
2.190000 -1.261295
2.200000 -1.253372
2.210000 -1.245291
2.220000 -1.237056
2.230000 -1.228674
2.240000 -1.220150
2.250000 -1.211489
2.260000 -1.202697
2.270000 -1.193780
2.280000 -1.184741
2.290000 -1.175588
2.300000 -1.166325
2.310000 -1.156958
2.320000 -1.147492
2.330000 -1.137932
2.340000 -1.128284
2.350000 -1.118552
2.360000 -1.108741
2.370000 -1.098858
2.380000 -1.088906
2.390000 -1.078892
2.400000 -1.068819
2.410000 -1.058692
2.420000 -1.048517
2.430000 -1.038298
2.440000 -1.028040
2.450000 -1.017747
2.460000 -1.007425
2.470000 -0.997077
2.480000 -0.986708
2.490000 -0.976322
2.500000 -0.965923
2.510000 -0.955517
2.520000 -0.945106
2.530000 -0.934696
2.540000 -0.924289
2.550000 -0.913890
2.560000 -0.903503
2.570000 -0.893132
2.580000 -0.882779
2.590000 -0.872450
2.600000 -0.862146
2.610000 -0.851872
2.620000 -0.841631
2.630000 -0.831427
2.640000 -0.821262
2.650000 -0.811139
2.660000 -0.801062
2.670000 -0.791034
2.680000 -0.781057
2.690000 -0.771133
2.700000 -0.761267
2.710000 -0.751460
2.720000 -0.741715
2.730000 -0.732035
2.740000 -0.722421
2.750000 -0.712876
2.760000 -0.703402
2.770000 -0.694001
2.780000 -0.684675
2.790000 -0.675427
2.800000 -0.666258
2.810000 -0.657169
2.820000 -0.648164
2.830000 -0.639242
2.840000 -0.630406
2.850000 -0.621657
2.860000 -0.612997
2.870000 -0.604426
2.880000 -0.595947
2.890000 -0.587560
2.900000 -0.579267
2.910000 -0.571068
2.920000 -0.562965
2.930000 -0.554957
2.940000 -0.547048
2.950000 -0.539236
2.960000 -0.531523
2.970000 -0.523909
2.980000 -0.516395
2.990000 -0.508982
3.000000 -0.501669
3.010000 -0.494458
3.020000 -0.487349
3.030000 -0.480341
3.040000 -0.473436
3.050000 -0.466634
3.060000 -0.459934
3.070000 -0.453336
3.080000 -0.446842
3.090000 -0.440450
3.100000 -0.434161
3.110000 -0.427974
3.120000 -0.421890
3.130000 -0.415908
3.140000 -0.410029
3.150000 -0.404251
3.160000 -0.398575
3.170000 -0.393000
3.180000 -0.387526
3.190000 -0.382153
3.200000 -0.376880
3.210000 -0.371706
3.220000 -0.366632
3.230000 -0.361656
3.240000 -0.356779
3.250000 -0.351999
3.260000 -0.347316
3.270000 -0.342729
3.280000 -0.338238
3.290000 -0.333843
3.300000 -0.329542
3.310000 -0.325334
3.320000 -0.321220
3.330000 -0.317198
3.340000 -0.313268
3.350000 -0.309429
3.360000 -0.305679
3.370000 -0.302019
3.380000 -0.298448
3.390000 -0.294964
3.400000 -0.291567
3.410000 -0.288257
3.420000 -0.285031
3.430000 -0.281890
3.440000 -0.278833
3.450000 -0.275858
3.460000 -0.272965
3.470000 -0.270154
3.480000 -0.267422
3.490000 -0.264770
3.500000 -0.262196
3.510000 -0.259699
3.520000 -0.257280
3.530000 -0.254936
3.540000 -0.252667
3.550000 -0.250472
3.560000 -0.248350
3.570000 -0.246300
3.580000 -0.244322
3.590000 -0.242414
3.600000 -0.240576
3.610000 -0.238806
3.620000 -0.237104
3.630000 -0.235470
3.640000 -0.233901
3.650000 -0.232398
3.660000 -0.230959
3.670000 -0.229583
3.680000 -0.228271
3.690000 -0.227020
3.700000 -0.225830
3.710000 -0.224700
3.720000 -0.223629
3.730000 -0.222617
3.740000 -0.221663
3.750000 -0.220765
3.760000 -0.219923
3.770000 -0.219136
3.780000 -0.218404
3.790000 -0.217725
3.800000 -0.217099
3.810000 -0.216525
3.820000 -0.216002
3.830000 -0.215529
3.840000 -0.215106
3.850000 -0.214732
3.860000 -0.214406
3.870000 -0.214127
3.880000 -0.213894
3.890000 -0.213708
3.900000 -0.213566
3.910000 -0.213469
3.920000 -0.213415
3.930000 -0.213405
3.940000 -0.213436
3.950000 -0.213509
3.960000 -0.213622
3.970000 -0.213776
3.980000 -0.213969
3.990000 -0.214201
4.000000 -0.214471
4.010000 -0.214778
4.020000 -0.215122
4.030000 -0.215502
4.040000 -0.215917
4.050000 -0.216368
4.060000 -0.216852
4.070000 -0.217370
4.080000 -0.217921
4.090000 -0.218504
4.100000 -0.219120
4.110000 -0.219766
4.120000 -0.220443
4.130000 -0.221150
4.140000 -0.221887
4.150000 -0.222652
4.160000 -0.223446
4.170000 -0.224268
4.180000 -0.225118
4.190000 -0.225994
4.200000 -0.226897
4.210000 -0.227825
4.220000 -0.228780
4.230000 -0.229759
4.240000 -0.230763
4.250000 -0.231790
4.260000 -0.232842
4.270000 -0.233917
4.280000 -0.235015
4.290000 -0.236135
4.300000 -0.237277
4.310000 -0.238441
4.320000 -0.239627
4.330000 -0.240833
4.340000 -0.242060
4.350000 -0.243308
4.360000 -0.244575
4.370000 -0.245863
4.380000 -0.247170
4.390000 -0.248496
4.400000 -0.249841
4.410000 -0.251204
4.420000 -0.252586
4.430000 -0.253987
4.440000 -0.255405
4.450000 -0.256841
4.460000 -0.258295
4.470000 -0.259766
4.480000 -0.261254
4.490000 -0.262759
4.500000 -0.264282
4.510000 -0.265821
4.520000 -0.267377
4.530000 -0.268949
4.540000 -0.270538
4.550000 -0.272143
4.560000 -0.273764
4.570000 -0.275401
4.580000 -0.277055
4.590000 -0.278724
4.600000 -0.280410
4.610000 -0.282111
4.620000 -0.283828
4.630000 -0.285561
4.640000 -0.287310
4.650000 -0.289075
4.660000 -0.290855
4.670000 -0.292651
4.680000 -0.294462
4.690000 -0.296289
4.700000 -0.298132
4.710000 -0.299990
4.720000 -0.301864
4.730000 -0.303754
4.740000 -0.305659
4.750000 -0.307579
4.760000 -0.309515
4.770000 -0.311466
4.780000 -0.313433
4.790000 -0.315415
4.800000 -0.317412
4.810000 -0.319424
4.820000 -0.321452
4.830000 -0.323494
4.840000 -0.325552
4.850000 -0.327624
4.860000 -0.329711
4.870000 -0.331813
4.880000 -0.333928
4.890000 -0.336059
4.900000 -0.338203
4.910000 -0.340361
4.920000 -0.342532
4.930000 -0.344717
4.940000 -0.346915
4.950000 -0.349126
4.960000 -0.351349
4.970000 -0.353585
4.980000 -0.355832
4.990000 -0.358090
5.000000 -0.360359
5.010000 -0.362638
5.020000 -0.364928
5.030000 -0.367226
5.040000 -0.369534
5.050000 -0.371850
5.060000 -0.374173
5.070000 -0.376503
5.080000 -0.378839
5.090000 -0.381181
5.100000 -0.383527
5.110000 -0.385877
5.120000 -0.388229
5.130000 -0.390584
5.140000 -0.392940
5.150000 -0.395295
5.160000 -0.397649
5.170000 -0.400002
5.180000 -0.402351
5.190000 -0.404695
5.200000 -0.407033
5.210000 -0.409365
5.220000 -0.411687
5.230000 -0.414000
5.240000 -0.416302
5.250000 -0.418591
5.260000 -0.420865
5.270000 -0.423123
5.280000 -0.425364
5.290000 -0.427585
5.300000 -0.429786
5.310000 -0.431963
5.320000 -0.434115
5.330000 -0.436241
5.340000 -0.438338
5.350000 -0.440404
5.360000 -0.442437
5.370000 -0.444435
5.380000 -0.446396
5.390000 -0.448318
5.400000 -0.450197
5.410000 -0.452033
5.420000 -0.453823
5.430000 -0.455563
5.440000 -0.457252
5.450000 -0.458887
5.460000 -0.460466
5.470000 -0.461985
5.480000 -0.463443
5.490000 -0.464836
5.500000 -0.466162
5.510000 -0.467418
5.520000 -0.468601
5.530000 -0.469708
5.540000 -0.470737
5.550000 -0.471684
5.560000 -0.472546
5.570000 -0.473320
5.580000 -0.474004
5.590000 -0.474594
5.600000 -0.475088
5.610000 -0.475481
5.620000 -0.475771
5.630000 -0.475955
5.640000 -0.476029
5.650000 -0.475991
5.660000 -0.475837
5.670000 -0.475563
5.680000 -0.475168
5.690000 -0.474646
5.700000 -0.473996
5.710000 -0.473214
5.720000 -0.472297
5.730000 -0.471240
5.740000 -0.470043
5.750000 -0.468700
5.760000 -0.467209
5.770000 -0.465566
5.780000 -0.463769
5.790000 -0.461814
5.800000 -0.459698
5.810000 -0.457419
5.820000 -0.454972
5.830000 -0.452355
5.840000 -0.449565
5.850000 -0.446599
5.860000 -0.443454
5.870000 -0.440127
5.880000 -0.436615
5.890000 -0.432915
5.900000 -0.429026
5.910000 -0.424943
5.920000 -0.420665
5.930000 -0.416189
5.940000 -0.411512
5.950000 -0.406632
5.960000 -0.401547
5.970000 -0.396255
5.980000 -0.390752
5.990000 -0.385038
6.000000 -0.379109
6.010000 -0.372965
6.020000 -0.366603
6.030000 -0.360022
6.040000 -0.353219
6.050000 -0.346194
6.060000 -0.338945
6.070000 -0.331470
6.080000 -0.323769
6.090000 -0.315840
6.100000 -0.307681
6.110000 -0.299294
6.120000 -0.290675
6.130000 -0.281825
6.140000 -0.272744
6.150000 -0.263430
6.160000 -0.253884
6.170000 -0.244104
6.180000 -0.234093
6.190000 -0.223848
6.200000 -0.213371
6.210000 -0.202662
6.220000 -0.191721
6.230000 -0.180549
6.240000 -0.169147
6.250000 -0.157516
6.260000 -0.145656
6.270000 -0.133569
6.280000 -0.121256
6.290000 -0.108719
6.300000 -0.095959
6.310000 -0.082979
6.320000 -0.069779
6.330000 -0.056362
6.340000 -0.042730
6.350000 -0.028886
6.360000 -0.014832
6.370000 -0.000570
6.380000 0.013896
6.390000 0.028564
6.400000 0.043430
6.410000 0.058492
6.420000 0.073746
6.430000 0.089188
6.440000 0.104815
6.450000 0.120623
6.460000 0.136608
6.470000 0.152766
6.480000 0.169093
6.490000 0.185584
6.500000 0.202235
6.510000 0.219042
6.520000 0.235999
6.530000 0.253102
6.540000 0.270346
6.550000 0.287725
6.560000 0.305235
6.570000 0.322869
6.580000 0.340623
6.590000 0.358491
6.600000 0.376467
6.610000 0.394545
6.620000 0.412720
6.630000 0.430985
6.640000 0.449334
6.650000 0.467761
6.660000 0.486260
6.670000 0.504824
6.680000 0.523446
6.690000 0.542120
6.700000 0.560840
6.710000 0.579599
6.720000 0.598389
6.730000 0.617204
6.740000 0.636037
6.750000 0.654881
6.760000 0.673728
6.770000 0.692572
6.780000 0.711406
6.790000 0.730222
6.800000 0.749013
6.810000 0.767772
6.820000 0.786491
6.830000 0.805163
6.840000 0.823780
6.850000 0.842336
6.860000 0.860822
6.870000 0.879232
6.880000 0.897557
6.890000 0.915791
6.900000 0.933927
6.910000 0.951955
6.920000 0.969870
6.930000 0.987664
6.940000 1.005329
6.950000 1.022859
6.960000 1.040245
6.970000 1.057481
6.980000 1.074559
6.990000 1.091472
7.000000 1.108213
7.010000 1.124775
7.020000 1.141152
7.030000 1.157335
7.040000 1.173318
7.050000 1.189095
7.060000 1.204658
7.070000 1.220001
7.080000 1.235118
7.090000 1.250001
7.100000 1.264645
7.110000 1.279044
7.120000 1.293190
7.130000 1.307078
7.140000 1.320703
7.150000 1.334057
7.160000 1.347136
7.170000 1.359934
7.180000 1.372446
7.190000 1.384665
7.200000 1.396587
7.210000 1.408207
7.220000 1.419519
7.230000 1.430519
7.240000 1.441203
7.250000 1.451565
7.260000 1.461602
7.270000 1.471308
7.280000 1.480681
7.290000 1.489716
7.300000 1.498409
7.310000 1.506756
7.320000 1.514756
7.330000 1.522403
7.340000 1.529695
7.350000 1.536629
7.360000 1.543202
7.370000 1.549412
7.380000 1.555256
7.390000 1.560732
7.400000 1.565838
7.410000 1.570572
7.420000 1.574932
7.430000 1.578918
7.440000 1.582526
7.450000 1.585757
7.460000 1.588608
7.470000 1.591081
7.480000 1.593172
7.490000 1.594884
7.500000 1.596214
7.510000 1.597163
7.520000 1.597731
7.530000 1.597918
7.540000 1.597725
7.550000 1.597152
7.560000 1.596200
7.570000 1.594870
7.580000 1.593163
7.590000 1.591081
7.600000 1.588625
7.610000 1.585796
7.620000 1.582597
7.630000 1.579029
7.640000 1.575094
7.650000 1.570796
7.660000 1.566135
7.670000 1.561116
7.680000 1.555741
7.690000 1.550012
7.700000 1.543934
7.710000 1.537508
7.720000 1.530739
7.730000 1.523630
7.740000 1.516185
7.750000 1.508407
7.760000 1.500302
7.770000 1.491872
7.780000 1.483121
7.790000 1.474056
7.800000 1.464679
7.810000 1.454995
7.820000 1.445010
7.830000 1.434728
7.840000 1.424154
7.850000 1.413293
7.860000 1.402151
7.870000 1.390732
7.880000 1.379042
7.890000 1.367087
7.900000 1.354872
7.910000 1.342403
7.920000 1.329685
7.930000 1.316724
7.940000 1.303527
7.950000 1.290099
7.960000 1.276447
7.970000 1.262575
7.980000 1.248492
7.990000 1.234202
8.000000 1.219713
8.010000 1.205029
8.020000 1.190159
8.030000 1.175108
8.040000 1.159883
8.050000 1.144490
8.060000 1.128936
8.070000 1.113227
8.080000 1.097370
8.090000 1.081372
8.100000 1.065239
8.110000 1.048978
8.120000 1.032595
8.130000 1.016098
8.140000 0.999492
8.150000 0.982784
8.160000 0.965982
8.170000 0.949091
8.180000 0.932118
8.190000 0.915071
8.200000 0.897954
8.210000 0.880776
8.220000 0.863542
8.230000 0.846260
8.240000 0.828934
8.250000 0.811573
8.260000 0.794182
8.270000 0.776767
8.280000 0.759335
8.290000 0.741893
8.300000 0.724445
8.310000 0.706999
8.320000 0.689561
8.330000 0.672136
8.340000 0.654730
8.350000 0.637350
8.360000 0.620000
8.370000 0.602688
8.380000 0.585418
8.390000 0.568196
8.400000 0.551028
8.410000 0.533919
8.420000 0.516874
8.430000 0.499899
8.440000 0.482998
8.450000 0.466178
8.460000 0.449442
8.470000 0.432796
8.480000 0.416244
8.490000 0.399791
8.500000 0.383443
8.510000 0.367203
8.520000 0.351075
8.530000 0.335064
8.540000 0.319175
8.550000 0.303411
8.560000 0.287776
8.570000 0.272275
8.580000 0.256910
8.590000 0.241687
8.600000 0.226607
8.610000 0.211675
8.620000 0.196894
8.630000 0.182267
8.640000 0.167797
8.650000 0.153488
8.660000 0.139342
8.670000 0.125362
8.680000 0.111551
8.690000 0.097911
8.700000 0.084445
8.710000 0.071155
8.720000 0.058043
8.730000 0.045112
8.740000 0.032363
8.750000 0.019798
8.760000 0.007420
8.770000 -0.004771
8.780000 -0.016773
8.790000 -0.028583
8.800000 -0.040202
8.810000 -0.051627
8.820000 -0.062858
8.830000 -0.073893
8.840000 -0.084731
8.850000 -0.095373
8.860000 -0.105816
8.870000 -0.116060
8.880000 -0.126106
8.890000 -0.135951
8.900000 -0.145597
8.910000 -0.155043
8.920000 -0.164288
8.930000 -0.173333
8.940000 -0.182178
8.950000 -0.190822
8.960000 -0.199267
8.970000 -0.207512
8.980000 -0.215558
8.990000 -0.223405
9.000000 -0.231054
9.010000 -0.238505
9.020000 -0.245760
9.030000 -0.252819
9.040000 -0.259683
9.050000 -0.266353
9.060000 -0.272829
9.070000 -0.279114
9.080000 -0.285208
9.090000 -0.291113
9.100000 -0.296829
9.110000 -0.302359
9.120000 -0.307703
9.130000 -0.312863
9.140000 -0.317841
9.150000 -0.322638
9.160000 -0.327257
9.170000 -0.331697
9.180000 -0.335963
9.190000 -0.340054
9.200000 -0.343973
9.210000 -0.347723
9.220000 -0.351304
9.230000 -0.354719
9.240000 -0.357970
9.250000 -0.361060
9.260000 -0.363989
9.270000 -0.366760
9.280000 -0.369376
9.290000 -0.371838
9.300000 -0.374150
9.310000 -0.376312
9.320000 -0.378327
9.330000 -0.380198
9.340000 -0.381927
9.350000 -0.383516
9.360000 -0.384968
9.370000 -0.386284
9.380000 -0.387468
9.390000 -0.388522
9.400000 -0.389447
9.410000 -0.390247
9.420000 -0.390924
9.430000 -0.391480
9.440000 -0.391918
9.450000 -0.392240
9.460000 -0.392448
9.470000 -0.392545
9.480000 -0.392534
9.490000 -0.392416
9.500000 -0.392194
9.510000 -0.391871
9.520000 -0.391449
9.530000 -0.390931
9.540000 -0.390318
9.550000 -0.389613
9.560000 -0.388818
9.570000 -0.387936
9.580000 -0.386969
9.590000 -0.385920
9.600000 -0.384790
9.610000 -0.383582
9.620000 -0.382298
9.630000 -0.380940
9.640000 -0.379511
9.650000 -0.378013
9.660000 -0.376448
9.670000 -0.374817
9.680000 -0.373124
9.690000 -0.371370
9.700000 -0.369558
9.710000 -0.367688
9.720000 -0.365765
9.730000 -0.363788
9.740000 -0.361761
9.750000 -0.359685
9.760000 -0.357562
9.770000 -0.355394
9.780000 -0.353183
9.790000 -0.350931
9.800000 -0.348639
9.810000 -0.346309
9.820000 -0.343943
9.830000 -0.341543
9.840000 -0.339110
9.850000 -0.336646
9.860000 -0.334152
9.870000 -0.331631
9.880000 -0.329083
9.890000 -0.326510
9.900000 -0.323913
9.910000 -0.321295
9.920000 -0.318656
9.930000 -0.315997
9.940000 -0.313321
9.950000 -0.310628
9.960000 -0.307920
9.970000 -0.305198
9.980000 -0.302463
9.990000 -0.299716
10.000000 -0.296959
10.010000 -0.294192
10.020000 -0.291417
10.030000 -0.288635
10.040000 -0.285847
10.050000 -0.283054
10.060000 -0.280256
10.070000 -0.277455
10.080000 -0.274652
10.090000 -0.271847
10.100000 -0.269042
10.110000 -0.266236
10.120000 -0.263432
10.130000 -0.260630
10.140000 -0.257831
10.150000 -0.255035
10.160000 -0.252242
10.170000 -0.249455
10.180000 -0.246673
10.190000 -0.243897
10.200000 -0.241128
10.210000 -0.238366
10.220000 -0.235611
10.230000 -0.232865
10.240000 -0.230128
10.250000 -0.227400
10.260000 -0.224682
10.270000 -0.221975
10.280000 -0.219278
10.290000 -0.216592
10.300000 -0.213918
10.310000 -0.211256
10.320000 -0.208606
10.330000 -0.205968
10.340000 -0.203344
10.350000 -0.200733
10.360000 -0.198136
10.370000 -0.195552
10.380000 -0.192983
10.390000 -0.190428
10.400000 -0.187888
10.410000 -0.185363
10.420000 -0.182853
10.430000 -0.180358
10.440000 -0.177879
10.450000 -0.175416
10.460000 -0.172968
10.470000 -0.170536
10.480000 -0.168121
10.490000 -0.165722
10.500000 -0.163340
10.510000 -0.160974
10.520000 -0.158625
10.530000 -0.156292
10.540000 -0.153977
10.550000 -0.151678
10.560000 -0.149397
10.570000 -0.147133
10.580000 -0.144886
10.590000 -0.142656
10.600000 -0.140444
10.610000 -0.138249
10.620000 -0.136072
10.630000 -0.133912
10.640000 -0.131769
10.650000 -0.129645
10.660000 -0.127538
10.670000 -0.125448
10.680000 -0.123377
10.690000 -0.121323
10.700000 -0.119287
10.710000 -0.117269
10.720000 -0.115268
10.730000 -0.113286
10.740000 -0.111321
10.750000 -0.109374
10.760000 -0.107445
10.770000 -0.105534
10.780000 -0.103641
10.790000 -0.101766
10.800000 -0.099909
10.810000 -0.098070
10.820000 -0.096249
10.830000 -0.094446
10.840000 -0.092662
10.850000 -0.090895
10.860000 -0.089147
10.870000 -0.087417
10.880000 -0.085705
10.890000 -0.084012
10.900000 -0.082337
10.910000 -0.080680
10.920000 -0.079042
10.930000 -0.077423
10.940000 -0.075822
10.950000 -0.074240
10.960000 -0.072677
10.970000 -0.071133
10.980000 -0.069607
10.990000 -0.068101
11.000000 -0.066614
11.010000 -0.065146
11.020000 -0.063698
11.030000 -0.062270
11.040000 -0.060861
11.050000 -0.059471
11.060000 -0.058102
11.070000 -0.056753
11.080000 -0.055425
11.090000 -0.054116
11.100000 -0.052829
11.110000 -0.051562
11.120000 -0.050316
11.130000 -0.049092
11.140000 -0.047889
11.150000 -0.046708
11.160000 -0.045548
11.170000 -0.044411
11.180000 -0.043296
11.190000 -0.042204
11.200000 -0.041135
11.210000 -0.040089
11.220000 -0.039067
11.230000 -0.038069
11.240000 -0.037094
11.250000 -0.036144
11.260000 -0.035220
11.270000 -0.034320
11.280000 -0.033445
11.290000 -0.032597
11.300000 -0.031775
11.310000 -0.030979
11.320000 -0.030211
11.330000 -0.029470
11.340000 -0.028757
11.350000 -0.028072
11.360000 -0.027416
11.370000 -0.026789
11.380000 -0.026192
11.390000 -0.025625
11.400000 -0.025089
11.410000 -0.024584
11.420000 -0.024110
11.430000 -0.023668
11.440000 -0.023260
11.450000 -0.022884
11.460000 -0.022542
11.470000 -0.022234
11.480000 -0.021961
11.490000 -0.021724
11.500000 -0.021522
11.510000 -0.021357
11.520000 -0.021229
11.530000 -0.021138
11.540000 -0.021086
11.550000 -0.021073
11.560000 -0.021099
11.570000 -0.021166
11.580000 -0.021273
11.590000 -0.021422
11.600000 -0.021612
11.610000 -0.021845
11.620000 -0.022122
11.630000 -0.022442
11.640000 -0.022807
11.650000 -0.023217
11.660000 -0.023672
11.670000 -0.024175
11.680000 -0.024724
11.690000 -0.025321
11.700000 -0.025966
11.710000 -0.026660
11.720000 -0.027404
11.730000 -0.028198
11.740000 -0.029043
11.750000 -0.029939
11.760000 -0.030888
11.770000 -0.031889
11.780000 -0.032943
11.790000 -0.034051
11.800000 -0.035213
11.810000 -0.036431
11.820000 -0.037703
11.830000 -0.039032
11.840000 -0.040418
11.850000 -0.041860
11.860000 -0.043360
11.870000 -0.044918
11.880000 -0.046534
11.890000 -0.048210
11.900000 -0.049945
11.910000 -0.051739
11.920000 -0.053594
11.930000 -0.055509
11.940000 -0.057486
11.950000 -0.059523
11.960000 -0.061622
11.970000 -0.063782
11.980000 -0.066005
11.990000 -0.068290
12.000000 -0.070637
12.010000 -0.073047
12.020000 -0.075520
12.030000 -0.078056
12.040000 -0.080654
12.050000 -0.083316
12.060000 -0.086040
12.070000 -0.088828
12.080000 -0.091678
12.090000 -0.094592
12.100000 -0.097568
12.110000 -0.100607
12.120000 -0.103708
12.130000 -0.106871
12.140000 -0.110097
12.150000 -0.113384
12.160000 -0.116732
12.170000 -0.120142
12.180000 -0.123611
12.190000 -0.127141
12.200000 -0.130731
12.210000 -0.134379
12.220000 -0.138086
12.230000 -0.141851
12.240000 -0.145673
12.250000 -0.149552
12.260000 -0.153486
12.270000 -0.157476
12.280000 -0.161519
12.290000 -0.165616
12.300000 -0.169765
12.310000 -0.173965
12.320000 -0.178216
12.330000 -0.182516
12.340000 -0.186864
12.350000 -0.191260
12.360000 -0.195701
12.370000 -0.200187
12.380000 -0.204717
12.390000 -0.209289
12.400000 -0.213901
12.410000 -0.218553
12.420000 -0.223243
12.430000 -0.227970
12.440000 -0.232732
12.450000 -0.237527
12.460000 -0.242354
12.470000 -0.247211
12.480000 -0.252097
12.490000 -0.257009
12.500000 -0.261947
12.510000 -0.266908
12.520000 -0.271891
12.530000 -0.276893
12.540000 -0.281914
12.550000 -0.286950
12.560000 -0.292000
12.570000 -0.297062
12.580000 -0.302134
12.590000 -0.307214
12.600000 -0.312300
12.610000 -0.317390
12.620000 -0.322481
12.630000 -0.327572
12.640000 -0.332661
12.650000 -0.337744
12.660000 -0.342821
12.670000 -0.347888
12.680000 -0.352944
12.690000 -0.357985
12.700000 -0.363011
12.710000 -0.368019
12.720000 -0.373006
12.730000 -0.377970
12.740000 -0.382909
12.750000 -0.387820
12.760000 -0.392702
12.770000 -0.397551
12.780000 -0.402365
12.790000 -0.407143
12.800000 -0.411881
12.810000 -0.416577
12.820000 -0.421230
12.830000 -0.425836
12.840000 -0.430394
12.850000 -0.434900
12.860000 -0.439354
12.870000 -0.443752
12.880000 -0.448091
12.890000 -0.452371
12.900000 -0.456588
12.910000 -0.460741
12.920000 -0.464827
12.930000 -0.468844
12.940000 -0.472789
12.950000 -0.476661
12.960000 -0.480458
12.970000 -0.484177
12.980000 -0.487816
12.990000 -0.491373
13.000000 -0.494847
13.010000 -0.498235
13.020000 -0.501535
13.030000 -0.504745
13.040000 -0.507864
13.050000 -0.510890
13.060000 -0.513821
13.070000 -0.516655
13.080000 -0.519390
13.090000 -0.522025
13.100000 -0.524558
13.110000 -0.526988
13.120000 -0.529313
13.130000 -0.531531
13.140000 -0.533642
13.150000 -0.535643
13.160000 -0.537534
13.170000 -0.539314
13.180000 -0.540980
13.190000 -0.542532
13.200000 -0.543968
13.210000 -0.545289
13.220000 -0.546492
13.230000 -0.547577
13.240000 -0.548543
13.250000 -0.549388
13.260000 -0.550114
13.270000 -0.550717
13.280000 -0.551199
13.290000 -0.551558
13.300000 -0.551795
13.310000 -0.551907
13.320000 -0.551896
13.330000 -0.551761
13.340000 -0.551501
13.350000 -0.551116
13.360000 -0.550607
13.370000 -0.549972
13.380000 -0.549213
13.390000 -0.548329
13.400000 -0.547321
13.410000 -0.546187
13.420000 -0.544930
13.430000 -0.543549
13.440000 -0.542044
13.450000 -0.540415
13.460000 -0.538665
13.470000 -0.536792
13.480000 -0.534797
13.490000 -0.532682
13.500000 -0.530447
13.510000 -0.528092
13.520000 -0.525620
13.530000 -0.523029
13.540000 -0.520322
13.550000 -0.517500
13.560000 -0.514563
13.570000 -0.511513
13.580000 -0.508351
13.590000 -0.505077
13.600000 -0.501695
13.610000 -0.498204
13.620000 -0.494606
13.630000 -0.490903
13.640000 -0.487096
13.650000 -0.483187
13.660000 -0.479177
13.670000 -0.475068
13.680000 -0.470861
13.690000 -0.466559
13.700000 -0.462162
13.710000 -0.457674
13.720000 -0.453095
13.730000 -0.448427
13.740000 -0.443673
13.750000 -0.438834
13.760000 -0.433913
13.770000 -0.428910
13.780000 -0.423829
13.790000 -0.418672
13.800000 -0.413440
13.810000 -0.408135
13.820000 -0.402760
13.830000 -0.397317
13.840000 -0.391808
13.850000 -0.386235
13.860000 -0.380601
13.870000 -0.374907
13.880000 -0.369156
13.890000 -0.363350
13.900000 -0.357492
13.910000 -0.351584
13.920000 -0.345627
13.930000 -0.339625
13.940000 -0.333580
13.950000 -0.327493
13.960000 -0.321368
13.970000 -0.315206
13.980000 -0.309010
13.990000 -0.302782
14.000000 -0.296525
14.010000 -0.290241
14.020000 -0.283932
14.030000 -0.277601
14.040000 -0.271249
14.050000 -0.264879
14.060000 -0.258494
14.070000 -0.252095
14.080000 -0.245685
14.090000 -0.239266
14.100000 -0.232841
14.110000 -0.226411
14.120000 -0.219980
14.130000 -0.213548
14.140000 -0.207118
14.150000 -0.200692
14.160000 -0.194273
14.170000 -0.187863
14.180000 -0.181463
14.190000 -0.175075
14.200000 -0.168703
14.210000 -0.162347
14.220000 -0.156009
14.230000 -0.149693
14.240000 -0.143399
14.250000 -0.137129
14.260000 -0.130886
14.270000 -0.124671
14.280000 -0.118486
14.290000 -0.112333
14.300000 -0.106213
14.310000 -0.100129
14.320000 -0.094082
14.330000 -0.088073
14.340000 -0.082104
14.350000 -0.076177
14.360000 -0.070294
14.370000 -0.064455
14.380000 -0.058663
14.390000 -0.052918
14.400000 -0.047223
14.410000 -0.041578
14.420000 -0.035985
14.430000 -0.030446
14.440000 -0.024961
14.450000 -0.019531
14.460000 -0.014159
14.470000 -0.008844
14.480000 -0.003589
14.490000 0.001606
14.500000 0.006740
14.510000 0.011811
14.520000 0.016819
14.530000 0.021763
14.540000 0.026642
14.550000 0.031455
14.560000 0.036201
14.570000 0.040880
14.580000 0.045490
14.590000 0.050031
14.600000 0.054503
14.610000 0.058904
14.620000 0.063234
14.630000 0.067493
14.640000 0.071680
14.650000 0.075794
14.660000 0.079835
14.670000 0.083802
14.680000 0.087696
14.690000 0.091516
14.700000 0.095261
14.710000 0.098931
14.720000 0.102526
14.730000 0.106046
14.740000 0.109490
14.750000 0.112858
14.760000 0.116151
14.770000 0.119367
14.780000 0.122508
14.790000 0.125572
14.800000 0.128561
14.810000 0.131473
14.820000 0.134309
14.830000 0.137069
14.840000 0.139753
14.850000 0.142362
14.860000 0.144894
14.870000 0.147352
14.880000 0.149734
14.890000 0.152040
14.900000 0.154272
14.910000 0.156430
14.920000 0.158513
14.930000 0.160522
14.940000 0.162458
14.950000 0.164320
14.960000 0.166110
14.970000 0.167827
14.980000 0.169472
14.990000 0.171046
15.000000 0.172548
15.010000 0.173980
15.020000 0.175341
15.030000 0.176633
15.040000 0.177856
15.050000 0.179011
15.060000 0.180097
15.070000 0.181117
15.080000 0.182069
15.090000 0.182956
15.100000 0.183777
15.110000 0.184533
15.120000 0.185225
15.130000 0.185854
15.140000 0.186420
15.150000 0.186924
15.160000 0.187366
15.170000 0.187748
15.180000 0.188071
15.190000 0.188334
15.200000 0.188539
15.210000 0.188687
15.220000 0.188778
15.230000 0.188814
15.240000 0.188794
15.250000 0.188720
15.260000 0.188593
15.270000 0.188414
15.280000 0.188183
15.290000 0.187901
15.300000 0.187569
15.310000 0.187188
15.320000 0.186760
15.330000 0.186284
15.340000 0.185762
15.350000 0.185195
15.360000 0.184583
15.370000 0.183928
15.380000 0.183230
15.390000 0.182490
15.400000 0.181710
15.410000 0.180891
15.420000 0.180032
15.430000 0.179136
15.440000 0.178203
15.450000 0.177234
15.460000 0.176231
15.470000 0.175193
15.480000 0.174123
15.490000 0.173020
15.500000 0.171887
15.510000 0.170724
15.520000 0.169532
15.530000 0.168311
15.540000 0.167064
15.550000 0.165791
15.560000 0.164492
15.570000 0.163170
15.580000 0.161825
15.590000 0.160457
15.600000 0.159069
15.610000 0.157660
15.620000 0.156232
15.630000 0.154786
15.640000 0.153323
15.650000 0.151844
15.660000 0.150349
15.670000 0.148840
15.680000 0.147318
15.690000 0.145784
15.700000 0.144238
15.710000 0.142682
15.720000 0.141116
15.730000 0.139541
15.740000 0.137959
15.750000 0.136370
15.760000 0.134775
15.770000 0.133176
15.780000 0.131572
15.790000 0.129965
15.800000 0.128356
15.810000 0.126746
15.820000 0.125135
15.830000 0.123524
15.840000 0.121915
15.850000 0.120307
15.860000 0.118702
15.870000 0.117101
15.880000 0.115505
15.890000 0.113913
15.900000 0.112327
15.910000 0.110749
15.920000 0.109177
15.930000 0.107614
15.940000 0.106059
15.950000 0.104515
15.960000 0.102980
15.970000 0.101457
15.980000 0.099945
15.990000 0.098445
16.000000 0.096958
16.010000 0.095485
16.020000 0.094025
16.030000 0.092581
16.040000 0.091151
16.050000 0.089737
16.060000 0.088340
16.070000 0.086959
16.080000 0.085595
16.090000 0.084249
16.100000 0.082921
16.110000 0.081612
16.120000 0.080321
16.130000 0.079050
16.140000 0.077799
16.150000 0.076567
16.160000 0.075356
16.170000 0.074166
16.180000 0.072996
16.190000 0.071848
16.200000 0.070721
16.210000 0.069616
16.220000 0.068532
16.230000 0.067471
16.240000 0.066432
16.250000 0.065415
16.260000 0.064421
16.270000 0.063449
16.280000 0.062500
16.290000 0.061574
16.300000 0.060670
16.310000 0.059789
16.320000 0.058931
16.330000 0.058095
16.340000 0.057282
16.350000 0.056492
16.360000 0.055725
16.370000 0.054979
16.380000 0.054256
16.390000 0.053556
16.400000 0.052877
16.410000 0.052220
16.420000 0.051585
16.430000 0.050971
16.440000 0.050378
16.450000 0.049807
16.460000 0.049256
16.470000 0.048726
16.480000 0.048215
16.490000 0.047725
16.500000 0.047254
16.510000 0.046803
16.520000 0.046370
16.530000 0.045956
16.540000 0.045560
16.550000 0.045182
16.560000 0.044821
16.570000 0.044478
16.580000 0.044151
16.590000 0.043840
16.600000 0.043545
16.610000 0.043265
16.620000 0.043001
16.630000 0.042751
16.640000 0.042515
16.650000 0.042292
16.660000 0.042083
16.670000 0.041887
16.680000 0.041703
16.690000 0.041531
16.700000 0.041370
16.710000 0.041220
16.720000 0.041081
16.730000 0.040951
16.740000 0.040832
16.750000 0.040722
16.760000 0.040620
16.770000 0.040527
16.780000 0.040442
16.790000 0.040364
16.800000 0.040293
16.810000 0.040229
16.820000 0.040172
16.830000 0.040121
16.840000 0.040075
16.850000 0.040034
16.860000 0.039999
16.870000 0.039968
16.880000 0.039942
16.890000 0.039920
16.900000 0.039901
16.910000 0.039886
16.920000 0.039875
16.930000 0.039867
16.940000 0.039862
16.950000 0.039859
16.960000 0.039859
16.970000 0.039862
16.980000 0.039868
16.990000 0.039875
17.000000 0.039885
17.010000 0.039897
17.020000 0.039912
17.030000 0.039929
17.040000 0.039948
17.050000 0.039970
17.060000 0.039994
17.070000 0.040021
17.080000 0.040051
17.090000 0.040083
17.100000 0.040119
17.110000 0.040159
17.120000 0.040202
17.130000 0.040249
17.140000 0.040300
17.150000 0.040357
17.160000 0.040418
17.170000 0.040485
17.180000 0.040558
17.190000 0.040637
17.200000 0.040724
17.210000 0.040818
17.220000 0.040920
17.230000 0.041030
17.240000 0.041150
17.250000 0.041280
17.260000 0.041421
17.270000 0.041573
17.280000 0.041737
17.290000 0.041914
17.300000 0.042105
17.310000 0.042310
17.320000 0.042531
17.330000 0.042768
17.340000 0.043022
17.350000 0.043294
17.360000 0.043585
17.370000 0.043897
17.380000 0.044229
17.390000 0.044583
17.400000 0.044960
17.410000 0.045362
17.420000 0.045788
17.430000 0.046241
17.440000 0.046722
17.450000 0.047231
17.460000 0.047770
17.470000 0.048339
17.480000 0.048941
17.490000 0.049576
17.500000 0.050246
17.510000 0.050951
17.520000 0.051693
17.530000 0.052473
17.540000 0.053293
17.550000 0.054153
17.560000 0.055055
17.570000 0.056001
17.580000 0.056990
17.590000 0.058026
17.600000 0.059108
17.610000 0.060238
17.620000 0.061418
17.630000 0.062648
17.640000 0.063930
17.650000 0.065265
17.660000 0.066654
17.670000 0.068099
17.680000 0.069600
17.690000 0.071159
17.700000 0.072777
17.710000 0.074456
17.720000 0.076195
17.730000 0.077997
17.740000 0.079862
17.750000 0.081791
17.760000 0.083786
17.770000 0.085847
17.780000 0.087976
17.790000 0.090173
17.800000 0.092439
17.810000 0.094776
17.820000 0.097183
17.830000 0.099662
17.840000 0.102214
17.850000 0.104839
17.860000 0.107538
17.870000 0.110311
17.880000 0.113160
17.890000 0.116084
17.900000 0.119085
17.910000 0.122163
17.920000 0.125317
17.930000 0.128549
17.940000 0.131859
17.950000 0.135247
17.960000 0.138714
17.970000 0.142258
17.980000 0.145882
17.990000 0.149584
18.000000 0.153365
18.010000 0.157224
18.020000 0.161162
18.030000 0.165178
18.040000 0.169273
18.050000 0.173445
18.060000 0.177694
18.070000 0.182020
18.080000 0.186423
18.090000 0.190902
18.100000 0.195456
18.110000 0.200085
18.120000 0.204787
18.130000 0.209563
18.140000 0.214411
18.150000 0.219330
18.160000 0.224320
18.170000 0.229378
18.180000 0.234505
18.190000 0.239699
18.200000 0.244958
18.210000 0.250282
18.220000 0.255668
18.230000 0.261116
18.240000 0.266623
18.250000 0.272189
18.260000 0.277812
18.270000 0.283490
18.280000 0.289220
18.290000 0.295002
18.300000 0.300833
18.310000 0.306712
18.320000 0.312636
18.330000 0.318603
18.340000 0.324612
18.350000 0.330659
18.360000 0.336743
18.370000 0.342861
18.380000 0.349011
18.390000 0.355191
18.400000 0.361397
18.410000 0.367628
18.420000 0.373881
18.430000 0.380153
18.440000 0.386442
18.450000 0.392744
18.460000 0.399058
18.470000 0.405380
18.480000 0.411707
18.490000 0.418036
18.500000 0.424365
18.510000 0.430690
18.520000 0.437009
18.530000 0.443319
18.540000 0.449615
18.550000 0.455896
18.560000 0.462158
18.570000 0.468398
18.580000 0.474613
18.590000 0.480799
18.600000 0.486954
18.610000 0.493074
18.620000 0.499155
18.630000 0.505195
18.640000 0.511190
18.650000 0.517137
18.660000 0.523033
18.670000 0.528874
18.680000 0.534657
18.690000 0.540378
18.700000 0.546035
18.710000 0.551624
18.720000 0.557142
18.730000 0.562585
18.740000 0.567950
18.750000 0.573234
18.760000 0.578433
18.770000 0.583545
18.780000 0.588565
18.790000 0.593492
18.800000 0.598321
18.810000 0.603050
18.820000 0.607675
18.830000 0.612193
18.840000 0.616601
18.850000 0.620897
18.860000 0.625076
18.870000 0.629137
18.880000 0.633076
18.890000 0.636890
18.900000 0.640577
18.910000 0.644133
18.920000 0.647556
18.930000 0.650844
18.940000 0.653993
18.950000 0.657000
18.960000 0.659865
18.970000 0.662583
18.980000 0.665153
18.990000 0.667572
19.000000 0.669838
19.010000 0.671948
19.020000 0.673901
19.030000 0.675694
19.040000 0.677326
19.050000 0.678794
19.060000 0.680096
19.070000 0.681231
19.080000 0.682197
19.090000 0.682992
19.100000 0.683615
19.110000 0.684063
19.120000 0.684337
19.130000 0.684434
19.140000 0.684353
19.150000 0.684093
19.160000 0.683652
19.170000 0.683031
19.180000 0.682227
19.190000 0.681240
19.200000 0.680069
19.210000 0.678714
19.220000 0.677174
19.230000 0.675449
19.240000 0.673537
19.250000 0.671439
19.260000 0.669155
19.270000 0.666684
19.280000 0.664026
19.290000 0.661182
19.300000 0.658151
19.310000 0.654934
19.320000 0.651530
19.330000 0.647942
19.340000 0.644168
19.350000 0.640209
19.360000 0.636067
19.370000 0.631741
19.380000 0.627234
19.390000 0.622544
19.400000 0.617675
19.410000 0.612626
19.420000 0.607400
19.430000 0.601997
19.440000 0.596418
19.450000 0.590665
19.460000 0.584740
19.470000 0.578645
19.480000 0.572380
19.490000 0.565948
19.500000 0.559351
19.510000 0.552590
19.520000 0.545667
19.530000 0.538586
19.540000 0.531347
19.550000 0.523953
19.560000 0.516406
19.570000 0.508710
19.580000 0.500865
19.590000 0.492875
19.600000 0.484743
19.610000 0.476471
19.620000 0.468061
19.630000 0.459517
19.640000 0.450841
19.650000 0.442036
19.660000 0.433105
19.670000 0.424052
19.680000 0.414879
19.690000 0.405590
19.700000 0.396187
19.710000 0.386673
19.720000 0.377053
19.730000 0.367329
19.740000 0.357505
19.750000 0.347585
19.760000 0.337570
19.770000 0.327466
19.780000 0.317275
19.790000 0.307002
19.800000 0.296649
19.810000 0.286220
19.820000 0.275719
19.830000 0.265150
19.840000 0.254516
19.850000 0.243820
19.860000 0.233068
19.870000 0.222262
19.880000 0.211406
19.890000 0.200503
19.900000 0.189559
19.910000 0.178576
19.920000 0.167558
19.930000 0.156509
19.940000 0.145432
19.950000 0.134333
19.960000 0.123214
19.970000 0.112079
19.980000 0.100932
19.990000 0.089776
20.000000 0.078617
20.010000 0.067456
20.020000 0.056299
20.030000 0.045148
20.040000 0.034008
20.050000 0.022882
20.060000 0.011773
20.070000 0.000687
20.080000 -0.010375
20.090000 -0.021408
20.100000 -0.032409
20.110000 -0.043373
20.120000 -0.054299
20.130000 -0.065181
20.140000 -0.076017
20.150000 -0.086804
20.160000 -0.097537
20.170000 -0.108214
20.180000 -0.118831
20.190000 -0.129385
20.200000 -0.139873
20.210000 -0.150291
20.220000 -0.160637
20.230000 -0.170908
20.240000 -0.181099
20.250000 -0.191209
20.260000 -0.201235
20.270000 -0.211173
20.280000 -0.221020
20.290000 -0.230775
20.300000 -0.240434
20.310000 -0.249995
20.320000 -0.259454
20.330000 -0.268810
20.340000 -0.278060
20.350000 -0.287201
20.360000 -0.296231
20.370000 -0.305149
20.380000 -0.313950
20.390000 -0.322635
20.400000 -0.331199
20.410000 -0.339642
20.420000 -0.347960
20.430000 -0.356153
20.440000 -0.364219
20.450000 -0.372155
20.460000 -0.379960
20.470000 -0.387632
20.480000 -0.395170
20.490000 -0.402571
20.500000 -0.409836
20.510000 -0.416961
20.520000 -0.423947
20.530000 -0.430791
20.540000 -0.437492
20.550000 -0.444050
20.560000 -0.450462
20.570000 -0.456729
20.580000 -0.462850
20.590000 -0.468822
20.600000 -0.474646
20.610000 -0.480321
20.620000 -0.485846
20.630000 -0.491221
20.640000 -0.496445
20.650000 -0.501517
20.660000 -0.506437
20.670000 -0.511206
20.680000 -0.515821
20.690000 -0.520285
20.700000 -0.524595
20.710000 -0.528752
20.720000 -0.532757
20.730000 -0.536608
20.740000 -0.540307
20.750000 -0.543853
20.760000 -0.547246
20.770000 -0.550487
20.780000 -0.553577
20.790000 -0.556515
20.800000 -0.559301
20.810000 -0.561938
20.820000 -0.564424
20.830000 -0.566761
20.840000 -0.568949
20.850000 -0.570989
20.860000 -0.572881
20.870000 -0.574627
20.880000 -0.576228
20.890000 -0.577684
20.900000 -0.578995
20.910000 -0.580165
20.920000 -0.581192
20.930000 -0.582078
20.940000 -0.582826
20.950000 -0.583434
20.960000 -0.583906
20.970000 -0.584241
20.980000 -0.584442
20.990000 -0.584509
21.000000 -0.584445
21.010000 -0.584250
21.020000 -0.583926
21.030000 -0.583474
21.040000 -0.582896
21.050000 -0.582193
21.060000 -0.581367
21.070000 -0.580419
21.080000 -0.579352
21.090000 -0.578166
21.100000 -0.576864
21.110000 -0.575446
21.120000 -0.573916
21.130000 -0.572273
21.140000 -0.570521
21.150000 -0.568662
21.160000 -0.566695
21.170000 -0.564625
21.180000 -0.562452
21.190000 -0.560178
21.200000 -0.557805
21.210000 -0.555335
21.220000 -0.552771
21.230000 -0.550113
21.240000 -0.547363
21.250000 -0.544524
21.260000 -0.541598
21.270000 -0.538586
21.280000 -0.535491
21.290000 -0.532314
21.300000 -0.529057
21.310000 -0.525722
21.320000 -0.522312
21.330000 -0.518827
21.340000 -0.515271
21.350000 -0.511645
21.360000 -0.507951
21.370000 -0.504191
21.380000 -0.500367
21.390000 -0.496480
21.400000 -0.492534
21.410000 -0.488529
21.420000 -0.484468
21.430000 -0.480353
21.440000 -0.476186
21.450000 -0.471968
21.460000 -0.467701
21.470000 -0.463388
21.480000 -0.459030
21.490000 -0.454629
21.500000 -0.450187
21.510000 -0.445706
21.520000 -0.441188
21.530000 -0.436634
21.540000 -0.432047
21.550000 -0.427428
21.560000 -0.422779
21.570000 -0.418102
21.580000 -0.413399
21.590000 -0.408671
21.600000 -0.403920
21.610000 -0.399148
21.620000 -0.394357
21.630000 -0.389548
21.640000 -0.384723
21.650000 -0.379884
21.660000 -0.375032
21.670000 -0.370169
21.680000 -0.365296
21.690000 -0.360415
21.700000 -0.355529
21.710000 -0.350637
21.720000 -0.345743
21.730000 -0.340846
21.740000 -0.335950
21.750000 -0.331055
21.760000 -0.326162
21.770000 -0.321274
21.780000 -0.316391
21.790000 -0.311516
21.800000 -0.306648
21.810000 -0.301791
21.820000 -0.296945
21.830000 -0.292111
21.840000 -0.287290
21.850000 -0.282485
21.860000 -0.277696
21.870000 -0.272924
21.880000 -0.268171
21.890000 -0.263437
21.900000 -0.258725
21.910000 -0.254034
21.920000 -0.249367
21.930000 -0.244724
21.940000 -0.240106
21.950000 -0.235515
21.960000 -0.230951
21.970000 -0.226416
21.980000 -0.221910
21.990000 -0.217434
22.000000 -0.212990
22.010000 -0.208577
22.020000 -0.204198
22.030000 -0.199853
22.040000 -0.195542
22.050000 -0.191267
22.060000 -0.187028
22.070000 -0.182827
22.080000 -0.178663
22.090000 -0.174538
22.100000 -0.170452
22.110000 -0.166406
22.120000 -0.162401
22.130000 -0.158436
22.140000 -0.154514
22.150000 -0.150634
22.160000 -0.146797
22.170000 -0.143004
22.180000 -0.139254
22.190000 -0.135550
22.200000 -0.131890
22.210000 -0.128275
22.220000 -0.124707
22.230000 -0.121184
22.240000 -0.117708
22.250000 -0.114280
22.260000 -0.110898
22.270000 -0.107564
22.280000 -0.104278
22.290000 -0.101041
22.300000 -0.097851
22.310000 -0.094711
22.320000 -0.091619
22.330000 -0.088576
22.340000 -0.085582
22.350000 -0.082638
22.360000 -0.079743
22.370000 -0.076898
22.380000 -0.074102
22.390000 -0.071356
22.400000 -0.068659
22.410000 -0.066012
22.420000 -0.063415
22.430000 -0.060867
22.440000 -0.058369
22.450000 -0.055921
22.460000 -0.053521
22.470000 -0.051171
22.480000 -0.048871
22.490000 -0.046619
22.500000 -0.044416
22.510000 -0.042261
22.520000 -0.040155
22.530000 -0.038097
22.540000 -0.036087
22.550000 -0.034124
22.560000 -0.032209
22.570000 -0.030341
22.580000 -0.028520
22.590000 -0.026745
22.600000 -0.025016
22.610000 -0.023332
22.620000 -0.021694
22.630000 -0.020101
22.640000 -0.018552
22.650000 -0.017047
22.660000 -0.015586
22.670000 -0.014167
22.680000 -0.012792
22.690000 -0.011458
22.700000 -0.010166
22.710000 -0.008915
22.720000 -0.007704
22.730000 -0.006534
22.740000 -0.005402
22.750000 -0.004310
22.760000 -0.003256
22.770000 -0.002239
22.780000 -0.001260
22.790000 -0.000317
22.800000 0.000590
22.810000 0.001462
22.820000 0.002299
22.830000 0.003103
22.840000 0.003873
22.850000 0.004611
22.860000 0.005317
22.870000 0.005991
22.880000 0.006635
22.890000 0.007249
22.900000 0.007834
22.910000 0.008391
22.920000 0.008919
22.930000 0.009421
22.940000 0.009896
22.950000 0.010346
22.960000 0.010770
22.970000 0.011170
22.980000 0.011547
22.990000 0.011900
23.000000 0.012232
23.010000 0.012542
23.020000 0.012831
23.030000 0.013100
23.040000 0.013350
23.050000 0.013580
23.060000 0.013793
23.070000 0.013989
23.080000 0.014167
23.090000 0.014330
23.100000 0.014477
23.110000 0.014610
23.120000 0.014728
23.130000 0.014833
23.140000 0.014925
23.150000 0.015004
23.160000 0.015072
23.170000 0.015129
23.180000 0.015175
23.190000 0.015212
23.200000 0.015238
23.210000 0.015256
23.220000 0.015266
23.230000 0.015268
23.240000 0.015263
23.250000 0.015250
23.260000 0.015231
23.270000 0.015207
23.280000 0.015176
23.290000 0.015141
23.300000 0.015101
23.310000 0.015057
23.320000 0.015008
23.330000 0.014956
23.340000 0.014901
23.350000 0.014843
23.360000 0.014782
23.370000 0.014718
23.380000 0.014653
23.390000 0.014585
23.400000 0.014516
23.410000 0.014445
23.420000 0.014373
23.430000 0.014300
23.440000 0.014225
23.450000 0.014150
23.460000 0.014074
23.470000 0.013997
23.480000 0.013919
23.490000 0.013840
23.500000 0.013761
23.510000 0.013681
23.520000 0.013600
23.530000 0.013519
23.540000 0.013436
23.550000 0.013353
23.560000 0.013268
23.570000 0.013183
23.580000 0.013095
23.590000 0.013007
23.600000 0.012916
23.610000 0.012824
23.620000 0.012729
23.630000 0.012632
23.640000 0.012532
23.650000 0.012429
23.660000 0.012323
23.670000 0.012213
23.680000 0.012099
23.690000 0.011981
23.700000 0.011858
23.710000 0.011730
23.720000 0.011597
23.730000 0.011458
23.740000 0.011312
23.750000 0.011160
23.760000 0.011000
23.770000 0.010833
23.780000 0.010658
23.790000 0.010474
23.800000 0.010281
23.810000 0.010078
23.820000 0.009865
23.830000 0.009641
23.840000 0.009406
23.850000 0.009160
23.860000 0.008901
23.870000 0.008629
23.880000 0.008344
23.890000 0.008045
23.900000 0.007731
23.910000 0.007402
23.920000 0.007058
23.930000 0.006697
23.940000 0.006320
23.950000 0.005925
23.960000 0.005512
23.970000 0.005081
23.980000 0.004631
23.990000 0.004161
24.000000 0.003671
24.010000 0.003160
24.020000 0.002627
24.030000 0.002074
24.040000 0.001497
24.050000 0.000898
24.060000 0.000275
24.070000 -0.000371
24.080000 -0.001042
24.090000 -0.001737
24.100000 -0.002458
24.110000 -0.003205
24.120000 -0.003978
24.130000 -0.004778
24.140000 -0.005604
24.150000 -0.006458
24.160000 -0.007340
24.170000 -0.008250
24.180000 -0.009189
24.190000 -0.010157
24.200000 -0.011153
24.210000 -0.012180
24.220000 -0.013235
24.230000 -0.014321
24.240000 -0.015437
24.250000 -0.016584
24.260000 -0.017761
24.270000 -0.018969
24.280000 -0.020207
24.290000 -0.021477
24.300000 -0.022778
24.310000 -0.024110
24.320000 -0.025473
24.330000 -0.026867
24.340000 -0.028293
24.350000 -0.029749
24.360000 -0.031237
24.370000 -0.032756
24.380000 -0.034306
24.390000 -0.035886
24.400000 -0.037497
24.410000 -0.039138
24.420000 -0.040810
24.430000 -0.042511
24.440000 -0.044242
24.450000 -0.046002
24.460000 -0.047791
24.470000 -0.049609
24.480000 -0.051455
24.490000 -0.053329
24.500000 -0.055230
24.510000 -0.057158
24.520000 -0.059112
24.530000 -0.061092
24.540000 -0.063098
24.550000 -0.065128
24.560000 -0.067182
24.570000 -0.069260
24.580000 -0.071360
24.590000 -0.073482
24.600000 -0.075626
24.610000 -0.077790
24.620000 -0.079975
24.630000 -0.082178
24.640000 -0.084399
24.650000 -0.086638
24.660000 -0.088894
24.670000 -0.091165
24.680000 -0.093451
24.690000 -0.095751
24.700000 -0.098064
24.710000 -0.100389
24.720000 -0.102724
24.730000 -0.105070
24.740000 -0.107425
24.750000 -0.109787
24.760000 -0.112157
24.770000 -0.114532
24.780000 -0.116912
24.790000 -0.119295
24.800000 -0.121681
24.810000 -0.124068
24.820000 -0.126456
24.830000 -0.128842
24.840000 -0.131227
24.850000 -0.133608
24.860000 -0.135985
24.870000 -0.138356
24.880000 -0.140720
24.890000 -0.143076
24.900000 -0.145423
24.910000 -0.147759
24.920000 -0.150084
24.930000 -0.152395
24.940000 -0.154693
24.950000 -0.156975
24.960000 -0.159240
24.970000 -0.161488
24.980000 -0.163716
24.990000 -0.165925
25.000000 -0.168111
25.010000 -0.170275
25.020000 -0.172415
25.030000 -0.174530
25.040000 -0.176618
25.050000 -0.178679
25.060000 -0.180711
25.070000 -0.182713
25.080000 -0.184684
25.090000 -0.186623
25.100000 -0.188528
25.110000 -0.190398
25.120000 -0.192233
25.130000 -0.194031
25.140000 -0.195791
25.150000 -0.197513
25.160000 -0.199194
25.170000 -0.200834
25.180000 -0.202431
25.190000 -0.203986
25.200000 -0.205497
25.210000 -0.206962
25.220000 -0.208381
25.230000 -0.209753
25.240000 -0.211078
25.250000 -0.212353
25.260000 -0.213579
25.270000 -0.214754
25.280000 -0.215877
25.290000 -0.216949
25.300000 -0.217968
25.310000 -0.218932
25.320000 -0.219843
25.330000 -0.220698
25.340000 -0.221497
25.350000 -0.222240
25.360000 -0.222926
25.370000 -0.223554
25.380000 -0.224123
25.390000 -0.224634
25.400000 -0.225086
25.410000 -0.225477
25.420000 -0.225809
25.430000 -0.226080
25.440000 -0.226289
25.450000 -0.226437
25.460000 -0.226524
25.470000 -0.226548
25.480000 -0.226510
25.490000 -0.226409
25.500000 -0.226246
25.510000 -0.226019
25.520000 -0.225729
25.530000 -0.225376
25.540000 -0.224959
25.550000 -0.224479
25.560000 -0.223936
25.570000 -0.223328
25.580000 -0.222658
25.590000 -0.221924
25.600000 -0.221126
25.610000 -0.220265
25.620000 -0.219341
25.630000 -0.218354
25.640000 -0.217305
25.650000 -0.216193
25.660000 -0.215018
25.670000 -0.213782
25.680000 -0.212483
25.690000 -0.211124
25.700000 -0.209703
25.710000 -0.208222
25.720000 -0.206681
25.730000 -0.205080
25.740000 -0.203420
25.750000 -0.201701
25.760000 -0.199923
25.770000 -0.198088
25.780000 -0.196196
25.790000 -0.194248
25.800000 -0.192243
25.810000 -0.190184
25.820000 -0.188070
25.830000 -0.185901
25.840000 -0.183680
25.850000 -0.181406
25.860000 -0.179081
25.870000 -0.176705
25.880000 -0.174278
25.890000 -0.171802
25.900000 -0.169278
25.910000 -0.166706
25.920000 -0.164088
25.930000 -0.161423
25.940000 -0.158714
25.950000 -0.155961
25.960000 -0.153164
25.970000 -0.150325
25.980000 -0.147445
25.990000 -0.144525
26.000000 -0.141566
26.010000 -0.138568
26.020000 -0.135534
26.030000 -0.132463
26.040000 -0.129357
26.050000 -0.126217
26.060000 -0.123044
26.070000 -0.119839
26.080000 -0.116603
26.090000 -0.113337
26.100000 -0.110043
26.110000 -0.106721
26.120000 -0.103373
26.130000 -0.100000
26.140000 -0.096602
26.150000 -0.093182
26.160000 -0.089739
26.170000 -0.086276
26.180000 -0.082793
26.190000 -0.079292
26.200000 -0.075773
26.210000 -0.072238
26.220000 -0.068688
26.230000 -0.065125
26.240000 -0.061549
26.250000 -0.057961
26.260000 -0.054363
26.270000 -0.050756
26.280000 -0.047140
26.290000 -0.043518
26.300000 -0.039891
26.310000 -0.036258
26.320000 -0.032623
26.330000 -0.028985
26.340000 -0.025346
26.350000 -0.021707
26.360000 -0.018070
26.370000 -0.014435
26.380000 -0.010803
26.390000 -0.007176
26.400000 -0.003555
26.410000 0.000060
26.420000 0.003666
26.430000 0.007263
26.440000 0.010851
26.450000 0.014427
26.460000 0.017990
26.470000 0.021540
26.480000 0.025076
26.490000 0.028596
26.500000 0.032100
26.510000 0.035586
26.520000 0.039053
26.530000 0.042501
26.540000 0.045928
26.550000 0.049333
26.560000 0.052716
26.570000 0.056075
26.580000 0.059410
26.590000 0.062719
26.600000 0.066002
26.610000 0.069257
26.620000 0.072484
26.630000 0.075682
26.640000 0.078850
26.650000 0.081987
26.660000 0.085092
26.670000 0.088165
26.680000 0.091204
26.690000 0.094208
26.700000 0.097178
26.710000 0.100112
26.720000 0.103009
26.730000 0.105869
26.740000 0.108691
26.750000 0.111474
26.760000 0.114217
26.770000 0.116920
26.780000 0.119582
26.790000 0.122203
26.800000 0.124781
26.810000 0.127317
26.820000 0.129809
26.830000 0.132258
26.840000 0.134661
26.850000 0.137020
26.860000 0.139332
26.870000 0.141599
26.880000 0.143819
26.890000 0.145992
26.900000 0.148117
26.910000 0.150194
26.920000 0.152222
26.930000 0.154202
26.940000 0.156132
26.950000 0.158012
26.960000 0.159843
26.970000 0.161623
26.980000 0.163352
26.990000 0.165031
27.000000 0.166658
27.010000 0.168234
27.020000 0.169757
27.030000 0.171229
27.040000 0.172649
27.050000 0.174017
27.060000 0.175332
27.070000 0.176594
27.080000 0.177804
27.090000 0.178961
27.100000 0.180065
27.110000 0.181116
27.120000 0.182114
27.130000 0.183059
27.140000 0.183951
27.150000 0.184790
27.160000 0.185577
27.170000 0.186310
27.180000 0.186991
27.190000 0.187619
27.200000 0.188194
27.210000 0.188717
27.220000 0.189188
27.230000 0.189607
27.240000 0.189974
27.250000 0.190289
27.260000 0.190553
27.270000 0.190766
27.280000 0.190928
27.290000 0.191040
27.300000 0.191101
27.310000 0.191113
27.320000 0.191075
27.330000 0.190988
27.340000 0.190852
27.350000 0.190668
27.360000 0.190436
27.370000 0.190157
27.380000 0.189831
27.390000 0.189458
27.400000 0.189040
27.410000 0.188576
27.420000 0.188067
27.430000 0.187514
27.440000 0.186917
27.450000 0.186277
27.460000 0.185595
27.470000 0.184870
27.480000 0.184104
27.490000 0.183298
27.500000 0.182451
27.510000 0.181566
27.520000 0.180641
27.530000 0.179679
27.540000 0.178679
27.550000 0.177643
27.560000 0.176572
27.570000 0.175465
27.580000 0.174324
27.590000 0.173150
27.600000 0.171943
27.610000 0.170705
27.620000 0.169435
27.630000 0.168135
27.640000 0.166806
27.650000 0.165448
27.660000 0.164063
27.670000 0.162650
27.680000 0.161212
27.690000 0.159749
27.700000 0.158261
27.710000 0.156750
27.720000 0.155217
27.730000 0.153662
27.740000 0.152087
27.750000 0.150491
27.760000 0.148877
27.770000 0.147245
27.780000 0.145596
27.790000 0.143930
27.800000 0.142249
27.810000 0.140554
27.820000 0.138846
27.830000 0.137125
27.840000 0.135393
27.850000 0.133650
27.860000 0.131897
27.870000 0.130135
27.880000 0.128365
27.890000 0.126588
27.900000 0.124805
27.910000 0.123017
27.920000 0.121224
27.930000 0.119428
27.940000 0.117629
27.950000 0.115829
27.960000 0.114027
27.970000 0.112226
27.980000 0.110425
27.990000 0.108626
28.000000 0.106830
28.010000 0.105036
28.020000 0.103247
28.030000 0.101463
28.040000 0.099684
28.050000 0.097912
28.060000 0.096147
28.070000 0.094390
28.080000 0.092642
28.090000 0.090903
28.100000 0.089174
28.110000 0.087457
28.120000 0.085750
28.130000 0.084056
28.140000 0.082375
28.150000 0.080708
28.160000 0.079054
28.170000 0.077416
28.180000 0.075792
28.190000 0.074185
28.200000 0.072594
28.210000 0.071020
28.220000 0.069464
28.230000 0.067926
28.240000 0.066406
28.250000 0.064906
28.260000 0.063425
28.270000 0.061964
28.280000 0.060523
28.290000 0.059103
28.300000 0.057704
28.310000 0.056327
28.320000 0.054971
28.330000 0.053638
28.340000 0.052327
28.350000 0.051039
28.360000 0.049773
28.370000 0.048531
28.380000 0.047313
28.390000 0.046118
28.400000 0.044947
28.410000 0.043800
28.420000 0.042677
28.430000 0.041579
28.440000 0.040505
28.450000 0.039455
28.460000 0.038430
28.470000 0.037430
28.480000 0.036454
28.490000 0.035503
28.500000 0.034576
28.510000 0.033674
28.520000 0.032797
28.530000 0.031944
28.540000 0.031116
28.550000 0.030312
28.560000 0.029532
28.570000 0.028777
28.580000 0.028045
28.590000 0.027337
28.600000 0.026653
28.610000 0.025992
28.620000 0.025354
28.630000 0.024739
28.640000 0.024147
28.650000 0.023577
28.660000 0.023030
28.670000 0.022504
28.680000 0.022000
28.690000 0.021518
28.700000 0.021056
28.710000 0.020615
28.720000 0.020195
28.730000 0.019794
28.740000 0.019413
28.750000 0.019051
28.760000 0.018708
28.770000 0.018383
28.780000 0.018077
28.790000 0.017788
28.800000 0.017516
28.810000 0.017261
28.820000 0.017023
28.830000 0.016800
28.840000 0.016593
28.850000 0.016401
28.860000 0.016224
28.870000 0.016060
28.880000 0.015910
28.890000 0.015774
28.900000 0.015650
28.910000 0.015539
28.920000 0.015439
28.930000 0.015351
28.940000 0.015273
28.950000 0.015206
28.960000 0.015150
28.970000 0.015102
28.980000 0.015064
28.990000 0.015034
29.000000 0.015012
29.010000 0.014998
29.020000 0.014992
29.030000 0.014992
29.040000 0.014999
29.050000 0.015011
29.060000 0.015029
29.070000 0.015052
29.080000 0.015080
29.090000 0.015113
29.100000 0.015149
29.110000 0.015189
29.120000 0.015232
29.130000 0.015278
29.140000 0.015326
29.150000 0.015377
29.160000 0.015429
29.170000 0.015483
29.180000 0.015538
29.190000 0.015594
29.200000 0.015650
29.210000 0.015707
29.220000 0.015764
29.230000 0.015821
29.240000 0.015877
29.250000 0.015933
29.260000 0.015988
29.270000 0.016042
29.280000 0.016095
29.290000 0.016147
29.300000 0.016197
29.310000 0.016246
29.320000 0.016292
29.330000 0.016338
29.340000 0.016381
29.350000 0.016422
29.360000 0.016462
29.370000 0.016499
29.380000 0.016534
29.390000 0.016568
29.400000 0.016599
29.410000 0.016628
29.420000 0.016656
29.430000 0.016681
29.440000 0.016705
29.450000 0.016727
29.460000 0.016748
29.470000 0.016767
29.480000 0.016784
29.490000 0.016801
29.500000 0.016817
29.510000 0.016831
29.520000 0.016846
29.530000 0.016859
29.540000 0.016873
29.550000 0.016887
29.560000 0.016901
29.570000 0.016916
29.580000 0.016932
29.590000 0.016949
29.600000 0.016967
29.610000 0.016988
29.620000 0.017010
29.630000 0.017036
29.640000 0.017064
29.650000 0.017095
29.660000 0.017130
29.670000 0.017170
29.680000 0.017213
29.690000 0.017262
29.700000 0.017316
29.710000 0.017375
29.720000 0.017441
29.730000 0.017513
29.740000 0.017593
29.750000 0.017680
29.760000 0.017775
29.770000 0.017878
29.780000 0.017990
29.790000 0.018112
29.800000 0.018244
29.810000 0.018386
29.820000 0.018539
29.830000 0.018703
29.840000 0.018879
29.850000 0.019067
29.860000 0.019269
29.870000 0.019483
29.880000 0.019712
29.890000 0.019954
29.900000 0.020212
29.910000 0.020484
29.920000 0.020773
29.930000 0.021077
29.940000 0.021399
29.950000 0.021737
29.960000 0.022093
29.970000 0.022467
29.980000 0.022860
29.990000 0.023271
30.000000 0.023702
