950.000000 -10.000000 -0.034545
950.000000 -9.990000 -0.034530
950.000000 -9.980000 -0.034514
950.000000 -9.970000 -0.034499
950.000000 -9.960000 -0.034483
950.000000 -9.950000 -0.034468
950.000000 -9.940000 -0.034453
950.000000 -9.930000 -0.034438
950.000000 -9.920000 -0.034422
950.000000 -9.910000 -0.034408
950.000000 -9.900000 -0.034393
950.000000 -9.890000 -0.034378
950.000000 -9.880000 -0.034363
950.000000 -9.870000 -0.034349
950.000000 -9.860000 -0.034335
950.000000 -9.850000 -0.034321
950.000000 -9.840000 -0.034307
950.000000 -9.830000 -0.034293
950.000000 -9.820000 -0.034280
950.000000 -9.810000 -0.034266
950.000000 -9.800000 -0.034253
950.000000 -9.790000 -0.034241
950.000000 -9.780000 -0.034228
950.000000 -9.770000 -0.034216
950.000000 -9.760000 -0.034204
950.000000 -9.750000 -0.034192
950.000000 -9.740000 -0.034181
950.000000 -9.730000 -0.034170
950.000000 -9.720000 -0.034159
950.000000 -9.710000 -0.034149
950.000000 -9.700000 -0.034139
950.000000 -9.690000 -0.034129
950.000000 -9.680000 -0.034120
950.000000 -9.670000 -0.034111
950.000000 -9.660000 -0.034102
950.000000 -9.650000 -0.034094
950.000000 -9.640000 -0.034086
950.000000 -9.630000 -0.034079
950.000000 -9.620000 -0.034071
950.000000 -9.610000 -0.034065
950.000000 -9.600000 -0.034059
950.000000 -9.590000 -0.034053
950.000000 -9.580000 -0.034047
950.000000 -9.570000 -0.034042
950.000000 -9.560000 -0.034038
950.000000 -9.550000 -0.034034
950.000000 -9.540000 -0.034030
950.000000 -9.530000 -0.034027
950.000000 -9.520000 -0.034024
950.000000 -9.510000 -0.034022
950.000000 -9.500000 -0.034020
950.000000 -9.490000 -0.034019
950.000000 -9.480000 -0.034018
950.000000 -9.470000 -0.034017
950.000000 -9.460000 -0.034018
950.000000 -9.450000 -0.034018
950.000000 -9.440000 -0.034019
950.000000 -9.430000 -0.034020
950.000000 -9.420000 -0.034022
950.000000 -9.410000 -0.034025
950.000000 -9.400000 -0.034028
950.000000 -9.390000 -0.034031
950.000000 -9.380000 -0.034035
950.000000 -9.370000 -0.034039
950.000000 -9.360000 -0.034044
950.000000 -9.350000 -0.034049
950.000000 -9.340000 -0.034055
950.000000 -9.330000 -0.034061
950.000000 -9.320000 -0.034068
950.000000 -9.310000 -0.034075
950.000000 -9.300000 -0.034082
950.000000 -9.290000 -0.034090
950.000000 -9.280000 -0.034098
950.000000 -9.270000 -0.034107
950.000000 -9.260000 -0.034117
950.000000 -9.250000 -0.034126
950.000000 -9.240000 -0.034136
950.000000 -9.230000 -0.034147
950.000000 -9.220000 -0.034158
950.000000 -9.210000 -0.034169
950.000000 -9.200000 -0.034181
950.000000 -9.190000 -0.034193
950.000000 -9.180000 -0.034206
950.000000 -9.170000 -0.034219
950.000000 -9.160000 -0.034232
950.000000 -9.150000 -0.034246
950.000000 -9.140000 -0.034260
950.000000 -9.130000 -0.034274
950.000000 -9.120000 -0.034289
950.000000 -9.110000 -0.034304
950.000000 -9.100000 -0.034320
950.000000 -9.090000 -0.034336
950.000000 -9.080000 -0.034352
950.000000 -9.070000 -0.034368
950.000000 -9.060000 -0.034385
950.000000 -9.050000 -0.034402
950.000000 -9.040000 -0.034419
950.000000 -9.030000 -0.034437
950.000000 -9.020000 -0.034455
950.000000 -9.010000 -0.034473
950.000000 -9.000000 -0.034491
950.000000 -8.990000 -0.034510
950.000000 -8.980000 -0.034529
950.000000 -8.970000 -0.034548
950.000000 -8.960000 -0.034567
950.000000 -8.950000 -0.034587
950.000000 -8.940000 -0.034607
950.000000 -8.930000 -0.034627
950.000000 -8.920000 -0.034647
950.000000 -8.910000 -0.034667
950.000000 -8.900000 -0.034688
950.000000 -8.890000 -0.034708
950.000000 -8.880000 -0.034729
950.000000 -8.870000 -0.034750
950.000000 -8.860000 -0.034771
950.000000 -8.850000 -0.034792
950.000000 -8.840000 -0.034813
950.000000 -8.830000 -0.034834
950.000000 -8.820000 -0.034855
950.000000 -8.810000 -0.034876
950.000000 -8.800000 -0.034898
950.000000 -8.790000 -0.034919
950.000000 -8.780000 -0.034940
950.000000 -8.770000 -0.034961
950.000000 -8.760000 -0.034982
950.000000 -8.750000 -0.035003
950.000000 -8.740000 -0.035024
950.000000 -8.730000 -0.035045
950.000000 -8.720000 -0.035066
950.000000 -8.710000 -0.035086
950.000000 -8.700000 -0.035106
950.000000 -8.690000 -0.035126
950.000000 -8.680000 -0.035146
950.000000 -8.670000 -0.035165
950.000000 -8.660000 -0.035185
950.000000 -8.650000 -0.035203
950.000000 -8.640000 -0.035222
950.000000 -8.630000 -0.035240
950.000000 -8.620000 -0.035257
950.000000 -8.610000 -0.035274
950.000000 -8.600000 -0.035291
950.000000 -8.590000 -0.035306
950.000000 -8.580000 -0.035322
950.000000 -8.570000 -0.035336
950.000000 -8.560000 -0.035350
950.000000 -8.550000 -0.035363
950.000000 -8.540000 -0.035376
950.000000 -8.530000 -0.035387
950.000000 -8.520000 -0.035397
950.000000 -8.510000 -0.035407
950.000000 -8.500000 -0.035415
950.000000 -8.490000 -0.035423
950.000000 -8.480000 -0.035429
950.000000 -8.470000 -0.035434
950.000000 -8.460000 -0.035438
950.000000 -8.450000 -0.035440
950.000000 -8.440000 -0.035441
950.000000 -8.430000 -0.035440
950.000000 -8.420000 -0.035438
950.000000 -8.410000 -0.035434
950.000000 -8.400000 -0.035428
950.000000 -8.390000 -0.035421
950.000000 -8.380000 -0.035411
950.000000 -8.370000 -0.035400
950.000000 -8.360000 -0.035386
950.000000 -8.350000 -0.035370
950.000000 -8.340000 -0.035352
950.000000 -8.330000 -0.035331
950.000000 -8.320000 -0.035307
950.000000 -8.310000 -0.035281
950.000000 -8.300000 -0.035252
950.000000 -8.290000 -0.035221
950.000000 -8.280000 -0.035186
950.000000 -8.270000 -0.035148
950.000000 -8.260000 -0.035106
950.000000 -8.250000 -0.035062
950.000000 -8.240000 -0.035013
950.000000 -8.230000 -0.034961
950.000000 -8.220000 -0.034905
950.000000 -8.210000 -0.034845
950.000000 -8.200000 -0.034780
950.000000 -8.190000 -0.034712
950.000000 -8.180000 -0.034639
950.000000 -8.170000 -0.034561
950.000000 -8.160000 -0.034478
950.000000 -8.150000 -0.034390
950.000000 -8.140000 -0.034297
950.000000 -8.130000 -0.034199
950.000000 -8.120000 -0.034095
950.000000 -8.110000 -0.033985
950.000000 -8.100000 -0.033869
950.000000 -8.090000 -0.033747
950.000000 -8.080000 -0.033619
950.000000 -8.070000 -0.033484
950.000000 -8.060000 -0.033342
950.000000 -8.050000 -0.033193
950.000000 -8.040000 -0.033037
950.000000 -8.030000 -0.032873
950.000000 -8.020000 -0.032702
950.000000 -8.010000 -0.032522
950.000000 -8.000000 -0.032334
950.000000 -7.990000 -0.032138
950.000000 -7.980000 -0.031933
950.000000 -7.970000 -0.031719
950.000000 -7.960000 -0.031496
950.000000 -7.950000 -0.031264
950.000000 -7.940000 -0.031021
950.000000 -7.930000 -0.030768
950.000000 -7.920000 -0.030505
950.000000 -7.910000 -0.030232
950.000000 -7.900000 -0.029947
950.000000 -7.890000 -0.029651
950.000000 -7.880000 -0.029344
950.000000 -7.870000 -0.029025
950.000000 -7.860000 -0.028693
950.000000 -7.850000 -0.028349
950.000000 -7.840000 -0.027992
950.000000 -7.830000 -0.027622
950.000000 -7.820000 -0.027239
950.000000 -7.810000 -0.026842
950.000000 -7.800000 -0.026430
950.000000 -7.790000 -0.026004
950.000000 -7.780000 -0.025563
950.000000 -7.770000 -0.025107
950.000000 -7.760000 -0.024635
950.000000 -7.750000 -0.024148
950.000000 -7.740000 -0.023644
950.000000 -7.730000 -0.023123
950.000000 -7.720000 -0.022585
950.000000 -7.710000 -0.022029
950.000000 -7.700000 -0.021456
950.000000 -7.690000 -0.020865
950.000000 -7.680000 -0.020254
950.000000 -7.670000 -0.019625
950.000000 -7.660000 -0.018976
950.000000 -7.650000 -0.018307
950.000000 -7.640000 -0.017618
950.000000 -7.630000 -0.016908
950.000000 -7.620000 -0.016177
950.000000 -7.610000 -0.015424
950.000000 -7.600000 -0.014649
950.000000 -7.590000 -0.013851
950.000000 -7.580000 -0.013031
950.000000 -7.570000 -0.012187
950.000000 -7.560000 -0.011319
950.000000 -7.550000 -0.010427
950.000000 -7.540000 -0.009510
950.000000 -7.530000 -0.008568
950.000000 -7.520000 -0.007600
950.000000 -7.510000 -0.006606
950.000000 -7.500000 -0.005585
950.000000 -7.490000 -0.004537
950.000000 -7.480000 -0.003461
950.000000 -7.470000 -0.002357
950.000000 -7.460000 -0.001225
950.000000 -7.450000 -0.000063
950.000000 -7.440000 0.001128
950.000000 -7.430000 0.002350
950.000000 -7.420000 0.003602
950.000000 -7.410000 0.004885
950.000000 -7.400000 0.006199
950.000000 -7.390000 0.007546
950.000000 -7.380000 0.008925
950.000000 -7.370000 0.010338
950.000000 -7.360000 0.011784
950.000000 -7.350000 0.013264
950.000000 -7.340000 0.014778
950.000000 -7.330000 0.016328
950.000000 -7.320000 0.017913
950.000000 -7.310000 0.019535
950.000000 -7.300000 0.021192
950.000000 -7.290000 0.022887
950.000000 -7.280000 0.024620
950.000000 -7.270000 0.026390
950.000000 -7.260000 0.028199
950.000000 -7.250000 0.030047
950.000000 -7.240000 0.031934
950.000000 -7.230000 0.033862
950.000000 -7.220000 0.035829
950.000000 -7.210000 0.037838
950.000000 -7.200000 0.039888
950.000000 -7.190000 0.041979
950.000000 -7.180000 0.044113
950.000000 -7.170000 0.046289
950.000000 -7.160000 0.048508
950.000000 -7.150000 0.050771
950.000000 -7.140000 0.053077
950.000000 -7.130000 0.055428
950.000000 -7.120000 0.057823
950.000000 -7.110000 0.060263
950.000000 -7.100000 0.062749
950.000000 -7.090000 0.065280
950.000000 -7.080000 0.067857
950.000000 -7.070000 0.070481
950.000000 -7.060000 0.073151
950.000000 -7.050000 0.075868
950.000000 -7.040000 0.078632
950.000000 -7.030000 0.081444
950.000000 -7.020000 0.084303
950.000000 -7.010000 0.087211
950.000000 -7.000000 0.090166
950.000000 -6.990000 0.093170
950.000000 -6.980000 0.096223
950.000000 -6.970000 0.099324
950.000000 -6.960000 0.102473
950.000000 -6.950000 0.105672
950.000000 -6.940000 0.108920
950.000000 -6.930000 0.112216
950.000000 -6.920000 0.115562
950.000000 -6.910000 0.118957
950.000000 -6.900000 0.122401
950.000000 -6.890000 0.125894
950.000000 -6.880000 0.129436
950.000000 -6.870000 0.133027
950.000000 -6.860000 0.136666
950.000000 -6.850000 0.140355
950.000000 -6.840000 0.144092
950.000000 -6.830000 0.147877
950.000000 -6.820000 0.151710
950.000000 -6.810000 0.155591
950.000000 -6.800000 0.159519
950.000000 -6.790000 0.163495
950.000000 -6.780000 0.167517
950.000000 -6.770000 0.171586
950.000000 -6.760000 0.175700
950.000000 -6.750000 0.179860
950.000000 -6.740000 0.184066
950.000000 -6.730000 0.188315
950.000000 -6.720000 0.192609
950.000000 -6.710000 0.196946
950.000000 -6.700000 0.201325
950.000000 -6.690000 0.205747
950.000000 -6.680000 0.210209
950.000000 -6.670000 0.214712
950.000000 -6.660000 0.219255
950.000000 -6.650000 0.223837
950.000000 -6.640000 0.228457
950.000000 -6.630000 0.233113
950.000000 -6.620000 0.237806
950.000000 -6.610000 0.242534
950.000000 -6.600000 0.247296
950.000000 -6.590000 0.252090
950.000000 -6.580000 0.256917
950.000000 -6.570000 0.261774
950.000000 -6.560000 0.266661
950.000000 -6.550000 0.271576
950.000000 -6.540000 0.276518
950.000000 -6.530000 0.281485
950.000000 -6.520000 0.286477
950.000000 -6.510000 0.291491
950.000000 -6.500000 0.296527
950.000000 -6.490000 0.301582
950.000000 -6.480000 0.306655
950.000000 -6.470000 0.311746
950.000000 -6.460000 0.316851
950.000000 -6.450000 0.321969
950.000000 -6.440000 0.327100
950.000000 -6.430000 0.332240
950.000000 -6.420000 0.337388
950.000000 -6.410000 0.342542
950.000000 -6.400000 0.347701
950.000000 -6.390000 0.352862
950.000000 -6.380000 0.358023
950.000000 -6.370000 0.363184
950.000000 -6.360000 0.368340
950.000000 -6.350000 0.373491
950.000000 -6.340000 0.378634
950.000000 -6.330000 0.383768
950.000000 -6.320000 0.388889
950.000000 -6.310000 0.393996
950.000000 -6.300000 0.399087
950.000000 -6.290000 0.404159
950.000000 -6.280000 0.409210
950.000000 -6.270000 0.414237
950.000000 -6.260000 0.419239
950.000000 -6.250000 0.424212
950.000000 -6.240000 0.429156
950.000000 -6.230000 0.434066
950.000000 -6.220000 0.438940
950.000000 -6.210000 0.443777
950.000000 -6.200000 0.448573
950.000000 -6.190000 0.453327
950.000000 -6.180000 0.458035
950.000000 -6.170000 0.462694
950.000000 -6.160000 0.467303
950.000000 -6.150000 0.471859
950.000000 -6.140000 0.476359
950.000000 -6.130000 0.480800
950.000000 -6.120000 0.485180
950.000000 -6.110000 0.489497
950.000000 -6.100000 0.493747
950.000000 -6.090000 0.497927
950.000000 -6.080000 0.502037
950.000000 -6.070000 0.506071
950.000000 -6.060000 0.510029
950.000000 -6.050000 0.513906
950.000000 -6.040000 0.517702
950.000000 -6.030000 0.521412
950.000000 -6.020000 0.525034
950.000000 -6.010000 0.528567
950.000000 -6.000000 0.532006
950.000000 -5.990000 0.535349
950.000000 -5.980000 0.538595
950.000000 -5.970000 0.541739
950.000000 -5.960000 0.544781
950.000000 -5.950000 0.547716
950.000000 -5.940000 0.550543
950.000000 -5.930000 0.553259
950.000000 -5.920000 0.555861
950.000000 -5.910000 0.558348
950.000000 -5.900000 0.560716
950.000000 -5.890000 0.562964
950.000000 -5.880000 0.565089
950.000000 -5.870000 0.567088
950.000000 -5.860000 0.568959
950.000000 -5.850000 0.570701
950.000000 -5.840000 0.572311
950.000000 -5.830000 0.573786
950.000000 -5.820000 0.575125
950.000000 -5.810000 0.576326
950.000000 -5.800000 0.577386
950.000000 -5.790000 0.578304
950.000000 -5.780000 0.579077
950.000000 -5.770000 0.579704
950.000000 -5.760000 0.580184
950.000000 -5.750000 0.580513
950.000000 -5.740000 0.580691
950.000000 -5.730000 0.580716
950.000000 -5.720000 0.580586
950.000000 -5.710000 0.580300
950.000000 -5.700000 0.579856
950.000000 -5.690000 0.579253
950.000000 -5.680000 0.578490
950.000000 -5.670000 0.577565
950.000000 -5.660000 0.576478
950.000000 -5.650000 0.575227
950.000000 -5.640000 0.573811
950.000000 -5.630000 0.572229
950.000000 -5.620000 0.570481
950.000000 -5.610000 0.568565
950.000000 -5.600000 0.566481
950.000000 -5.590000 0.564228
950.000000 -5.580000 0.561805
950.000000 -5.570000 0.559213
950.000000 -5.560000 0.556451
950.000000 -5.550000 0.553518
950.000000 -5.540000 0.550415
950.000000 -5.530000 0.547140
950.000000 -5.520000 0.543695
950.000000 -5.510000 0.540078
950.000000 -5.500000 0.536291
950.000000 -5.490000 0.532334
950.000000 -5.480000 0.528205
950.000000 -5.470000 0.523908
950.000000 -5.460000 0.519440
950.000000 -5.450000 0.514804
950.000000 -5.440000 0.509999
950.000000 -5.430000 0.505027
950.000000 -5.420000 0.499888
950.000000 -5.410000 0.494584
950.000000 -5.400000 0.489114
950.000000 -5.390000 0.483481
950.000000 -5.380000 0.477686
950.000000 -5.370000 0.471729
950.000000 -5.360000 0.465612
950.000000 -5.350000 0.459337
950.000000 -5.340000 0.452905
950.000000 -5.330000 0.446317
950.000000 -5.320000 0.439576
950.000000 -5.310000 0.432682
950.000000 -5.300000 0.425639
950.000000 -5.290000 0.418448
950.000000 -5.280000 0.411110
950.000000 -5.270000 0.403629
950.000000 -5.260000 0.396006
950.000000 -5.250000 0.388243
950.000000 -5.240000 0.380343
950.000000 -5.230000 0.372309
950.000000 -5.220000 0.364142
950.000000 -5.210000 0.355845
950.000000 -5.200000 0.347421
950.000000 -5.190000 0.338873
950.000000 -5.180000 0.330204
950.000000 -5.170000 0.321415
950.000000 -5.160000 0.312511
950.000000 -5.150000 0.303493
950.000000 -5.140000 0.294366
950.000000 -5.130000 0.285132
950.000000 -5.120000 0.275795
950.000000 -5.110000 0.266357
950.000000 -5.100000 0.256822
950.000000 -5.090000 0.247193
950.000000 -5.080000 0.237474
950.000000 -5.070000 0.227668
950.000000 -5.060000 0.217778
950.000000 -5.050000 0.207808
950.000000 -5.040000 0.197762
950.000000 -5.030000 0.187642
950.000000 -5.020000 0.177454
950.000000 -5.010000 0.167200
950.000000 -5.000000 0.156884
950.000000 -4.990000 0.146510
950.000000 -4.980000 0.136081
950.000000 -4.970000 0.125602
950.000000 -4.960000 0.115076
950.000000 -4.950000 0.104507
950.000000 -4.940000 0.093899
950.000000 -4.930000 0.083256
950.000000 -4.920000 0.072582
950.000000 -4.910000 0.061880
950.000000 -4.900000 0.051154
950.000000 -4.890000 0.040409
950.000000 -4.880000 0.029649
950.000000 -4.870000 0.018876
950.000000 -4.860000 0.008096
950.000000 -4.850000 -0.002688
950.000000 -4.840000 -0.013472
950.000000 -4.830000 -0.024251
950.000000 -4.820000 -0.035023
950.000000 -4.810000 -0.045783
950.000000 -4.800000 -0.056528
950.000000 -4.790000 -0.067253
950.000000 -4.780000 -0.077954
950.000000 -4.770000 -0.088628
950.000000 -4.760000 -0.099272
950.000000 -4.750000 -0.109880
950.000000 -4.740000 -0.120449
950.000000 -4.730000 -0.130977
950.000000 -4.720000 -0.141458
950.000000 -4.710000 -0.151889
950.000000 -4.700000 -0.162268
950.000000 -4.690000 -0.172589
950.000000 -4.680000 -0.182850
950.000000 -4.670000 -0.193046
950.000000 -4.660000 -0.203176
950.000000 -4.650000 -0.213234
950.000000 -4.640000 -0.223218
950.000000 -4.630000 -0.233125
950.000000 -4.620000 -0.242950
950.000000 -4.610000 -0.252692
950.000000 -4.600000 -0.262346
950.000000 -4.590000 -0.271910
950.000000 -4.580000 -0.281380
950.000000 -4.570000 -0.290754
950.000000 -4.560000 -0.300029
950.000000 -4.550000 -0.309201
950.000000 -4.540000 -0.318269
950.000000 -4.530000 -0.327228
950.000000 -4.520000 -0.336078
950.000000 -4.510000 -0.344814
950.000000 -4.500000 -0.353434
950.000000 -4.490000 -0.361936
950.000000 -4.480000 -0.370318
950.000000 -4.470000 -0.378577
950.000000 -4.460000 -0.386711
950.000000 -4.450000 -0.394718
950.000000 -4.440000 -0.402595
950.000000 -4.430000 -0.410341
950.000000 -4.420000 -0.417953
950.000000 -4.410000 -0.425430
950.000000 -4.400000 -0.432770
950.000000 -4.390000 -0.439972
950.000000 -4.380000 -0.447033
950.000000 -4.370000 -0.453951
950.000000 -4.360000 -0.460727
950.000000 -4.350000 -0.467357
950.000000 -4.340000 -0.473841
950.000000 -4.330000 -0.480177
950.000000 -4.320000 -0.486365
950.000000 -4.310000 -0.492403
950.000000 -4.300000 -0.498290
950.000000 -4.290000 -0.504025
950.000000 -4.280000 -0.509608
950.000000 -4.270000 -0.515037
950.000000 -4.260000 -0.520312
950.000000 -4.250000 -0.525433
950.000000 -4.240000 -0.530398
950.000000 -4.230000 -0.535207
950.000000 -4.220000 -0.539860
950.000000 -4.210000 -0.544357
950.000000 -4.200000 -0.548697
950.000000 -4.190000 -0.552880
950.000000 -4.180000 -0.556906
950.000000 -4.170000 -0.560775
950.000000 -4.160000 -0.564487
950.000000 -4.150000 -0.568042
950.000000 -4.140000 -0.571441
950.000000 -4.130000 -0.574684
950.000000 -4.120000 -0.577770
950.000000 -4.110000 -0.580701
950.000000 -4.100000 -0.583477
950.000000 -4.090000 -0.586099
950.000000 -4.080000 -0.588567
950.000000 -4.070000 -0.590881
950.000000 -4.060000 -0.593043
950.000000 -4.050000 -0.595054
950.000000 -4.040000 -0.596914
950.000000 -4.030000 -0.598624
950.000000 -4.020000 -0.600185
950.000000 -4.010000 -0.601599
950.000000 -4.000000 -0.602866
950.000000 -3.990000 -0.603988
950.000000 -3.980000 -0.604965
950.000000 -3.970000 -0.605800
950.000000 -3.960000 -0.606493
950.000000 -3.950000 -0.607045
950.000000 -3.940000 -0.607460
950.000000 -3.930000 -0.607736
950.000000 -3.920000 -0.607877
950.000000 -3.910000 -0.607884
950.000000 -3.900000 -0.607759
950.000000 -3.890000 -0.607502
950.000000 -3.880000 -0.607116
950.000000 -3.870000 -0.606603
950.000000 -3.860000 -0.605964
950.000000 -3.850000 -0.605202
950.000000 -3.840000 -0.604317
950.000000 -3.830000 -0.603312
950.000000 -3.820000 -0.602189
950.000000 -3.810000 -0.600950
950.000000 -3.800000 -0.599596
950.000000 -3.790000 -0.598130
950.000000 -3.780000 -0.596554
950.000000 -3.770000 -0.594869
950.000000 -3.760000 -0.593079
950.000000 -3.750000 -0.591184
950.000000 -3.740000 -0.589187
950.000000 -3.730000 -0.587091
950.000000 -3.720000 -0.584897
950.000000 -3.710000 -0.582607
950.000000 -3.700000 -0.580224
950.000000 -3.690000 -0.577750
950.000000 -3.680000 -0.575187
950.000000 -3.670000 -0.572537
950.000000 -3.660000 -0.569803
950.000000 -3.650000 -0.566986
950.000000 -3.640000 -0.564090
950.000000 -3.630000 -0.561115
950.000000 -3.620000 -0.558065
950.000000 -3.610000 -0.554942
950.000000 -3.600000 -0.551747
950.000000 -3.590000 -0.548484
950.000000 -3.580000 -0.545154
950.000000 -3.570000 -0.541760
950.000000 -3.560000 -0.538303
950.000000 -3.550000 -0.534787
950.000000 -3.540000 -0.531213
950.000000 -3.530000 -0.527583
950.000000 -3.520000 -0.523900
950.000000 -3.510000 -0.520166
950.000000 -3.500000 -0.516384
950.000000 -3.490000 -0.512554
950.000000 -3.480000 -0.508680
950.000000 -3.470000 -0.504763
950.000000 -3.460000 -0.500806
950.000000 -3.450000 -0.496810
950.000000 -3.440000 -0.492779
950.000000 -3.430000 -0.488713
950.000000 -3.420000 -0.484616
950.000000 -3.410000 -0.480488
950.000000 -3.400000 -0.476332
950.000000 -3.390000 -0.472151
950.000000 -3.380000 -0.467945
950.000000 -3.370000 -0.463718
950.000000 -3.360000 -0.459470
950.000000 -3.350000 -0.455204
950.000000 -3.340000 -0.450921
950.000000 -3.330000 -0.446624
950.000000 -3.320000 -0.442315
950.000000 -3.310000 -0.437994
950.000000 -3.300000 -0.433665
950.000000 -3.290000 -0.429328
950.000000 -3.280000 -0.424985
950.000000 -3.270000 -0.420639
950.000000 -3.260000 -0.416290
950.000000 -3.250000 -0.411940
950.000000 -3.240000 -0.407592
950.000000 -3.230000 -0.403245
950.000000 -3.220000 -0.398903
950.000000 -3.210000 -0.394567
950.000000 -3.200000 -0.390237
950.000000 -3.190000 -0.385916
950.000000 -3.180000 -0.381605
950.000000 -3.170000 -0.377305
950.000000 -3.160000 -0.373018
950.000000 -3.150000 -0.368745
950.000000 -3.140000 -0.364487
950.000000 -3.130000 -0.360246
950.000000 -3.120000 -0.356022
950.000000 -3.110000 -0.351817
950.000000 -3.100000 -0.347633
950.000000 -3.090000 -0.343470
950.000000 -3.080000 -0.339329
950.000000 -3.070000 -0.335212
950.000000 -3.060000 -0.331119
950.000000 -3.050000 -0.327052
950.000000 -3.040000 -0.323011
950.000000 -3.030000 -0.318998
950.000000 -3.020000 -0.315014
950.000000 -3.010000 -0.311058
950.000000 -3.000000 -0.307133
950.000000 -2.990000 -0.303239
950.000000 -2.980000 -0.299376
950.000000 -2.970000 -0.295546
950.000000 -2.960000 -0.291750
950.000000 -2.950000 -0.287988
950.000000 -2.940000 -0.284260
950.000000 -2.930000 -0.280568
950.000000 -2.920000 -0.276912
950.000000 -2.910000 -0.273292
950.000000 -2.900000 -0.269710
950.000000 -2.890000 -0.266166
950.000000 -2.880000 -0.262660
950.000000 -2.870000 -0.259192
950.000000 -2.860000 -0.255765
950.000000 -2.850000 -0.252377
950.000000 -2.840000 -0.249029
950.000000 -2.830000 -0.245722
950.000000 -2.820000 -0.242456
950.000000 -2.810000 -0.239232
950.000000 -2.800000 -0.236049
950.000000 -2.790000 -0.232909
950.000000 -2.780000 -0.229811
950.000000 -2.770000 -0.226756
950.000000 -2.760000 -0.223743
950.000000 -2.750000 -0.220774
950.000000 -2.740000 -0.217849
950.000000 -2.730000 -0.214967
950.000000 -2.720000 -0.212130
950.000000 -2.710000 -0.209336
950.000000 -2.700000 -0.206587
950.000000 -2.690000 -0.203883
950.000000 -2.680000 -0.201223
950.000000 -2.670000 -0.198607
950.000000 -2.660000 -0.196037
950.000000 -2.650000 -0.193512
950.000000 -2.640000 -0.191032
950.000000 -2.630000 -0.188597
950.000000 -2.620000 -0.186207
950.000000 -2.610000 -0.183863
950.000000 -2.600000 -0.181565
950.000000 -2.590000 -0.179311
950.000000 -2.580000 -0.177104
950.000000 -2.570000 -0.174942
950.000000 -2.560000 -0.172826
950.000000 -2.550000 -0.170755
950.000000 -2.540000 -0.168731
950.000000 -2.530000 -0.166752
950.000000 -2.520000 -0.164819
950.000000 -2.510000 -0.162931
950.000000 -2.500000 -0.161090
950.000000 -2.490000 -0.159295
950.000000 -2.480000 -0.157545
950.000000 -2.470000 -0.155842
950.000000 -2.460000 -0.154184
950.000000 -2.450000 -0.152573
950.000000 -2.440000 -0.151008
950.000000 -2.430000 -0.149489
950.000000 -2.420000 -0.148016
950.000000 -2.410000 -0.146589
950.000000 -2.400000 -0.145208
950.000000 -2.390000 -0.143874
950.000000 -2.380000 -0.142587
950.000000 -2.370000 -0.141345
950.000000 -2.360000 -0.140151
950.000000 -2.350000 -0.139003
950.000000 -2.340000 -0.137902
950.000000 -2.330000 -0.136847
950.000000 -2.320000 -0.135840
950.000000 -2.310000 -0.134880
950.000000 -2.300000 -0.133967
950.000000 -2.290000 -0.133102
950.000000 -2.280000 -0.132284
950.000000 -2.270000 -0.131514
950.000000 -2.260000 -0.130792
950.000000 -2.250000 -0.130119
950.000000 -2.240000 -0.129494
950.000000 -2.230000 -0.128917
950.000000 -2.220000 -0.128390
950.000000 -2.210000 -0.127911
950.000000 -2.200000 -0.127482
950.000000 -2.190000 -0.127103
950.000000 -2.180000 -0.126775
950.000000 -2.170000 -0.126496
950.000000 -2.160000 -0.126269
950.000000 -2.150000 -0.126092
950.000000 -2.140000 -0.125967
950.000000 -2.130000 -0.125895
950.000000 -2.120000 -0.125875
950.000000 -2.110000 -0.125907
950.000000 -2.100000 -0.125993
950.000000 -2.090000 -0.126133
950.000000 -2.080000 -0.126328
950.000000 -2.070000 -0.126577
950.000000 -2.060000 -0.126882
950.000000 -2.050000 -0.127243
950.000000 -2.040000 -0.127660
950.000000 -2.030000 -0.128135
950.000000 -2.020000 -0.128668
950.000000 -2.010000 -0.129260
950.000000 -2.000000 -0.129910
950.000000 -1.990000 -0.130621
950.000000 -1.980000 -0.131393
950.000000 -1.970000 -0.132226
950.000000 -1.960000 -0.133121
950.000000 -1.950000 -0.134080
950.000000 -1.940000 -0.135103
950.000000 -1.930000 -0.136190
950.000000 -1.920000 -0.137343
950.000000 -1.910000 -0.138563
950.000000 -1.900000 -0.139850
950.000000 -1.890000 -0.141206
950.000000 -1.880000 -0.142631
950.000000 -1.870000 -0.144127
950.000000 -1.860000 -0.145694
950.000000 -1.850000 -0.147334
950.000000 -1.840000 -0.149048
950.000000 -1.830000 -0.150836
950.000000 -1.820000 -0.152700
950.000000 -1.810000 -0.154641
950.000000 -1.800000 -0.156660
950.000000 -1.790000 -0.158759
950.000000 -1.780000 -0.160938
950.000000 -1.770000 -0.163199
950.000000 -1.760000 -0.165543
950.000000 -1.750000 -0.167971
950.000000 -1.740000 -0.170485
950.000000 -1.730000 -0.173086
950.000000 -1.720000 -0.175776
950.000000 -1.710000 -0.178555
950.000000 -1.700000 -0.181425
950.000000 -1.690000 -0.184388
950.000000 -1.680000 -0.187445
950.000000 -1.670000 -0.190597
950.000000 -1.660000 -0.193846
950.000000 -1.650000 -0.197193
950.000000 -1.640000 -0.200641
950.000000 -1.630000 -0.204190
950.000000 -1.620000 -0.207842
950.000000 -1.610000 -0.211598
950.000000 -1.600000 -0.215461
950.000000 -1.590000 -0.219431
950.000000 -1.580000 -0.223511
950.000000 -1.570000 -0.227701
950.000000 -1.560000 -0.232004
950.000000 -1.550000 -0.236422
950.000000 -1.540000 -0.240955
950.000000 -1.530000 -0.245607
950.000000 -1.520000 -0.250377
950.000000 -1.510000 -0.255268
950.000000 -1.500000 -0.260282
950.000000 -1.490000 -0.265421
950.000000 -1.480000 -0.270686
950.000000 -1.470000 -0.276078
950.000000 -1.460000 -0.281600
950.000000 -1.450000 -0.287253
950.000000 -1.440000 -0.293040
950.000000 -1.430000 -0.298961
950.000000 -1.420000 -0.305018
950.000000 -1.410000 -0.311214
950.000000 -1.400000 -0.317550
950.000000 -1.390000 -0.324027
950.000000 -1.380000 -0.330648
950.000000 -1.370000 -0.337414
950.000000 -1.360000 -0.344326
950.000000 -1.350000 -0.351387
950.000000 -1.340000 -0.358598
950.000000 -1.330000 -0.365961
950.000000 -1.320000 -0.373477
950.000000 -1.310000 -0.381148
950.000000 -1.300000 -0.388976
950.000000 -1.290000 -0.396961
950.000000 -1.280000 -0.405107
950.000000 -1.270000 -0.413414
950.000000 -1.260000 -0.421883
950.000000 -1.250000 -0.430517
950.000000 -1.240000 -0.439316
950.000000 -1.230000 -0.448282
950.000000 -1.220000 -0.457417
950.000000 -1.210000 -0.466721
950.000000 -1.200000 -0.476196
950.000000 -1.190000 -0.485844
950.000000 -1.180000 -0.495665
950.000000 -1.170000 -0.505660
950.000000 -1.160000 -0.515832
950.000000 -1.150000 -0.526180
950.000000 -1.140000 -0.536705
950.000000 -1.130000 -0.547410
950.000000 -1.120000 -0.558293
950.000000 -1.110000 -0.569357
950.000000 -1.100000 -0.580603
950.000000 -1.090000 -0.592030
950.000000 -1.080000 -0.603639
950.000000 -1.070000 -0.615431
950.000000 -1.060000 -0.627407
950.000000 -1.050000 -0.639566
950.000000 -1.040000 -0.651910
950.000000 -1.030000 -0.664437
950.000000 -1.020000 -0.677149
950.000000 -1.010000 -0.690046
950.000000 -1.000000 -0.703127
950.000000 -0.990000 -0.716392
950.000000 -0.980000 -0.729842
950.000000 -0.970000 -0.743475
950.000000 -0.960000 -0.757291
950.000000 -0.950000 -0.771290
950.000000 -0.940000 -0.785471
950.000000 -0.930000 -0.799834
950.000000 -0.920000 -0.814377
950.000000 -0.910000 -0.829100
950.000000 -0.900000 -0.844001
950.000000 -0.890000 -0.859079
950.000000 -0.880000 -0.874333
950.000000 -0.870000 -0.889762
950.000000 -0.860000 -0.905363
950.000000 -0.850000 -0.921136
950.000000 -0.840000 -0.937077
950.000000 -0.830000 -0.953186
950.000000 -0.820000 -0.969461
950.000000 -0.810000 -0.985898
950.000000 -0.800000 -1.002496
950.000000 -0.790000 -1.019251
950.000000 -0.780000 -1.036162
950.000000 -0.770000 -1.053226
950.000000 -0.760000 -1.070439
950.000000 -0.750000 -1.087799
950.000000 -0.740000 -1.105301
950.000000 -0.730000 -1.122944
950.000000 -0.720000 -1.140722
950.000000 -0.710000 -1.158634
950.000000 -0.700000 -1.176673
950.000000 -0.690000 -1.194837
950.000000 -0.680000 -1.213122
950.000000 -0.670000 -1.231522
950.000000 -0.660000 -1.250034
950.000000 -0.650000 -1.268653
950.000000 -0.640000 -1.287374
950.000000 -0.630000 -1.306192
950.000000 -0.620000 -1.325101
950.000000 -0.610000 -1.344097
950.000000 -0.600000 -1.363174
950.000000 -0.590000 -1.382327
950.000000 -0.580000 -1.401549
950.000000 -0.570000 -1.420834
950.000000 -0.560000 -1.440178
950.000000 -0.550000 -1.459572
950.000000 -0.540000 -1.479011
950.000000 -0.530000 -1.498489
950.000000 -0.520000 -1.517998
950.000000 -0.510000 -1.537531
950.000000 -0.500000 -1.557082
950.000000 -0.490000 -1.576644
950.000000 -0.480000 -1.596208
950.000000 -0.470000 -1.615768
950.000000 -0.460000 -1.635315
950.000000 -0.450000 -1.654843
950.000000 -0.440000 -1.674342
950.000000 -0.430000 -1.693805
950.000000 -0.420000 -1.713225
950.000000 -0.410000 -1.732591
950.000000 -0.400000 -1.751897
950.000000 -0.390000 -1.771133
950.000000 -0.380000 -1.790290
950.000000 -0.370000 -1.809360
950.000000 -0.360000 -1.828334
950.000000 -0.350000 -1.847203
950.000000 -0.340000 -1.865957
950.000000 -0.330000 -1.884587
950.000000 -0.320000 -1.903085
950.000000 -0.310000 -1.921439
950.000000 -0.300000 -1.939642
950.000000 -0.290000 -1.957682
950.000000 -0.280000 -1.975551
950.000000 -0.270000 -1.993239
950.000000 -0.260000 -2.010735
950.000000 -0.250000 -2.028030
950.000000 -0.240000 -2.045114
950.000000 -0.230000 -2.061976
950.000000 -0.220000 -2.078607
950.000000 -0.210000 -2.094997
950.000000 -0.200000 -2.111134
950.000000 -0.190000 -2.127009
950.000000 -0.180000 -2.142613
950.000000 -0.170000 -2.157933
950.000000 -0.160000 -2.172961
950.000000 -0.150000 -2.187686
950.000000 -0.140000 -2.202097
950.000000 -0.130000 -2.216185
950.000000 -0.120000 -2.229939
950.000000 -0.110000 -2.243349
950.000000 -0.100000 -2.256404
950.000000 -0.090000 -2.269095
950.000000 -0.080000 -2.281412
950.000000 -0.070000 -2.293344
950.000000 -0.060000 -2.304881
950.000000 -0.050000 -2.316013
950.000000 -0.040000 -2.326732
950.000000 -0.030000 -2.337026
950.000000 -0.020000 -2.346886
950.000000 -0.010000 -2.356302
950.000000 -0.000000 -2.365266
950.000000 0.010000 -2.373767
950.000000 0.020000 -2.381796
950.000000 0.030000 -2.389345
950.000000 0.040000 -2.396404
950.000000 0.050000 -2.402964
950.000000 0.060000 -2.409017
950.000000 0.070000 -2.414554
950.000000 0.080000 -2.419567
950.000000 0.090000 -2.424047
950.000000 0.100000 -2.427987
950.000000 0.110000 -2.431378
950.000000 0.120000 -2.434213
950.000000 0.130000 -2.436484
950.000000 0.140000 -2.438185
950.000000 0.150000 -2.439307
950.000000 0.160000 -2.439845
950.000000 0.170000 -2.439792
950.000000 0.180000 -2.439141
950.000000 0.190000 -2.437886
950.000000 0.200000 -2.436022
950.000000 0.210000 -2.433542
950.000000 0.220000 -2.430441
950.000000 0.230000 -2.426715
950.000000 0.240000 -2.422358
950.000000 0.250000 -2.417366
950.000000 0.260000 -2.411734
950.000000 0.270000 -2.405459
950.000000 0.280000 -2.398537
950.000000 0.290000 -2.390964
950.000000 0.300000 -2.382737
950.000000 0.310000 -2.373854
950.000000 0.320000 -2.364312
950.000000 0.330000 -2.354108
950.000000 0.340000 -2.343242
950.000000 0.350000 -2.331711
950.000000 0.360000 -2.319514
950.000000 0.370000 -2.306650
950.000000 0.380000 -2.293120
950.000000 0.390000 -2.278921
950.000000 0.400000 -2.264056
950.000000 0.410000 -2.248523
950.000000 0.420000 -2.232325
950.000000 0.430000 -2.215461
950.000000 0.440000 -2.197934
950.000000 0.450000 -2.179745
950.000000 0.460000 -2.160897
950.000000 0.470000 -2.141391
950.000000 0.480000 -2.121232
950.000000 0.490000 -2.100422
950.000000 0.500000 -2.078964
950.000000 0.510000 -2.056863
950.000000 0.520000 -2.034122
950.000000 0.530000 -2.010747
950.000000 0.540000 -1.986743
950.000000 0.550000 -1.962114
950.000000 0.560000 -1.936866
950.000000 0.570000 -1.911006
950.000000 0.580000 -1.884539
950.000000 0.590000 -1.857473
950.000000 0.600000 -1.829813
950.000000 0.610000 -1.801568
950.000000 0.620000 -1.772746
950.000000 0.630000 -1.743353
950.000000 0.640000 -1.713399
950.000000 0.650000 -1.682892
950.000000 0.660000 -1.651841
950.000000 0.670000 -1.620256
950.000000 0.680000 -1.588145
950.000000 0.690000 -1.555518
950.000000 0.700000 -1.522387
950.000000 0.710000 -1.488760
950.000000 0.720000 -1.454649
950.000000 0.730000 -1.420065
950.000000 0.740000 -1.385019
950.000000 0.750000 -1.349523
950.000000 0.760000 -1.313587
950.000000 0.770000 -1.277226
950.000000 0.780000 -1.240450
950.000000 0.790000 -1.203272
950.000000 0.800000 -1.165704
950.000000 0.810000 -1.127761
950.000000 0.820000 -1.089455
950.000000 0.830000 -1.050799
950.000000 0.840000 -1.011807
950.000000 0.850000 -0.972493
950.000000 0.860000 -0.932871
950.000000 0.870000 -0.892954
950.000000 0.880000 -0.852758
950.000000 0.890000 -0.812297
950.000000 0.900000 -0.771585
950.000000 0.910000 -0.730637
950.000000 0.920000 -0.689467
950.000000 0.930000 -0.648092
950.000000 0.940000 -0.606526
950.000000 0.950000 -0.564785
950.000000 0.960000 -0.522883
950.000000 0.970000 -0.480836
950.000000 0.980000 -0.438660
950.000000 0.990000 -0.396370
950.000000 1.000000 -0.353982
950.000000 1.010000 -0.311512
950.000000 1.020000 -0.268975
950.000000 1.030000 -0.226387
950.000000 1.040000 -0.183764
950.000000 1.050000 -0.141121
950.000000 1.060000 -0.098475
950.000000 1.070000 -0.055841
950.000000 1.080000 -0.013235
950.000000 1.090000 0.029328
950.000000 1.100000 0.071831
950.000000 1.110000 0.114259
950.000000 1.120000 0.156597
950.000000 1.130000 0.198828
950.000000 1.140000 0.240938
950.000000 1.150000 0.282910
950.000000 1.160000 0.324731
950.000000 1.170000 0.366384
950.000000 1.180000 0.407854
950.000000 1.190000 0.449127
950.000000 1.200000 0.490187
950.000000 1.210000 0.531021
950.000000 1.220000 0.571613
950.000000 1.230000 0.611948
950.000000 1.240000 0.652014
950.000000 1.250000 0.691795
950.000000 1.260000 0.731278
950.000000 1.270000 0.770449
950.000000 1.280000 0.809294
950.000000 1.290000 0.847801
950.000000 1.300000 0.885956
950.000000 1.310000 0.923746
950.000000 1.320000 0.961159
950.000000 1.330000 0.998181
950.000000 1.340000 1.034802
950.000000 1.350000 1.071008
950.000000 1.360000 1.106789
950.000000 1.370000 1.142132
950.000000 1.380000 1.177026
950.000000 1.390000 1.211461
950.000000 1.400000 1.245426
950.000000 1.410000 1.278910
950.000000 1.420000 1.311903
950.000000 1.430000 1.344395
950.000000 1.440000 1.376378
950.000000 1.450000 1.407840
950.000000 1.460000 1.438775
950.000000 1.470000 1.469172
950.000000 1.480000 1.499023
950.000000 1.490000 1.528321
950.000000 1.500000 1.557058
950.000000 1.510000 1.585225
950.000000 1.520000 1.612817
950.000000 1.530000 1.639826
950.000000 1.540000 1.666245
950.000000 1.550000 1.692069
950.000000 1.560000 1.717292
950.000000 1.570000 1.741907
950.000000 1.580000 1.765911
950.000000 1.590000 1.789297
950.000000 1.600000 1.812062
950.000000 1.610000 1.834201
950.000000 1.620000 1.855711
950.000000 1.630000 1.876587
950.000000 1.640000 1.896826
950.000000 1.650000 1.916426
950.000000 1.660000 1.935384
950.000000 1.670000 1.953698
950.000000 1.680000 1.971365
950.000000 1.690000 1.988384
950.000000 1.700000 2.004754
950.000000 1.710000 2.020474
950.000000 1.720000 2.035543
950.000000 1.730000 2.049961
950.000000 1.740000 2.063727
950.000000 1.750000 2.076843
950.000000 1.760000 2.089307
950.000000 1.770000 2.101123
950.000000 1.780000 2.112289
950.000000 1.790000 2.122809
950.000000 1.800000 2.132684
950.000000 1.810000 2.141915
950.000000 1.820000 2.150506
950.000000 1.830000 2.158458
950.000000 1.840000 2.165776
950.000000 1.850000 2.172461
950.000000 1.860000 2.178517
950.000000 1.870000 2.183949
950.000000 1.880000 2.188760
950.000000 1.890000 2.192953
950.000000 1.900000 2.196535
950.000000 1.910000 2.199509
950.000000 1.920000 2.201881
950.000000 1.930000 2.203655
950.000000 1.940000 2.204838
950.000000 1.950000 2.205434
950.000000 1.960000 2.205449
950.000000 1.970000 2.204891
950.000000 1.980000 2.203764
950.000000 1.990000 2.202076
950.000000 2.000000 2.199833
950.000000 2.010000 2.197041
950.000000 2.020000 2.193709
950.000000 2.030000 2.189843
950.000000 2.040000 2.185451
950.000000 2.050000 2.180540
950.000000 2.060000 2.175118
950.000000 2.070000 2.169193
950.000000 2.080000 2.162772
950.000000 2.090000 2.155865
950.000000 2.100000 2.148478
950.000000 2.110000 2.140621
950.000000 2.120000 2.132303
950.000000 2.130000 2.123531
950.000000 2.140000 2.114314
950.000000 2.150000 2.104662
950.000000 2.160000 2.094583
950.000000 2.170000 2.084087
950.000000 2.180000 2.073181
950.000000 2.190000 2.061877
950.000000 2.200000 2.050182
950.000000 2.210000 2.038106
950.000000 2.220000 2.025658
950.000000 2.230000 2.012848
950.000000 2.240000 1.999685
950.000000 2.250000 1.986179
950.000000 2.260000 1.972339
950.000000 2.270000 1.958175
950.000000 2.280000 1.943696
950.000000 2.290000 1.928911
950.000000 2.300000 1.913831
950.000000 2.310000 1.898465
950.000000 2.320000 1.882822
950.000000 2.330000 1.866912
950.000000 2.340000 1.850744
950.000000 2.350000 1.834329
950.000000 2.360000 1.817675
950.000000 2.370000 1.800791
950.000000 2.380000 1.783688
950.000000 2.390000 1.766375
950.000000 2.400000 1.748860
950.000000 2.410000 1.731154
950.000000 2.420000 1.713265
950.000000 2.430000 1.695202
950.000000 2.440000 1.676975
950.000000 2.450000 1.658593
950.000000 2.460000 1.640064
950.000000 2.470000 1.621398
950.000000 2.480000 1.602602
950.000000 2.490000 1.583687
950.000000 2.500000 1.564659
950.000000 2.510000 1.545529
950.000000 2.520000 1.526304
950.000000 2.530000 1.506993
950.000000 2.540000 1.487603
950.000000 2.550000 1.468144
950.000000 2.560000 1.448622
950.000000 2.570000 1.429046
950.000000 2.580000 1.409423
950.000000 2.590000 1.389762
950.000000 2.600000 1.370069
950.000000 2.610000 1.350352
950.000000 2.620000 1.330619
950.000000 2.630000 1.310876
950.000000 2.640000 1.291130
950.000000 2.650000 1.271389
950.000000 2.660000 1.251659
950.000000 2.670000 1.231947
950.000000 2.680000 1.212259
950.000000 2.690000 1.192602
950.000000 2.700000 1.172981
950.000000 2.710000 1.153404
950.000000 2.720000 1.133875
950.000000 2.730000 1.114401
950.000000 2.740000 1.094987
950.000000 2.750000 1.075639
950.000000 2.760000 1.056362
950.000000 2.770000 1.037161
950.000000 2.780000 1.018042
950.000000 2.790000 0.999010
950.000000 2.800000 0.980068
950.000000 2.810000 0.961223
950.000000 2.820000 0.942478
950.000000 2.830000 0.923838
950.000000 2.840000 0.905307
950.000000 2.850000 0.886889
950.000000 2.860000 0.868588
950.000000 2.870000 0.850408
950.000000 2.880000 0.832352
950.000000 2.890000 0.814425
950.000000 2.900000 0.796629
950.000000 2.910000 0.778968
950.000000 2.920000 0.761444
950.000000 2.930000 0.744062
950.000000 2.940000 0.726824
950.000000 2.950000 0.709731
950.000000 2.960000 0.692788
950.000000 2.970000 0.675997
950.000000 2.980000 0.659359
950.000000 2.990000 0.642877
950.000000 3.000000 0.626554
950.000000 3.010000 0.610390
950.000000 3.020000 0.594388
950.000000 3.030000 0.578551
950.000000 3.040000 0.562878
950.000000 3.050000 0.547372
950.000000 3.060000 0.532034
950.000000 3.070000 0.516865
950.000000 3.080000 0.501867
950.000000 3.090000 0.487040
950.000000 3.100000 0.472386
950.000000 3.110000 0.457905
950.000000 3.120000 0.443598
950.000000 3.130000 0.429465
950.000000 3.140000 0.415507
950.000000 3.150000 0.401725
950.000000 3.160000 0.388119
950.000000 3.170000 0.374688
950.000000 3.180000 0.361434
950.000000 3.190000 0.348356
950.000000 3.200000 0.335454
950.000000 3.210000 0.322728
950.000000 3.220000 0.310177
950.000000 3.230000 0.297802
950.000000 3.240000 0.285602
950.000000 3.250000 0.273577
950.000000 3.260000 0.261726
950.000000 3.270000 0.250048
950.000000 3.280000 0.238543
950.000000 3.290000 0.227210
950.000000 3.300000 0.216049
950.000000 3.310000 0.205057
950.000000 3.320000 0.194235
950.000000 3.330000 0.183582
950.000000 3.340000 0.173096
950.000000 3.350000 0.162776
950.000000 3.360000 0.152622
950.000000 3.370000 0.142631
950.000000 3.380000 0.132803
950.000000 3.390000 0.123136
950.000000 3.400000 0.113630
950.000000 3.410000 0.104281
950.000000 3.420000 0.095090
950.000000 3.430000 0.086054
950.000000 3.440000 0.077173
950.000000 3.450000 0.068444
950.000000 3.460000 0.059865
950.000000 3.470000 0.051436
950.000000 3.480000 0.043155
950.000000 3.490000 0.035019
950.000000 3.500000 0.027027
950.000000 3.510000 0.019178
950.000000 3.520000 0.011469
950.000000 3.530000 0.003899
950.000000 3.540000 -0.003534
950.000000 3.550000 -0.010832
950.000000 3.560000 -0.017997
950.000000 3.570000 -0.025031
950.000000 3.580000 -0.031936
950.000000 3.590000 -0.038713
950.000000 3.600000 -0.045365
950.000000 3.610000 -0.051893
950.000000 3.620000 -0.058300
950.000000 3.630000 -0.064588
950.000000 3.640000 -0.070758
950.000000 3.650000 -0.076812
950.000000 3.660000 -0.082753
950.000000 3.670000 -0.088583
950.000000 3.680000 -0.094303
950.000000 3.690000 -0.099916
950.000000 3.700000 -0.105424
950.000000 3.710000 -0.110828
950.000000 3.720000 -0.116131
950.000000 3.730000 -0.121335
950.000000 3.740000 -0.126442
950.000000 3.750000 -0.131454
950.000000 3.760000 -0.136372
950.000000 3.770000 -0.141200
950.000000 3.780000 -0.145938
950.000000 3.790000 -0.150590
950.000000 3.800000 -0.155156
950.000000 3.810000 -0.159639
950.000000 3.820000 -0.164042
950.000000 3.830000 -0.168366
950.000000 3.840000 -0.172612
950.000000 3.850000 -0.176784
950.000000 3.860000 -0.180882
950.000000 3.870000 -0.184910
950.000000 3.880000 -0.188868
950.000000 3.890000 -0.192759
950.000000 3.900000 -0.196585
950.000000 3.910000 -0.200347
950.000000 3.920000 -0.204048
950.000000 3.930000 -0.207689
950.000000 3.940000 -0.211273
950.000000 3.950000 -0.214801
950.000000 3.960000 -0.218274
950.000000 3.970000 -0.221696
950.000000 3.980000 -0.225067
950.000000 3.990000 -0.228389
950.000000 4.000000 -0.231664
950.000000 4.010000 -0.234895
950.000000 4.020000 -0.238082
950.000000 4.030000 -0.241227
950.000000 4.040000 -0.244332
950.000000 4.050000 -0.247399
950.000000 4.060000 -0.250430
950.000000 4.070000 -0.253425
950.000000 4.080000 -0.256387
950.000000 4.090000 -0.259317
950.000000 4.100000 -0.262216
950.000000 4.110000 -0.265088
950.000000 4.120000 -0.267932
950.000000 4.130000 -0.270750
950.000000 4.140000 -0.273544
950.000000 4.150000 -0.276315
950.000000 4.160000 -0.279065
950.000000 4.170000 -0.281796
950.000000 4.180000 -0.284508
950.000000 4.190000 -0.287202
950.000000 4.200000 -0.289882
950.000000 4.210000 -0.292546
950.000000 4.220000 -0.295198
950.000000 4.230000 -0.297838
950.000000 4.240000 -0.300467
950.000000 4.250000 -0.303087
950.000000 4.260000 -0.305699
950.000000 4.270000 -0.308304
950.000000 4.280000 -0.310903
950.000000 4.290000 -0.313497
950.000000 4.300000 -0.316089
950.000000 4.310000 -0.318677
950.000000 4.320000 -0.321265
950.000000 4.330000 -0.323852
950.000000 4.340000 -0.326440
950.000000 4.350000 -0.329029
950.000000 4.360000 -0.331622
950.000000 4.370000 -0.334218
950.000000 4.380000 -0.336819
950.000000 4.390000 -0.339425
950.000000 4.400000 -0.342037
950.000000 4.410000 -0.344657
950.000000 4.420000 -0.347285
950.000000 4.430000 -0.349922
950.000000 4.440000 -0.352568
950.000000 4.450000 -0.355225
950.000000 4.460000 -0.357893
950.000000 4.470000 -0.360573
950.000000 4.480000 -0.363266
950.000000 4.490000 -0.365972
950.000000 4.500000 -0.368692
950.000000 4.510000 -0.371426
950.000000 4.520000 -0.374175
950.000000 4.530000 -0.376941
950.000000 4.540000 -0.379722
950.000000 4.550000 -0.382520
950.000000 4.560000 -0.385336
950.000000 4.570000 -0.388169
950.000000 4.580000 -0.391021
950.000000 4.590000 -0.393891
950.000000 4.600000 -0.396780
950.000000 4.610000 -0.399690
950.000000 4.620000 -0.402618
950.000000 4.630000 -0.405568
950.000000 4.640000 -0.408538
950.000000 4.650000 -0.411528
950.000000 4.660000 -0.414540
950.000000 4.670000 -0.417574
950.000000 4.680000 -0.420629
950.000000 4.690000 -0.423706
950.000000 4.700000 -0.426806
950.000000 4.710000 -0.429928
950.000000 4.720000 -0.433072
950.000000 4.730000 -0.436239
950.000000 4.740000 -0.439429
950.000000 4.750000 -0.442642
950.000000 4.760000 -0.445878
950.000000 4.770000 -0.449137
950.000000 4.780000 -0.452419
950.000000 4.790000 -0.455724
950.000000 4.800000 -0.459053
950.000000 4.810000 -0.462404
950.000000 4.820000 -0.465778
950.000000 4.830000 -0.469176
950.000000 4.840000 -0.472596
950.000000 4.850000 -0.476039
950.000000 4.860000 -0.479505
950.000000 4.870000 -0.482993
950.000000 4.880000 -0.486504
950.000000 4.890000 -0.490036
950.000000 4.900000 -0.493590
950.000000 4.910000 -0.497166
950.000000 4.920000 -0.500763
950.000000 4.930000 -0.504381
950.000000 4.940000 -0.508020
950.000000 4.950000 -0.511679
950.000000 4.960000 -0.515358
950.000000 4.970000 -0.519057
950.000000 4.980000 -0.522774
950.000000 4.990000 -0.526510
950.000000 5.000000 -0.530264
950.000000 5.010000 -0.534036
950.000000 5.020000 -0.537824
950.000000 5.030000 -0.541629
950.000000 5.040000 -0.545450
950.000000 5.050000 -0.549286
950.000000 5.060000 -0.553136
950.000000 5.070000 -0.557000
950.000000 5.080000 -0.560877
950.000000 5.090000 -0.564766
950.000000 5.100000 -0.568666
950.000000 5.110000 -0.572577
950.000000 5.120000 -0.576498
950.000000 5.130000 -0.580427
950.000000 5.140000 -0.584364
950.000000 5.150000 -0.588307
950.000000 5.160000 -0.592256
950.000000 5.170000 -0.596210
950.000000 5.180000 -0.600167
950.000000 5.190000 -0.604126
950.000000 5.200000 -0.608086
950.000000 5.210000 -0.612046
950.000000 5.220000 -0.616005
950.000000 5.230000 -0.619960
950.000000 5.240000 -0.623912
950.000000 5.250000 -0.627857
950.000000 5.260000 -0.631795
950.000000 5.270000 -0.635724
950.000000 5.280000 -0.639643
950.000000 5.290000 -0.643550
950.000000 5.300000 -0.647443
950.000000 5.310000 -0.651320
950.000000 5.320000 -0.655180
950.000000 5.330000 -0.659021
950.000000 5.340000 -0.662841
950.000000 5.350000 -0.666637
950.000000 5.360000 -0.670408
950.000000 5.370000 -0.674152
950.000000 5.380000 -0.677867
950.000000 5.390000 -0.681550
950.000000 5.400000 -0.685199
950.000000 5.410000 -0.688812
950.000000 5.420000 -0.692386
950.000000 5.430000 -0.695919
950.000000 5.440000 -0.699409
950.000000 5.450000 -0.702852
950.000000 5.460000 -0.706247
950.000000 5.470000 -0.709590
950.000000 5.480000 -0.712879
950.000000 5.490000 -0.716111
950.000000 5.500000 -0.719283
950.000000 5.510000 -0.722392
950.000000 5.520000 -0.725435
950.000000 5.530000 -0.728408
950.000000 5.540000 -0.731310
950.000000 5.550000 -0.734137
950.000000 5.560000 -0.736885
950.000000 5.570000 -0.739551
950.000000 5.580000 -0.742131
950.000000 5.590000 -0.744623
950.000000 5.600000 -0.747023
950.000000 5.610000 -0.749327
950.000000 5.620000 -0.751531
950.000000 5.630000 -0.753632
950.000000 5.640000 -0.755627
950.000000 5.650000 -0.757511
950.000000 5.660000 -0.759280
950.000000 5.670000 -0.760931
950.000000 5.680000 -0.762460
950.000000 5.690000 -0.763862
950.000000 5.700000 -0.765134
950.000000 5.710000 -0.766271
950.000000 5.720000 -0.767270
950.000000 5.730000 -0.768125
950.000000 5.740000 -0.768834
950.000000 5.750000 -0.769392
950.000000 5.760000 -0.769793
950.000000 5.770000 -0.770035
950.000000 5.780000 -0.770113
950.000000 5.790000 -0.770021
950.000000 5.800000 -0.769757
950.000000 5.810000 -0.769314
950.000000 5.820000 -0.768690
950.000000 5.830000 -0.767879
950.000000 5.840000 -0.766877
950.000000 5.850000 -0.765678
950.000000 5.860000 -0.764280
950.000000 5.870000 -0.762677
950.000000 5.880000 -0.760864
950.000000 5.890000 -0.758837
950.000000 5.900000 -0.756592
950.000000 5.910000 -0.754123
950.000000 5.920000 -0.751426
950.000000 5.930000 -0.748498
950.000000 5.940000 -0.745332
950.000000 5.950000 -0.741925
950.000000 5.960000 -0.738273
950.000000 5.970000 -0.734370
950.000000 5.980000 -0.730212
950.000000 5.990000 -0.725795
950.000000 6.000000 -0.721114
950.000000 6.010000 -0.716166
950.000000 6.020000 -0.710946
950.000000 6.030000 -0.705449
950.000000 6.040000 -0.699672
950.000000 6.050000 -0.693610
950.000000 6.060000 -0.687259
950.000000 6.070000 -0.680616
950.000000 6.080000 -0.673676
950.000000 6.090000 -0.666436
950.000000 6.100000 -0.658892
950.000000 6.110000 -0.651040
950.000000 6.120000 -0.642876
950.000000 6.130000 -0.634398
950.000000 6.140000 -0.625602
950.000000 6.150000 -0.616484
950.000000 6.160000 -0.607042
950.000000 6.170000 -0.597272
950.000000 6.180000 -0.587171
950.000000 6.190000 -0.576737
950.000000 6.200000 -0.565967
950.000000 6.210000 -0.554858
950.000000 6.220000 -0.543409
950.000000 6.230000 -0.531616
950.000000 6.240000 -0.519478
950.000000 6.250000 -0.506992
950.000000 6.260000 -0.494157
950.000000 6.270000 -0.480972
950.000000 6.280000 -0.467434
950.000000 6.290000 -0.453543
950.000000 6.300000 -0.439296
950.000000 6.310000 -0.424694
950.000000 6.320000 -0.409736
950.000000 6.330000 -0.394420
950.000000 6.340000 -0.378746
950.000000 6.350000 -0.362715
950.000000 6.360000 -0.346326
950.000000 6.370000 -0.329579
950.000000 6.380000 -0.312474
950.000000 6.390000 -0.295012
950.000000 6.400000 -0.277194
950.000000 6.410000 -0.259021
950.000000 6.420000 -0.240494
950.000000 6.430000 -0.221613
950.000000 6.440000 -0.202382
950.000000 6.450000 -0.182801
950.000000 6.460000 -0.162873
950.000000 6.470000 -0.142600
950.000000 6.480000 -0.121984
950.000000 6.490000 -0.101028
950.000000 6.500000 -0.079735
950.000000 6.510000 -0.058108
950.000000 6.520000 -0.036150
950.000000 6.530000 -0.013866
950.000000 6.540000 0.008742
950.000000 6.550000 0.031669
950.000000 6.560000 0.054911
950.000000 6.570000 0.078463
950.000000 6.580000 0.102320
950.000000 6.590000 0.126479
950.000000 6.600000 0.150932
950.000000 6.610000 0.175676
950.000000 6.620000 0.200704
950.000000 6.630000 0.226010
950.000000 6.640000 0.251588
950.000000 6.650000 0.277433
950.000000 6.660000 0.303536
950.000000 6.670000 0.329893
950.000000 6.680000 0.356494
950.000000 6.690000 0.383334
950.000000 6.700000 0.410405
950.000000 6.710000 0.437699
950.000000 6.720000 0.465209
950.000000 6.730000 0.492925
950.000000 6.740000 0.520841
950.000000 6.750000 0.548947
950.000000 6.760000 0.577235
950.000000 6.770000 0.605695
950.000000 6.780000 0.634320
950.000000 6.790000 0.663099
950.000000 6.800000 0.692023
950.000000 6.810000 0.721082
950.000000 6.820000 0.750267
950.000000 6.830000 0.779568
950.000000 6.840000 0.808975
950.000000 6.850000 0.838477
950.000000 6.860000 0.868064
950.000000 6.870000 0.897725
950.000000 6.880000 0.927450
950.000000 6.890000 0.957227
950.000000 6.900000 0.987046
950.000000 6.910000 1.016896
950.000000 6.920000 1.046765
950.000000 6.930000 1.076643
950.000000 6.940000 1.106516
950.000000 6.950000 1.136375
950.000000 6.960000 1.166208
950.000000 6.970000 1.196002
950.000000 6.980000 1.225746
950.000000 6.990000 1.255428
950.000000 7.000000 1.285036
950.000000 7.010000 1.314559
950.000000 7.020000 1.343983
950.000000 7.030000 1.373298
950.000000 7.040000 1.402490
950.000000 7.050000 1.431548
950.000000 7.060000 1.460460
950.000000 7.070000 1.489213
950.000000 7.080000 1.517795
950.000000 7.090000 1.546195
950.000000 7.100000 1.574399
950.000000 7.110000 1.602396
950.000000 7.120000 1.630174
950.000000 7.130000 1.657721
950.000000 7.140000 1.685024
950.000000 7.150000 1.712072
950.000000 7.160000 1.738853
950.000000 7.170000 1.765354
950.000000 7.180000 1.791564
950.000000 7.190000 1.817472
950.000000 7.200000 1.843066
950.000000 7.210000 1.868334
950.000000 7.220000 1.893265
950.000000 7.230000 1.917847
950.000000 7.240000 1.942070
950.000000 7.250000 1.965923
950.000000 7.260000 1.989394
950.000000 7.270000 2.012473
950.000000 7.280000 2.035149
950.000000 7.290000 2.057411
950.000000 7.300000 2.079251
950.000000 7.310000 2.100656
950.000000 7.320000 2.121618
950.000000 7.330000 2.142127
950.000000 7.340000 2.162173
950.000000 7.350000 2.181747
950.000000 7.360000 2.200840
950.000000 7.370000 2.219442
950.000000 7.380000 2.237546
950.000000 7.390000 2.255142
950.000000 7.400000 2.272222
950.000000 7.410000 2.288779
950.000000 7.420000 2.304804
950.000000 7.430000 2.320290
950.000000 7.440000 2.335230
950.000000 7.450000 2.349617
950.000000 7.460000 2.363443
950.000000 7.470000 2.376703
950.000000 7.480000 2.389391
950.000000 7.490000 2.401499
950.000000 7.500000 2.413023
950.000000 7.510000 2.423957
950.000000 7.520000 2.434297
950.000000 7.530000 2.444036
950.000000 7.540000 2.453172
950.000000 7.550000 2.461698
950.000000 7.560000 2.469613
950.000000 7.570000 2.476911
950.000000 7.580000 2.483590
950.000000 7.590000 2.489646
950.000000 7.600000 2.495077
950.000000 7.610000 2.499881
950.000000 7.620000 2.504054
950.000000 7.630000 2.507597
950.000000 7.640000 2.510506
950.000000 7.650000 2.512781
950.000000 7.660000 2.514420
950.000000 7.670000 2.515425
950.000000 7.680000 2.515793
950.000000 7.690000 2.515525
950.000000 7.700000 2.514622
950.000000 7.710000 2.513085
950.000000 7.720000 2.510913
950.000000 7.730000 2.508109
950.000000 7.740000 2.504674
950.000000 7.750000 2.500610
950.000000 7.760000 2.495920
950.000000 7.770000 2.490605
950.000000 7.780000 2.484669
950.000000 7.790000 2.478115
950.000000 7.800000 2.470946
950.000000 7.810000 2.463166
950.000000 7.820000 2.454778
950.000000 7.830000 2.445788
950.000000 7.840000 2.436200
950.000000 7.850000 2.426018
950.000000 7.860000 2.415248
950.000000 7.870000 2.403894
950.000000 7.880000 2.391964
950.000000 7.890000 2.379462
950.000000 7.900000 2.366396
950.000000 7.910000 2.352770
950.000000 7.920000 2.338592
950.000000 7.930000 2.323870
950.000000 7.940000 2.308609
950.000000 7.950000 2.292818
950.000000 7.960000 2.276504
950.000000 7.970000 2.259674
950.000000 7.980000 2.242338
950.000000 7.990000 2.224503
950.000000 8.000000 2.206177
950.000000 8.010000 2.187371
950.000000 8.020000 2.168091
950.000000 8.030000 2.148347
950.000000 8.040000 2.128150
950.000000 8.050000 2.107507
950.000000 8.060000 2.086428
950.000000 8.070000 2.064924
950.000000 8.080000 2.043004
950.000000 8.090000 2.020679
950.000000 8.100000 1.997957
950.000000 8.110000 1.974851
950.000000 8.120000 1.951369
950.000000 8.130000 1.927524
950.000000 8.140000 1.903324
950.000000 8.150000 1.878782
950.000000 8.160000 1.853907
950.000000 8.170000 1.828712
950.000000 8.180000 1.803207
950.000000 8.190000 1.777403
950.000000 8.200000 1.751311
950.000000 8.210000 1.724943
950.000000 8.220000 1.698309
950.000000 8.230000 1.671422
950.000000 8.240000 1.644293
950.000000 8.250000 1.616933
950.000000 8.260000 1.589353
950.000000 8.270000 1.561566
950.000000 8.280000 1.533582
950.000000 8.290000 1.505413
950.000000 8.300000 1.477071
950.000000 8.310000 1.448566
950.000000 8.320000 1.419912
950.000000 8.330000 1.391118
950.000000 8.340000 1.362197
950.000000 8.350000 1.333160
950.000000 8.360000 1.304018
950.000000 8.370000 1.274783
950.000000 8.380000 1.245465
950.000000 8.390000 1.216076
950.000000 8.400000 1.186628
950.000000 8.410000 1.157131
950.000000 8.420000 1.127596
950.000000 8.430000 1.098034
950.000000 8.440000 1.068456
950.000000 8.450000 1.038873
950.000000 8.460000 1.009295
950.000000 8.470000 0.979734
950.000000 8.480000 0.950198
950.000000 8.490000 0.920699
950.000000 8.500000 0.891247
950.000000 8.510000 0.861851
950.000000 8.520000 0.832522
950.000000 8.530000 0.803270
950.000000 8.540000 0.774104
950.000000 8.550000 0.745034
950.000000 8.560000 0.716069
950.000000 8.570000 0.687218
950.000000 8.580000 0.658490
950.000000 8.590000 0.629895
950.000000 8.600000 0.601441
950.000000 8.610000 0.573136
950.000000 8.620000 0.544990
950.000000 8.630000 0.517010
950.000000 8.640000 0.489204
950.000000 8.650000 0.461580
950.000000 8.660000 0.434147
950.000000 8.670000 0.406910
950.000000 8.680000 0.379879
950.000000 8.690000 0.353060
950.000000 8.700000 0.326460
950.000000 8.710000 0.300085
950.000000 8.720000 0.273943
950.000000 8.730000 0.248040
950.000000 8.740000 0.222382
950.000000 8.750000 0.196975
950.000000 8.760000 0.171825
950.000000 8.770000 0.146938
950.000000 8.780000 0.122318
950.000000 8.790000 0.097972
950.000000 8.800000 0.073904
950.000000 8.810000 0.050119
950.000000 8.820000 0.026622
950.000000 8.830000 0.003417
950.000000 8.840000 -0.019491
950.000000 8.850000 -0.042099
950.000000 8.860000 -0.064403
950.000000 8.870000 -0.086399
950.000000 8.880000 -0.108083
950.000000 8.890000 -0.129452
950.000000 8.900000 -0.150504
950.000000 8.910000 -0.171235
950.000000 8.920000 -0.191642
950.000000 8.930000 -0.211724
950.000000 8.940000 -0.231477
950.000000 8.950000 -0.250901
950.000000 8.960000 -0.269992
950.000000 8.970000 -0.288749
950.000000 8.980000 -0.307170
950.000000 8.990000 -0.325255
950.000000 9.000000 -0.343002
950.000000 9.010000 -0.360409
950.000000 9.020000 -0.377477
950.000000 9.030000 -0.394204
950.000000 9.040000 -0.410590
950.000000 9.050000 -0.426634
950.000000 9.060000 -0.442337
950.000000 9.070000 -0.457698
950.000000 9.080000 -0.472718
950.000000 9.090000 -0.487397
950.000000 9.100000 -0.501734
950.000000 9.110000 -0.515732
950.000000 9.120000 -0.529391
950.000000 9.130000 -0.542711
950.000000 9.140000 -0.555694
950.000000 9.150000 -0.568341
950.000000 9.160000 -0.580653
950.000000 9.170000 -0.592631
950.000000 9.180000 -0.604278
950.000000 9.190000 -0.615595
950.000000 9.200000 -0.626584
950.000000 9.210000 -0.637246
950.000000 9.220000 -0.647585
950.000000 9.230000 -0.657602
950.000000 9.240000 -0.667299
950.000000 9.250000 -0.676679
950.000000 9.260000 -0.685744
950.000000 9.270000 -0.694497
950.000000 9.280000 -0.702942
950.000000 9.290000 -0.711079
950.000000 9.300000 -0.718914
950.000000 9.310000 -0.726447
950.000000 9.320000 -0.733684
950.000000 9.330000 -0.740626
950.000000 9.340000 -0.747277
950.000000 9.350000 -0.753640
950.000000 9.360000 -0.759720
950.000000 9.370000 -0.765518
950.000000 9.380000 -0.771039
950.000000 9.390000 -0.776286
950.000000 9.400000 -0.781263
950.000000 9.410000 -0.785974
950.000000 9.420000 -0.790422
950.000000 9.430000 -0.794612
950.000000 9.440000 -0.798546
950.000000 9.450000 -0.802229
950.000000 9.460000 -0.805666
950.000000 9.470000 -0.808858
950.000000 9.480000 -0.811812
950.000000 9.490000 -0.814531
950.000000 9.500000 -0.817018
950.000000 9.510000 -0.819278
950.000000 9.520000 -0.821315
950.000000 9.530000 -0.823134
950.000000 9.540000 -0.824738
950.000000 9.550000 -0.826131
950.000000 9.560000 -0.827318
950.000000 9.570000 -0.828302
950.000000 9.580000 -0.829089
950.000000 9.590000 -0.829681
950.000000 9.600000 -0.830084
950.000000 9.610000 -0.830301
950.000000 9.620000 -0.830337
950.000000 9.630000 -0.830196
950.000000 9.640000 -0.829882
950.000000 9.650000 -0.829399
950.000000 9.660000 -0.828751
950.000000 9.670000 -0.827943
950.000000 9.680000 -0.826978
950.000000 9.690000 -0.825861
950.000000 9.700000 -0.824595
950.000000 9.710000 -0.823185
950.000000 9.720000 -0.821635
950.000000 9.730000 -0.819949
950.000000 9.740000 -0.818130
950.000000 9.750000 -0.816183
950.000000 9.760000 -0.814111
950.000000 9.770000 -0.811919
950.000000 9.780000 -0.809611
950.000000 9.790000 -0.807189
950.000000 9.800000 -0.804659
950.000000 9.810000 -0.802023
950.000000 9.820000 -0.799285
950.000000 9.830000 -0.796450
950.000000 9.840000 -0.793520
950.000000 9.850000 -0.790499
950.000000 9.860000 -0.787391
950.000000 9.870000 -0.784200
950.000000 9.880000 -0.780928
950.000000 9.890000 -0.777580
950.000000 9.900000 -0.774157
950.000000 9.910000 -0.770665
950.000000 9.920000 -0.767106
950.000000 9.930000 -0.763483
950.000000 9.940000 -0.759800
950.000000 9.950000 -0.756059
950.000000 9.960000 -0.752264
950.000000 9.970000 -0.748418
950.000000 9.980000 -0.744524
950.000000 9.990000 -0.740584
950.000000 10.000000 -0.736601
950.000000 10.010000 -0.732579
950.000000 10.020000 -0.728521
950.000000 10.030000 -0.724427
950.000000 10.040000 -0.720303
950.000000 10.050000 -0.716149
950.000000 10.060000 -0.711969
950.000000 10.070000 -0.707766
950.000000 10.080000 -0.703541
950.000000 10.090000 -0.699296
950.000000 10.100000 -0.695036
950.000000 10.110000 -0.690761
950.000000 10.120000 -0.686473
950.000000 10.130000 -0.682176
950.000000 10.140000 -0.677871
950.000000 10.150000 -0.673561
950.000000 10.160000 -0.669247
950.000000 10.170000 -0.664931
950.000000 10.180000 -0.660615
950.000000 10.190000 -0.656301
950.000000 10.200000 -0.651992
950.000000 10.210000 -0.647688
950.000000 10.220000 -0.643392
950.000000 10.230000 -0.639104
950.000000 10.240000 -0.634828
950.000000 10.250000 -0.630564
950.000000 10.260000 -0.626313
950.000000 10.270000 -0.622078
950.000000 10.280000 -0.617860
950.000000 10.290000 -0.613660
950.000000 10.300000 -0.609479
950.000000 10.310000 -0.605319
950.000000 10.320000 -0.601181
950.000000 10.330000 -0.597067
950.000000 10.340000 -0.592976
950.000000 10.350000 -0.588911
950.000000 10.360000 -0.584873
950.000000 10.370000 -0.580862
950.000000 10.380000 -0.576880
950.000000 10.390000 -0.572927
950.000000 10.400000 -0.569004
950.000000 10.410000 -0.565112
950.000000 10.420000 -0.561253
950.000000 10.430000 -0.557426
950.000000 10.440000 -0.553632
950.000000 10.450000 -0.549873
950.000000 10.460000 -0.546149
950.000000 10.470000 -0.542460
950.000000 10.480000 -0.538806
950.000000 10.490000 -0.535190
950.000000 10.500000 -0.531610
950.000000 10.510000 -0.528068
950.000000 10.520000 -0.524564
950.000000 10.530000 -0.521098
950.000000 10.540000 -0.517671
950.000000 10.550000 -0.514282
950.000000 10.560000 -0.510933
950.000000 10.570000 -0.507624
950.000000 10.580000 -0.504354
950.000000 10.590000 -0.501124
950.000000 10.600000 -0.497935
950.000000 10.610000 -0.494786
950.000000 10.620000 -0.491677
950.000000 10.630000 -0.488609
950.000000 10.640000 -0.485581
950.000000 10.650000 -0.482594
950.000000 10.660000 -0.479648
950.000000 10.670000 -0.476742
950.000000 10.680000 -0.473877
950.000000 10.690000 -0.471053
950.000000 10.700000 -0.468268
950.000000 10.710000 -0.465524
950.000000 10.720000 -0.462821
950.000000 10.730000 -0.460157
950.000000 10.740000 -0.457533
950.000000 10.750000 -0.454949
950.000000 10.760000 -0.452404
950.000000 10.770000 -0.449899
950.000000 10.780000 -0.447432
950.000000 10.790000 -0.445004
950.000000 10.800000 -0.442614
950.000000 10.810000 -0.440263
950.000000 10.820000 -0.437949
950.000000 10.830000 -0.435672
950.000000 10.840000 -0.433433
950.000000 10.850000 -0.431230
950.000000 10.860000 -0.429063
950.000000 10.870000 -0.426932
950.000000 10.880000 -0.424837
950.000000 10.890000 -0.422776
950.000000 10.900000 -0.420750
950.000000 10.910000 -0.418758
950.000000 10.920000 -0.416799
950.000000 10.930000 -0.414874
950.000000 10.940000 -0.412980
950.000000 10.950000 -0.411119
950.000000 10.960000 -0.409289
950.000000 10.970000 -0.407490
950.000000 10.980000 -0.405722
950.000000 10.990000 -0.403983
950.000000 11.000000 -0.402273
950.000000 11.010000 -0.400592
950.000000 11.020000 -0.398939
950.000000 11.030000 -0.397313
950.000000 11.040000 -0.395714
950.000000 11.050000 -0.394140
950.000000 11.060000 -0.392592
950.000000 11.070000 -0.391069
950.000000 11.080000 -0.389570
950.000000 11.090000 -0.388094
950.000000 11.100000 -0.386641
950.000000 11.110000 -0.385210
950.000000 11.120000 -0.383800
950.000000 11.130000 -0.382411
950.000000 11.140000 -0.381041
950.000000 11.150000 -0.379691
950.000000 11.160000 -0.378359
950.000000 11.170000 -0.377044
950.000000 11.180000 -0.375746
950.000000 11.190000 -0.374464
950.000000 11.200000 -0.373197
950.000000 11.210000 -0.371945
950.000000 11.220000 -0.370706
950.000000 11.230000 -0.369480
950.000000 11.240000 -0.368266
950.000000 11.250000 -0.367064
950.000000 11.260000 -0.365871
950.000000 11.270000 -0.364688
950.000000 11.280000 -0.363513
950.000000 11.290000 -0.362346
950.000000 11.300000 -0.361186
950.000000 11.310000 -0.360032
950.000000 11.320000 -0.358883
950.000000 11.330000 -0.357737
950.000000 11.340000 -0.356596
950.000000 11.350000 -0.355456
950.000000 11.360000 -0.354318
950.000000 11.370000 -0.353180
950.000000 11.380000 -0.352042
950.000000 11.390000 -0.350902
950.000000 11.400000 -0.349759
950.000000 11.410000 -0.348614
950.000000 11.420000 -0.347463
950.000000 11.430000 -0.346308
950.000000 11.440000 -0.345146
950.000000 11.450000 -0.343976
950.000000 11.460000 -0.342798
950.000000 11.470000 -0.341610
950.000000 11.480000 -0.340412
950.000000 11.490000 -0.339203
950.000000 11.500000 -0.337980
950.000000 11.510000 -0.336744
950.000000 11.520000 -0.335493
950.000000 11.530000 -0.334227
950.000000 11.540000 -0.332943
950.000000 11.550000 -0.331641
950.000000 11.560000 -0.330320
950.000000 11.570000 -0.328979
950.000000 11.580000 -0.327617
950.000000 11.590000 -0.326232
950.000000 11.600000 -0.324824
950.000000 11.610000 -0.323390
950.000000 11.620000 -0.321931
950.000000 11.630000 -0.320445
950.000000 11.640000 -0.318931
950.000000 11.650000 -0.317387
950.000000 11.660000 -0.315813
950.000000 11.670000 -0.314208
950.000000 11.680000 -0.312570
950.000000 11.690000 -0.310898
950.000000 11.700000 -0.309190
950.000000 11.710000 -0.307447
950.000000 11.720000 -0.305666
950.000000 11.730000 -0.303847
950.000000 11.740000 -0.301988
950.000000 11.750000 -0.300088
950.000000 11.760000 -0.298146
950.000000 11.770000 -0.296161
950.000000 11.780000 -0.294131
950.000000 11.790000 -0.292056
950.000000 11.800000 -0.289934
950.000000 11.810000 -0.287765
950.000000 11.820000 -0.285547
950.000000 11.830000 -0.283279
950.000000 11.840000 -0.280959
950.000000 11.850000 -0.278587
950.000000 11.860000 -0.276162
950.000000 11.870000 -0.273683
950.000000 11.880000 -0.271148
950.000000 11.890000 -0.268556
950.000000 11.900000 -0.265907
950.000000 11.910000 -0.263199
950.000000 11.920000 -0.260432
950.000000 11.930000 -0.257603
950.000000 11.940000 -0.254713
950.000000 11.950000 -0.251761
950.000000 11.960000 -0.248745
950.000000 11.970000 -0.245664
950.000000 11.980000 -0.242517
950.000000 11.990000 -0.239305
950.000000 12.000000 -0.236025
950.000000 12.010000 -0.232677
950.000000 12.020000 -0.229260
950.000000 12.030000 -0.225774
950.000000 12.040000 -0.222217
950.000000 12.050000 -0.218589
950.000000 12.060000 -0.214889
950.000000 12.070000 -0.211116
950.000000 12.080000 -0.207271
950.000000 12.090000 -0.203351
950.000000 12.100000 -0.199357
950.000000 12.110000 -0.195289
950.000000 12.120000 -0.191144
950.000000 12.130000 -0.186924
950.000000 12.140000 -0.182628
950.000000 12.150000 -0.178255
950.000000 12.160000 -0.173805
950.000000 12.170000 -0.169277
950.000000 12.180000 -0.164672
950.000000 12.190000 -0.159989
950.000000 12.200000 -0.155228
950.000000 12.210000 -0.150389
950.000000 12.220000 -0.145472
950.000000 12.230000 -0.140476
950.000000 12.240000 -0.135402
950.000000 12.250000 -0.130250
950.000000 12.260000 -0.125020
950.000000 12.270000 -0.119712
950.000000 12.280000 -0.114326
950.000000 12.290000 -0.108863
950.000000 12.300000 -0.103322
950.000000 12.310000 -0.097705
950.000000 12.320000 -0.092011
950.000000 12.330000 -0.086242
950.000000 12.340000 -0.080397
950.000000 12.350000 -0.074477
950.000000 12.360000 -0.068483
950.000000 12.370000 -0.062416
950.000000 12.380000 -0.056277
950.000000 12.390000 -0.050065
950.000000 12.400000 -0.043782
950.000000 12.410000 -0.037430
950.000000 12.420000 -0.031008
950.000000 12.430000 -0.024519
950.000000 12.440000 -0.017963
950.000000 12.450000 -0.011341
950.000000 12.460000 -0.004654
950.000000 12.470000 0.002095
950.000000 12.480000 0.008907
950.000000 12.490000 0.015778
950.000000 12.500000 0.022709
950.000000 12.510000 0.029697
950.000000 12.520000 0.036741
950.000000 12.530000 0.043839
950.000000 12.540000 0.050989
950.000000 12.550000 0.058190
950.000000 12.560000 0.065440
950.000000 12.570000 0.072737
950.000000 12.580000 0.080079
950.000000 12.590000 0.087464
950.000000 12.600000 0.094890
950.000000 12.610000 0.102355
950.000000 12.620000 0.109856
950.000000 12.630000 0.117392
950.000000 12.640000 0.124961
950.000000 12.650000 0.132559
950.000000 12.660000 0.140186
950.000000 12.670000 0.147837
950.000000 12.680000 0.155511
950.000000 12.690000 0.163205
950.000000 12.700000 0.170917
950.000000 12.710000 0.178645
950.000000 12.720000 0.186384
950.000000 12.730000 0.194134
950.000000 12.740000 0.201891
950.000000 12.750000 0.209652
950.000000 12.760000 0.217414
950.000000 12.770000 0.225176
950.000000 12.780000 0.232933
950.000000 12.790000 0.240683
950.000000 12.800000 0.248423
950.000000 12.810000 0.256151
950.000000 12.820000 0.263862
950.000000 12.830000 0.271555
950.000000 12.840000 0.279226
950.000000 12.850000 0.286872
950.000000 12.860000 0.294489
950.000000 12.870000 0.302076
950.000000 12.880000 0.309629
950.000000 12.890000 0.317144
950.000000 12.900000 0.324618
950.000000 12.910000 0.332049
950.000000 12.920000 0.339433
950.000000 12.930000 0.346768
950.000000 12.940000 0.354049
950.000000 12.950000 0.361274
950.000000 12.960000 0.368439
950.000000 12.970000 0.375542
950.000000 12.980000 0.382579
950.000000 12.990000 0.389547
950.000000 13.000000 0.396443
950.000000 13.010000 0.403264
950.000000 13.020000 0.410006
950.000000 13.030000 0.416667
950.000000 13.040000 0.423244
950.000000 13.050000 0.429733
950.000000 13.060000 0.436132
950.000000 13.070000 0.442436
950.000000 13.080000 0.448645
950.000000 13.090000 0.454753
950.000000 13.100000 0.460759
950.000000 13.110000 0.466660
950.000000 13.120000 0.472452
950.000000 13.130000 0.478133
950.000000 13.140000 0.483700
950.000000 13.150000 0.489150
950.000000 13.160000 0.494481
950.000000 13.170000 0.499690
950.000000 13.180000 0.504774
950.000000 13.190000 0.509730
950.000000 13.200000 0.514557
950.000000 13.210000 0.519252
950.000000 13.220000 0.523811
950.000000 13.230000 0.528234
950.000000 13.240000 0.532517
950.000000 13.250000 0.536659
950.000000 13.260000 0.540656
950.000000 13.270000 0.544508
950.000000 13.280000 0.548212
950.000000 13.290000 0.551765
950.000000 13.300000 0.555167
950.000000 13.310000 0.558415
950.000000 13.320000 0.561507
950.000000 13.330000 0.564442
950.000000 13.340000 0.567218
950.000000 13.350000 0.569833
950.000000 13.360000 0.572286
950.000000 13.370000 0.574576
950.000000 13.380000 0.576701
950.000000 13.390000 0.578659
950.000000 13.400000 0.580451
950.000000 13.410000 0.582074
950.000000 13.420000 0.583528
950.000000 13.430000 0.584811
950.000000 13.440000 0.585923
950.000000 13.450000 0.586863
950.000000 13.460000 0.587630
950.000000 13.470000 0.588224
950.000000 13.480000 0.588644
950.000000 13.490000 0.588890
950.000000 13.500000 0.588961
950.000000 13.510000 0.588857
950.000000 13.520000 0.588578
950.000000 13.530000 0.588124
950.000000 13.540000 0.587495
950.000000 13.550000 0.586690
950.000000 13.560000 0.585711
950.000000 13.570000 0.584556
950.000000 13.580000 0.583227
950.000000 13.590000 0.581725
950.000000 13.600000 0.580048
950.000000 13.610000 0.578199
950.000000 13.620000 0.576177
950.000000 13.630000 0.573984
950.000000 13.640000 0.571620
950.000000 13.650000 0.569086
950.000000 13.660000 0.566384
950.000000 13.670000 0.563514
950.000000 13.680000 0.560477
950.000000 13.690000 0.557275
950.000000 13.700000 0.553909
950.000000 13.710000 0.550380
950.000000 13.720000 0.546691
950.000000 13.730000 0.542842
950.000000 13.740000 0.538834
950.000000 13.750000 0.534671
950.000000 13.760000 0.530353
950.000000 13.770000 0.525883
950.000000 13.780000 0.521262
950.000000 13.790000 0.516492
950.000000 13.800000 0.511576
950.000000 13.810000 0.506515
950.000000 13.820000 0.501312
950.000000 13.830000 0.495969
950.000000 13.840000 0.490488
950.000000 13.850000 0.484872
950.000000 13.860000 0.479122
950.000000 13.870000 0.473243
950.000000 13.880000 0.467235
950.000000 13.890000 0.461102
950.000000 13.900000 0.454846
950.000000 13.910000 0.448470
950.000000 13.920000 0.441977
950.000000 13.930000 0.435370
950.000000 13.940000 0.428651
950.000000 13.950000 0.421823
950.000000 13.960000 0.414890
950.000000 13.970000 0.407853
950.000000 13.980000 0.400717
950.000000 13.990000 0.393484
950.000000 14.000000 0.386158
950.000000 14.010000 0.378740
950.000000 14.020000 0.371236
950.000000 14.030000 0.363646
950.000000 14.040000 0.355976
950.000000 14.050000 0.348228
950.000000 14.060000 0.340405
950.000000 14.070000 0.332511
950.000000 14.080000 0.324548
950.000000 14.090000 0.316521
950.000000 14.100000 0.308432
950.000000 14.110000 0.300285
950.000000 14.120000 0.292083
950.000000 14.130000 0.283829
950.000000 14.140000 0.275527
950.000000 14.150000 0.267181
950.000000 14.160000 0.258792
950.000000 14.170000 0.250366
950.000000 14.180000 0.241904
950.000000 14.190000 0.233411
950.000000 14.200000 0.224890
950.000000 14.210000 0.216344
950.000000 14.220000 0.207776
950.000000 14.230000 0.199191
950.000000 14.240000 0.190590
950.000000 14.250000 0.181978
950.000000 14.260000 0.173358
950.000000 14.270000 0.164732
950.000000 14.280000 0.156104
950.000000 14.290000 0.147478
950.000000 14.300000 0.138857
950.000000 14.310000 0.130243
950.000000 14.320000 0.121640
950.000000 14.330000 0.113052
950.000000 14.340000 0.104480
950.000000 14.350000 0.095929
950.000000 14.360000 0.087400
950.000000 14.370000 0.078898
950.000000 14.380000 0.070425
950.000000 14.390000 0.061984
950.000000 14.400000 0.053578
950.000000 14.410000 0.045210
950.000000 14.420000 0.036883
950.000000 14.430000 0.028599
950.000000 14.440000 0.020361
950.000000 14.450000 0.012172
950.000000 14.460000 0.004034
950.000000 14.470000 -0.004050
950.000000 14.480000 -0.012077
950.000000 14.490000 -0.020045
950.000000 14.500000 -0.027951
950.000000 14.510000 -0.035794
950.000000 14.520000 -0.043570
950.000000 14.530000 -0.051278
950.000000 14.540000 -0.058915
950.000000 14.550000 -0.066479
950.000000 14.560000 -0.073968
950.000000 14.570000 -0.081379
950.000000 14.580000 -0.088712
950.000000 14.590000 -0.095963
950.000000 14.600000 -0.103131
950.000000 14.610000 -0.110214
950.000000 14.620000 -0.117211
950.000000 14.630000 -0.124119
950.000000 14.640000 -0.130936
950.000000 14.650000 -0.137662
950.000000 14.660000 -0.144295
950.000000 14.670000 -0.150832
950.000000 14.680000 -0.157274
950.000000 14.690000 -0.163618
950.000000 14.700000 -0.169862
950.000000 14.710000 -0.176007
950.000000 14.720000 -0.182050
950.000000 14.730000 -0.187991
950.000000 14.740000 -0.193827
950.000000 14.750000 -0.199560
950.000000 14.760000 -0.205186
950.000000 14.770000 -0.210707
950.000000 14.780000 -0.216120
950.000000 14.790000 -0.221424
950.000000 14.800000 -0.226621
950.000000 14.810000 -0.231707
950.000000 14.820000 -0.236684
950.000000 14.830000 -0.241550
950.000000 14.840000 -0.246306
950.000000 14.850000 -0.250950
950.000000 14.860000 -0.255482
950.000000 14.870000 -0.259902
950.000000 14.880000 -0.264210
950.000000 14.890000 -0.268406
950.000000 14.900000 -0.272490
950.000000 14.910000 -0.276461
950.000000 14.920000 -0.280319
950.000000 14.930000 -0.284065
950.000000 14.940000 -0.287699
950.000000 14.950000 -0.291221
950.000000 14.960000 -0.294631
950.000000 14.970000 -0.297930
950.000000 14.980000 -0.301117
950.000000 14.990000 -0.304193
950.000000 15.000000 -0.307160
