950.000000 -10.000000 0.005667
950.000000 -9.990000 0.005573
950.000000 -9.980000 0.005480
950.000000 -9.970000 0.005388
950.000000 -9.960000 0.005296
950.000000 -9.950000 0.005204
950.000000 -9.940000 0.005112
950.000000 -9.930000 0.005021
950.000000 -9.920000 0.004930
950.000000 -9.910000 0.004840
950.000000 -9.900000 0.004750
950.000000 -9.890000 0.004661
950.000000 -9.880000 0.004572
950.000000 -9.870000 0.004484
950.000000 -9.860000 0.004397
950.000000 -9.850000 0.004310
950.000000 -9.840000 0.004224
950.000000 -9.830000 0.004139
950.000000 -9.820000 0.004054
950.000000 -9.810000 0.003970
950.000000 -9.800000 0.003887
950.000000 -9.790000 0.003805
950.000000 -9.780000 0.003724
950.000000 -9.770000 0.003643
950.000000 -9.760000 0.003563
950.000000 -9.750000 0.003485
950.000000 -9.740000 0.003407
950.000000 -9.730000 0.003330
950.000000 -9.720000 0.003254
950.000000 -9.710000 0.003180
950.000000 -9.700000 0.003106
950.000000 -9.690000 0.003033
950.000000 -9.680000 0.002962
950.000000 -9.670000 0.002892
950.000000 -9.660000 0.002822
950.000000 -9.650000 0.002754
950.000000 -9.640000 0.002687
950.000000 -9.630000 0.002622
950.000000 -9.620000 0.002557
950.000000 -9.610000 0.002494
950.000000 -9.600000 0.002433
950.000000 -9.590000 0.002372
950.000000 -9.580000 0.002313
950.000000 -9.570000 0.002255
950.000000 -9.560000 0.002199
950.000000 -9.550000 0.002143
950.000000 -9.540000 0.002090
950.000000 -9.530000 0.002037
950.000000 -9.520000 0.001987
950.000000 -9.510000 0.001937
950.000000 -9.500000 0.001889
950.000000 -9.490000 0.001843
950.000000 -9.480000 0.001798
950.000000 -9.470000 0.001755
950.000000 -9.460000 0.001713
950.000000 -9.450000 0.001672
950.000000 -9.440000 0.001634
950.000000 -9.430000 0.001596
950.000000 -9.420000 0.001561
950.000000 -9.410000 0.001527
950.000000 -9.400000 0.001494
950.000000 -9.390000 0.001463
950.000000 -9.380000 0.001434
950.000000 -9.370000 0.001406
950.000000 -9.360000 0.001380
950.000000 -9.350000 0.001356
950.000000 -9.340000 0.001333
950.000000 -9.330000 0.001312
950.000000 -9.320000 0.001293
950.000000 -9.310000 0.001275
950.000000 -9.300000 0.001259
950.000000 -9.290000 0.001245
950.000000 -9.280000 0.001232
950.000000 -9.270000 0.001221
950.000000 -9.260000 0.001211
950.000000 -9.250000 0.001204
950.000000 -9.240000 0.001198
950.000000 -9.230000 0.001193
950.000000 -9.220000 0.001190
950.000000 -9.210000 0.001189
950.000000 -9.200000 0.001190
950.000000 -9.190000 0.001192
950.000000 -9.180000 0.001196
950.000000 -9.170000 0.001202
950.000000 -9.160000 0.001209
950.000000 -9.150000 0.001218
950.000000 -9.140000 0.001228
950.000000 -9.130000 0.001241
950.000000 -9.120000 0.001254
950.000000 -9.110000 0.001270
950.000000 -9.100000 0.001287
950.000000 -9.090000 0.001305
950.000000 -9.080000 0.001325
950.000000 -9.070000 0.001347
950.000000 -9.060000 0.001370
950.000000 -9.050000 0.001395
950.000000 -9.040000 0.001421
950.000000 -9.030000 0.001449
950.000000 -9.020000 0.001478
950.000000 -9.010000 0.001509
950.000000 -9.000000 0.001541
950.000000 -8.990000 0.001575
950.000000 -8.980000 0.001610
950.000000 -8.970000 0.001646
950.000000 -8.960000 0.001684
950.000000 -8.950000 0.001724
950.000000 -8.940000 0.001764
950.000000 -8.930000 0.001806
950.000000 -8.920000 0.001850
950.000000 -8.910000 0.001894
950.000000 -8.900000 0.001940
950.000000 -8.890000 0.001987
950.000000 -8.880000 0.002036
950.000000 -8.870000 0.002085
950.000000 -8.860000 0.002136
950.000000 -8.850000 0.002188
950.000000 -8.840000 0.002242
950.000000 -8.830000 0.002296
950.000000 -8.820000 0.002351
950.000000 -8.810000 0.002408
950.000000 -8.800000 0.002466
950.000000 -8.790000 0.002525
950.000000 -8.780000 0.002584
950.000000 -8.770000 0.002645
950.000000 -8.760000 0.002707
950.000000 -8.750000 0.002770
950.000000 -8.740000 0.002834
950.000000 -8.730000 0.002899
950.000000 -8.720000 0.002965
950.000000 -8.710000 0.003031
950.000000 -8.700000 0.003099
950.000000 -8.690000 0.003168
950.000000 -8.680000 0.003237
950.000000 -8.670000 0.003307
950.000000 -8.660000 0.003378
950.000000 -8.650000 0.003450
950.000000 -8.640000 0.003523
950.000000 -8.630000 0.003597
950.000000 -8.620000 0.003671
950.000000 -8.610000 0.003747
950.000000 -8.600000 0.003823
950.000000 -8.590000 0.003900
950.000000 -8.580000 0.003977
950.000000 -8.570000 0.004056
950.000000 -8.560000 0.004135
950.000000 -8.550000 0.004215
950.000000 -8.540000 0.004296
950.000000 -8.530000 0.004377
950.000000 -8.520000 0.004460
950.000000 -8.510000 0.004543
950.000000 -8.500000 0.004627
950.000000 -8.490000 0.004711
950.000000 -8.480000 0.004797
950.000000 -8.470000 0.004883
950.000000 -8.460000 0.004971
950.000000 -8.450000 0.005059
950.000000 -8.440000 0.005148
950.000000 -8.430000 0.005238
950.000000 -8.420000 0.005329
950.000000 -8.410000 0.005420
950.000000 -8.400000 0.005513
950.000000 -8.390000 0.005607
950.000000 -8.380000 0.005701
950.000000 -8.370000 0.005797
950.000000 -8.360000 0.005894
950.000000 -8.350000 0.005992
950.000000 -8.340000 0.006091
950.000000 -8.330000 0.006192
950.000000 -8.320000 0.006293
950.000000 -8.310000 0.006396
950.000000 -8.300000 0.006501
950.000000 -8.290000 0.006607
950.000000 -8.280000 0.006714
950.000000 -8.270000 0.006823
950.000000 -8.260000 0.006933
950.000000 -8.250000 0.007045
950.000000 -8.240000 0.007159
950.000000 -8.230000 0.007274
950.000000 -8.220000 0.007392
950.000000 -8.210000 0.007511
950.000000 -8.200000 0.007632
950.000000 -8.190000 0.007756
950.000000 -8.180000 0.007881
950.000000 -8.170000 0.008009
950.000000 -8.160000 0.008139
950.000000 -8.150000 0.008272
950.000000 -8.140000 0.008407
950.000000 -8.130000 0.008545
950.000000 -8.120000 0.008686
950.000000 -8.110000 0.008829
950.000000 -8.100000 0.008975
950.000000 -8.090000 0.009125
950.000000 -8.080000 0.009278
950.000000 -8.070000 0.009434
950.000000 -8.060000 0.009593
950.000000 -8.050000 0.009756
950.000000 -8.040000 0.009923
950.000000 -8.030000 0.010094
950.000000 -8.020000 0.010268
950.000000 -8.010000 0.010447
950.000000 -8.000000 0.010630
950.000000 -7.990000 0.010817
950.000000 -7.980000 0.011009
950.000000 -7.970000 0.011206
950.000000 -7.960000 0.011407
950.000000 -7.950000 0.011614
950.000000 -7.940000 0.011826
950.000000 -7.930000 0.012043
950.000000 -7.920000 0.012266
950.000000 -7.910000 0.012494
950.000000 -7.900000 0.012728
950.000000 -7.890000 0.012969
950.000000 -7.880000 0.013215
950.000000 -7.870000 0.013469
950.000000 -7.860000 0.013728
950.000000 -7.850000 0.013995
950.000000 -7.840000 0.014269
950.000000 -7.830000 0.014550
950.000000 -7.820000 0.014838
950.000000 -7.810000 0.015134
950.000000 -7.800000 0.015438
950.000000 -7.790000 0.015751
950.000000 -7.780000 0.016071
950.000000 -7.770000 0.016400
950.000000 -7.760000 0.016738
950.000000 -7.750000 0.017085
950.000000 -7.740000 0.017441
950.000000 -7.730000 0.017807
950.000000 -7.720000 0.018183
950.000000 -7.710000 0.018568
950.000000 -7.700000 0.018964
950.000000 -7.690000 0.019370
950.000000 -7.680000 0.019787
950.000000 -7.670000 0.020215
950.000000 -7.660000 0.020654
950.000000 -7.650000 0.021105
950.000000 -7.640000 0.021568
950.000000 -7.630000 0.022043
950.000000 -7.620000 0.022530
950.000000 -7.610000 0.023030
950.000000 -7.600000 0.023543
950.000000 -7.590000 0.024069
950.000000 -7.580000 0.024608
950.000000 -7.570000 0.025161
950.000000 -7.560000 0.025729
950.000000 -7.550000 0.026311
950.000000 -7.540000 0.026907
950.000000 -7.530000 0.027518
950.000000 -7.520000 0.028145
950.000000 -7.510000 0.028787
950.000000 -7.500000 0.029446
950.000000 -7.490000 0.030120
950.000000 -7.480000 0.030811
950.000000 -7.470000 0.031518
950.000000 -7.460000 0.032243
950.000000 -7.450000 0.032985
950.000000 -7.440000 0.033745
950.000000 -7.430000 0.034523
950.000000 -7.420000 0.035320
950.000000 -7.410000 0.036135
950.000000 -7.400000 0.036969
950.000000 -7.390000 0.037823
950.000000 -7.380000 0.038696
950.000000 -7.370000 0.039589
950.000000 -7.360000 0.040502
950.000000 -7.350000 0.041436
950.000000 -7.340000 0.042391
950.000000 -7.330000 0.043367
950.000000 -7.320000 0.044365
950.000000 -7.310000 0.045385
950.000000 -7.300000 0.046427
950.000000 -7.290000 0.047491
950.000000 -7.280000 0.048578
950.000000 -7.270000 0.049688
950.000000 -7.260000 0.050822
950.000000 -7.250000 0.051980
950.000000 -7.240000 0.053161
950.000000 -7.230000 0.054367
950.000000 -7.220000 0.055597
950.000000 -7.210000 0.056853
950.000000 -7.200000 0.058133
950.000000 -7.190000 0.059439
950.000000 -7.180000 0.060771
950.000000 -7.170000 0.062129
950.000000 -7.160000 0.063513
950.000000 -7.150000 0.064923
950.000000 -7.140000 0.066361
950.000000 -7.130000 0.067825
950.000000 -7.120000 0.069317
950.000000 -7.110000 0.070837
950.000000 -7.100000 0.072384
950.000000 -7.090000 0.073959
950.000000 -7.080000 0.075562
950.000000 -7.070000 0.077194
950.000000 -7.060000 0.078854
950.000000 -7.050000 0.080543
950.000000 -7.040000 0.082261
950.000000 -7.030000 0.084009
950.000000 -7.020000 0.085785
950.000000 -7.010000 0.087591
950.000000 -7.000000 0.089426
950.000000 -6.990000 0.091291
950.000000 -6.980000 0.093186
950.000000 -6.970000 0.095111
950.000000 -6.960000 0.097066
950.000000 -6.950000 0.099051
950.000000 -6.940000 0.101065
950.000000 -6.930000 0.103110
950.000000 -6.920000 0.105186
950.000000 -6.910000 0.107291
950.000000 -6.900000 0.109426
950.000000 -6.890000 0.111592
950.000000 -6.880000 0.113788
950.000000 -6.870000 0.116013
950.000000 -6.860000 0.118269
950.000000 -6.850000 0.120555
950.000000 -6.840000 0.122870
950.000000 -6.830000 0.125215
950.000000 -6.820000 0.127590
950.000000 -6.810000 0.129994
950.000000 -6.800000 0.132427
950.000000 -6.790000 0.134889
950.000000 -6.780000 0.137380
950.000000 -6.770000 0.139899
950.000000 -6.760000 0.142447
950.000000 -6.750000 0.145023
950.000000 -6.740000 0.147626
950.000000 -6.730000 0.150256
950.000000 -6.720000 0.152914
950.000000 -6.710000 0.155598
950.000000 -6.700000 0.158308
950.000000 -6.690000 0.161044
950.000000 -6.680000 0.163805
950.000000 -6.670000 0.166591
950.000000 -6.660000 0.169401
950.000000 -6.650000 0.172236
950.000000 -6.640000 0.175093
950.000000 -6.630000 0.177973
950.000000 -6.620000 0.180875
950.000000 -6.610000 0.183799
950.000000 -6.600000 0.186744
950.000000 -6.590000 0.189708
950.000000 -6.580000 0.192692
950.000000 -6.570000 0.195695
950.000000 -6.560000 0.198716
950.000000 -6.550000 0.201754
950.000000 -6.540000 0.204808
950.000000 -6.530000 0.207878
950.000000 -6.520000 0.210962
950.000000 -6.510000 0.214061
950.000000 -6.500000 0.217172
950.000000 -6.490000 0.220295
950.000000 -6.480000 0.223429
950.000000 -6.470000 0.226573
950.000000 -6.460000 0.229727
950.000000 -6.450000 0.232888
950.000000 -6.440000 0.236056
950.000000 -6.430000 0.239229
950.000000 -6.420000 0.242408
950.000000 -6.410000 0.245590
950.000000 -6.400000 0.248774
950.000000 -6.390000 0.251960
950.000000 -6.380000 0.255145
950.000000 -6.370000 0.258329
950.000000 -6.360000 0.261511
950.000000 -6.350000 0.264688
950.000000 -6.340000 0.267861
950.000000 -6.330000 0.271027
950.000000 -6.320000 0.274185
950.000000 -6.310000 0.277335
950.000000 -6.300000 0.280473
950.000000 -6.290000 0.283600
950.000000 -6.280000 0.286713
950.000000 -6.270000 0.289811
950.000000 -6.260000 0.292893
950.000000 -6.250000 0.295957
950.000000 -6.240000 0.299001
950.000000 -6.230000 0.302025
950.000000 -6.220000 0.305026
950.000000 -6.210000 0.308004
950.000000 -6.200000 0.310956
950.000000 -6.190000 0.313881
950.000000 -6.180000 0.316777
950.000000 -6.170000 0.319643
950.000000 -6.160000 0.322477
950.000000 -6.150000 0.325278
950.000000 -6.140000 0.328043
950.000000 -6.130000 0.330772
950.000000 -6.120000 0.333462
950.000000 -6.110000 0.336113
950.000000 -6.100000 0.338722
950.000000 -6.090000 0.341287
950.000000 -6.080000 0.343807
950.000000 -6.070000 0.346281
950.000000 -6.060000 0.348707
950.000000 -6.050000 0.351082
950.000000 -6.040000 0.353406
950.000000 -6.030000 0.355677
950.000000 -6.020000 0.357893
950.000000 -6.010000 0.360052
950.000000 -6.000000 0.362154
950.000000 -5.990000 0.364195
950.000000 -5.980000 0.366175
950.000000 -5.970000 0.368092
950.000000 -5.960000 0.369945
950.000000 -5.950000 0.371731
950.000000 -5.940000 0.373450
950.000000 -5.930000 0.375099
950.000000 -5.920000 0.376678
950.000000 -5.910000 0.378184
950.000000 -5.900000 0.379616
950.000000 -5.890000 0.380973
950.000000 -5.880000 0.382253
950.000000 -5.870000 0.383455
950.000000 -5.860000 0.384578
950.000000 -5.850000 0.385619
950.000000 -5.840000 0.386578
950.000000 -5.830000 0.387453
950.000000 -5.820000 0.388243
950.000000 -5.810000 0.388947
950.000000 -5.800000 0.389564
950.000000 -5.790000 0.390091
950.000000 -5.780000 0.390529
950.000000 -5.770000 0.390875
950.000000 -5.760000 0.391129
950.000000 -5.750000 0.391290
950.000000 -5.740000 0.391357
950.000000 -5.730000 0.391328
950.000000 -5.720000 0.391203
950.000000 -5.710000 0.390980
950.000000 -5.700000 0.390660
950.000000 -5.690000 0.390240
950.000000 -5.680000 0.389721
950.000000 -5.670000 0.389101
950.000000 -5.660000 0.388380
950.000000 -5.650000 0.387556
950.000000 -5.640000 0.386631
950.000000 -5.630000 0.385602
950.000000 -5.620000 0.384469
950.000000 -5.610000 0.383233
950.000000 -5.600000 0.381892
950.000000 -5.590000 0.380445
950.000000 -5.580000 0.378894
950.000000 -5.570000 0.377237
950.000000 -5.560000 0.375474
950.000000 -5.550000 0.373605
950.000000 -5.540000 0.371630
950.000000 -5.530000 0.369549
950.000000 -5.520000 0.367361
950.000000 -5.510000 0.365068
950.000000 -5.500000 0.362668
950.000000 -5.490000 0.360163
950.000000 -5.480000 0.357551
950.000000 -5.470000 0.354835
950.000000 -5.460000 0.352013
950.000000 -5.450000 0.349086
950.000000 -5.440000 0.346055
950.000000 -5.430000 0.342919
950.000000 -5.420000 0.339681
950.000000 -5.410000 0.336339
950.000000 -5.400000 0.332896
950.000000 -5.390000 0.329350
950.000000 -5.380000 0.325705
950.000000 -5.370000 0.321959
950.000000 -5.360000 0.318114
950.000000 -5.350000 0.314170
950.000000 -5.340000 0.310130
950.000000 -5.330000 0.305993
950.000000 -5.320000 0.301761
950.000000 -5.310000 0.297435
950.000000 -5.300000 0.293016
950.000000 -5.290000 0.288505
950.000000 -5.280000 0.283904
950.000000 -5.270000 0.279214
950.000000 -5.260000 0.274436
950.000000 -5.250000 0.269572
950.000000 -5.240000 0.264623
950.000000 -5.230000 0.259591
950.000000 -5.220000 0.254477
950.000000 -5.210000 0.249282
950.000000 -5.200000 0.244009
950.000000 -5.190000 0.238660
950.000000 -5.180000 0.233235
950.000000 -5.170000 0.227737
950.000000 -5.160000 0.222167
950.000000 -5.150000 0.216528
950.000000 -5.140000 0.210821
950.000000 -5.130000 0.205048
950.000000 -5.120000 0.199211
950.000000 -5.110000 0.193313
950.000000 -5.100000 0.187354
950.000000 -5.090000 0.181338
950.000000 -5.080000 0.175266
950.000000 -5.070000 0.169141
950.000000 -5.060000 0.162964
950.000000 -5.050000 0.156738
950.000000 -5.040000 0.150466
950.000000 -5.030000 0.144148
950.000000 -5.020000 0.137788
950.000000 -5.010000 0.131388
950.000000 -5.000000 0.124950
950.000000 -4.990000 0.118476
950.000000 -4.980000 0.111970
950.000000 -4.970000 0.105432
950.000000 -4.960000 0.098866
950.000000 -4.950000 0.092274
950.000000 -4.940000 0.085658
950.000000 -4.930000 0.079021
950.000000 -4.920000 0.072365
950.000000 -4.910000 0.065693
950.000000 -4.900000 0.059007
950.000000 -4.890000 0.052309
950.000000 -4.880000 0.045602
950.000000 -4.870000 0.038889
950.000000 -4.860000 0.032171
950.000000 -4.850000 0.025452
950.000000 -4.840000 0.018733
950.000000 -4.830000 0.012017
950.000000 -4.820000 0.005307
950.000000 -4.810000 -0.001394
950.000000 -4.800000 -0.008086
950.000000 -4.790000 -0.014765
950.000000 -4.780000 -0.021428
950.000000 -4.770000 -0.028074
950.000000 -4.760000 -0.034700
950.000000 -4.750000 -0.041304
950.000000 -4.740000 -0.047883
950.000000 -4.730000 -0.054434
950.000000 -4.720000 -0.060957
950.000000 -4.710000 -0.067448
950.000000 -4.700000 -0.073905
950.000000 -4.690000 -0.080326
950.000000 -4.680000 -0.086709
950.000000 -4.670000 -0.093052
950.000000 -4.660000 -0.099351
950.000000 -4.650000 -0.105607
950.000000 -4.640000 -0.111815
950.000000 -4.630000 -0.117974
950.000000 -4.620000 -0.124082
950.000000 -4.610000 -0.130138
950.000000 -4.600000 -0.136138
950.000000 -4.590000 -0.142082
950.000000 -4.580000 -0.147967
950.000000 -4.570000 -0.153791
950.000000 -4.560000 -0.159552
950.000000 -4.550000 -0.165250
950.000000 -4.540000 -0.170882
950.000000 -4.530000 -0.176445
950.000000 -4.520000 -0.181940
950.000000 -4.510000 -0.187363
950.000000 -4.500000 -0.192714
950.000000 -4.490000 -0.197991
950.000000 -4.480000 -0.203192
950.000000 -4.470000 -0.208317
950.000000 -4.460000 -0.213362
950.000000 -4.450000 -0.218328
950.000000 -4.440000 -0.223213
950.000000 -4.430000 -0.228016
950.000000 -4.420000 -0.232735
950.000000 -4.410000 -0.237369
950.000000 -4.400000 -0.241917
950.000000 -4.390000 -0.246378
950.000000 -4.380000 -0.250751
950.000000 -4.370000 -0.255036
950.000000 -4.360000 -0.259230
950.000000 -4.350000 -0.263334
950.000000 -4.340000 -0.267346
950.000000 -4.330000 -0.271265
950.000000 -4.320000 -0.275092
950.000000 -4.310000 -0.278824
950.000000 -4.300000 -0.282463
950.000000 -4.290000 -0.286006
950.000000 -4.280000 -0.289454
950.000000 -4.270000 -0.292806
950.000000 -4.260000 -0.296061
950.000000 -4.250000 -0.299219
950.000000 -4.240000 -0.302281
950.000000 -4.230000 -0.305245
950.000000 -4.220000 -0.308111
950.000000 -4.210000 -0.310879
950.000000 -4.200000 -0.313550
950.000000 -4.190000 -0.316122
950.000000 -4.180000 -0.318596
950.000000 -4.170000 -0.320972
950.000000 -4.160000 -0.323250
950.000000 -4.150000 -0.325430
950.000000 -4.140000 -0.327512
950.000000 -4.130000 -0.329497
950.000000 -4.120000 -0.331384
950.000000 -4.110000 -0.333173
950.000000 -4.100000 -0.334866
950.000000 -4.090000 -0.336463
950.000000 -4.080000 -0.337963
950.000000 -4.070000 -0.339368
950.000000 -4.060000 -0.340678
950.000000 -4.050000 -0.341893
950.000000 -4.040000 -0.343014
950.000000 -4.030000 -0.344041
950.000000 -4.020000 -0.344976
950.000000 -4.010000 -0.345819
950.000000 -4.000000 -0.346570
950.000000 -3.990000 -0.347230
950.000000 -3.980000 -0.347801
950.000000 -3.970000 -0.348282
950.000000 -3.960000 -0.348675
950.000000 -3.950000 -0.348981
950.000000 -3.940000 -0.349200
950.000000 -3.930000 -0.349334
950.000000 -3.920000 -0.349383
950.000000 -3.910000 -0.349348
950.000000 -3.900000 -0.349232
950.000000 -3.890000 -0.349033
950.000000 -3.880000 -0.348754
950.000000 -3.870000 -0.348396
950.000000 -3.860000 -0.347960
950.000000 -3.850000 -0.347446
950.000000 -3.840000 -0.346857
950.000000 -3.830000 -0.346193
950.000000 -3.820000 -0.345455
950.000000 -3.810000 -0.344645
950.000000 -3.800000 -0.343764
950.000000 -3.790000 -0.342813
950.000000 -3.780000 -0.341794
950.000000 -3.770000 -0.340708
950.000000 -3.760000 -0.339555
950.000000 -3.750000 -0.338338
950.000000 -3.740000 -0.337058
950.000000 -3.730000 -0.335716
950.000000 -3.720000 -0.334313
950.000000 -3.710000 -0.332851
950.000000 -3.700000 -0.331331
950.000000 -3.690000 -0.329754
950.000000 -3.680000 -0.328123
950.000000 -3.670000 -0.326437
950.000000 -3.660000 -0.324699
950.000000 -3.650000 -0.322911
950.000000 -3.640000 -0.321072
950.000000 -3.630000 -0.319186
950.000000 -3.620000 -0.317252
950.000000 -3.610000 -0.315274
950.000000 -3.600000 -0.313251
950.000000 -3.590000 -0.311185
950.000000 -3.580000 -0.309079
950.000000 -3.570000 -0.306932
950.000000 -3.560000 -0.304747
950.000000 -3.550000 -0.302525
950.000000 -3.540000 -0.300268
950.000000 -3.530000 -0.297976
950.000000 -3.520000 -0.295651
950.000000 -3.510000 -0.293294
950.000000 -3.500000 -0.290907
950.000000 -3.490000 -0.288491
950.000000 -3.480000 -0.286048
950.000000 -3.470000 -0.283578
950.000000 -3.460000 -0.281083
950.000000 -3.450000 -0.278565
950.000000 -3.440000 -0.276024
950.000000 -3.430000 -0.273462
950.000000 -3.420000 -0.270880
950.000000 -3.410000 -0.268280
950.000000 -3.400000 -0.265662
950.000000 -3.390000 -0.263028
950.000000 -3.380000 -0.260379
950.000000 -3.370000 -0.257716
950.000000 -3.360000 -0.255041
950.000000 -3.350000 -0.252354
950.000000 -3.340000 -0.249657
950.000000 -3.330000 -0.246951
950.000000 -3.320000 -0.244237
950.000000 -3.310000 -0.241516
950.000000 -3.300000 -0.238789
950.000000 -3.290000 -0.236057
950.000000 -3.280000 -0.233321
950.000000 -3.270000 -0.230583
950.000000 -3.260000 -0.227842
950.000000 -3.250000 -0.225101
950.000000 -3.240000 -0.222361
950.000000 -3.230000 -0.219621
950.000000 -3.220000 -0.216883
950.000000 -3.210000 -0.214149
950.000000 -3.200000 -0.211418
950.000000 -3.190000 -0.208692
950.000000 -3.180000 -0.205971
950.000000 -3.170000 -0.203257
950.000000 -3.160000 -0.200550
950.000000 -3.150000 -0.197851
950.000000 -3.140000 -0.195161
950.000000 -3.130000 -0.192480
950.000000 -3.120000 -0.189810
950.000000 -3.110000 -0.187150
950.000000 -3.100000 -0.184502
950.000000 -3.090000 -0.181866
950.000000 -3.080000 -0.179244
950.000000 -3.070000 -0.176634
950.000000 -3.060000 -0.174039
950.000000 -3.050000 -0.171459
950.000000 -3.040000 -0.168894
950.000000 -3.030000 -0.166344
950.000000 -3.020000 -0.163811
950.000000 -3.010000 -0.161295
950.000000 -3.000000 -0.158796
950.000000 -2.990000 -0.156315
950.000000 -2.980000 -0.153852
950.000000 -2.970000 -0.151408
950.000000 -2.960000 -0.148983
950.000000 -2.950000 -0.146577
950.000000 -2.940000 -0.144191
950.000000 -2.930000 -0.141825
950.000000 -2.920000 -0.139480
950.000000 -2.910000 -0.137155
950.000000 -2.900000 -0.134851
950.000000 -2.890000 -0.132569
950.000000 -2.880000 -0.130308
950.000000 -2.870000 -0.128068
950.000000 -2.860000 -0.125851
950.000000 -2.850000 -0.123656
950.000000 -2.840000 -0.121483
950.000000 -2.830000 -0.119333
950.000000 -2.820000 -0.117205
950.000000 -2.810000 -0.115100
950.000000 -2.800000 -0.113017
950.000000 -2.790000 -0.110958
950.000000 -2.780000 -0.108921
950.000000 -2.770000 -0.106908
950.000000 -2.760000 -0.104917
950.000000 -2.750000 -0.102950
950.000000 -2.740000 -0.101005
950.000000 -2.730000 -0.099084
950.000000 -2.720000 -0.097185
950.000000 -2.710000 -0.095310
950.000000 -2.700000 -0.093457
950.000000 -2.690000 -0.091627
950.000000 -2.680000 -0.089819
950.000000 -2.670000 -0.088035
950.000000 -2.660000 -0.086272
950.000000 -2.650000 -0.084532
950.000000 -2.640000 -0.082813
950.000000 -2.630000 -0.081117
950.000000 -2.620000 -0.079442
950.000000 -2.610000 -0.077789
950.000000 -2.600000 -0.076157
950.000000 -2.590000 -0.074546
950.000000 -2.580000 -0.072956
950.000000 -2.570000 -0.071387
950.000000 -2.560000 -0.069837
950.000000 -2.550000 -0.068308
950.000000 -2.540000 -0.066798
950.000000 -2.530000 -0.065307
950.000000 -2.520000 -0.063836
950.000000 -2.510000 -0.062383
950.000000 -2.500000 -0.060948
950.000000 -2.490000 -0.059532
950.000000 -2.480000 -0.058133
950.000000 -2.470000 -0.056751
950.000000 -2.460000 -0.055385
950.000000 -2.450000 -0.054036
950.000000 -2.440000 -0.052703
950.000000 -2.430000 -0.051385
950.000000 -2.420000 -0.050083
950.000000 -2.410000 -0.048795
950.000000 -2.400000 -0.047520
950.000000 -2.390000 -0.046260
950.000000 -2.380000 -0.045012
950.000000 -2.370000 -0.043777
950.000000 -2.360000 -0.042554
950.000000 -2.350000 -0.041343
950.000000 -2.340000 -0.040143
950.000000 -2.330000 -0.038953
950.000000 -2.320000 -0.037772
950.000000 -2.310000 -0.036602
950.000000 -2.300000 -0.035439
950.000000 -2.290000 -0.034285
950.000000 -2.280000 -0.033139
950.000000 -2.270000 -0.031999
950.000000 -2.260000 -0.030866
950.000000 -2.250000 -0.029738
950.000000 -2.240000 -0.028616
950.000000 -2.230000 -0.027497
950.000000 -2.220000 -0.026383
950.000000 -2.210000 -0.025272
950.000000 -2.200000 -0.024163
950.000000 -2.190000 -0.023055
950.000000 -2.180000 -0.021949
950.000000 -2.170000 -0.020843
950.000000 -2.160000 -0.019737
950.000000 -2.150000 -0.018630
950.000000 -2.140000 -0.017521
950.000000 -2.130000 -0.016409
950.000000 -2.120000 -0.015295
950.000000 -2.110000 -0.014176
950.000000 -2.100000 -0.013052
950.000000 -2.090000 -0.011923
950.000000 -2.080000 -0.010788
950.000000 -2.070000 -0.009645
950.000000 -2.060000 -0.008495
950.000000 -2.050000 -0.007336
950.000000 -2.040000 -0.006168
950.000000 -2.030000 -0.004990
950.000000 -2.020000 -0.003800
950.000000 -2.010000 -0.002599
950.000000 -2.000000 -0.001385
950.000000 -1.990000 -0.000158
950.000000 -1.980000 0.001084
950.000000 -1.970000 0.002341
950.000000 -1.960000 0.003614
950.000000 -1.950000 0.004904
950.000000 -1.940000 0.006212
950.000000 -1.930000 0.007538
950.000000 -1.920000 0.008884
950.000000 -1.910000 0.010250
950.000000 -1.900000 0.011637
950.000000 -1.890000 0.013047
950.000000 -1.880000 0.014479
950.000000 -1.870000 0.015936
950.000000 -1.860000 0.017418
950.000000 -1.850000 0.018925
950.000000 -1.840000 0.020460
950.000000 -1.830000 0.022021
950.000000 -1.820000 0.023612
950.000000 -1.810000 0.025232
950.000000 -1.800000 0.026883
950.000000 -1.790000 0.028565
950.000000 -1.780000 0.030280
950.000000 -1.770000 0.032029
950.000000 -1.760000 0.033811
950.000000 -1.750000 0.035629
950.000000 -1.740000 0.037484
950.000000 -1.730000 0.039376
950.000000 -1.720000 0.041306
950.000000 -1.710000 0.043276
950.000000 -1.700000 0.045286
950.000000 -1.690000 0.047338
950.000000 -1.680000 0.049432
950.000000 -1.670000 0.051570
950.000000 -1.660000 0.053752
950.000000 -1.650000 0.055980
950.000000 -1.640000 0.058254
950.000000 -1.630000 0.060576
950.000000 -1.620000 0.062947
950.000000 -1.610000 0.065368
950.000000 -1.600000 0.067839
950.000000 -1.590000 0.070362
950.000000 -1.580000 0.072938
950.000000 -1.570000 0.075568
950.000000 -1.560000 0.078253
950.000000 -1.550000 0.080994
950.000000 -1.540000 0.083793
950.000000 -1.530000 0.086650
950.000000 -1.520000 0.089566
950.000000 -1.510000 0.092542
950.000000 -1.500000 0.095580
950.000000 -1.490000 0.098680
950.000000 -1.480000 0.101844
950.000000 -1.470000 0.105073
950.000000 -1.460000 0.108368
950.000000 -1.450000 0.111729
950.000000 -1.440000 0.115158
950.000000 -1.430000 0.118657
950.000000 -1.420000 0.122225
950.000000 -1.410000 0.125864
950.000000 -1.400000 0.129575
950.000000 -1.390000 0.133360
950.000000 -1.380000 0.137218
950.000000 -1.370000 0.141152
950.000000 -1.360000 0.145162
950.000000 -1.350000 0.149250
950.000000 -1.340000 0.153415
950.000000 -1.330000 0.157660
950.000000 -1.320000 0.161985
950.000000 -1.310000 0.166391
950.000000 -1.300000 0.170880
950.000000 -1.290000 0.175451
950.000000 -1.280000 0.180107
950.000000 -1.270000 0.184847
950.000000 -1.260000 0.189673
950.000000 -1.250000 0.194586
950.000000 -1.240000 0.199587
950.000000 -1.230000 0.204675
950.000000 -1.220000 0.209853
950.000000 -1.210000 0.215121
950.000000 -1.200000 0.220480
950.000000 -1.190000 0.225930
950.000000 -1.180000 0.231473
950.000000 -1.170000 0.237108
950.000000 -1.160000 0.242837
950.000000 -1.150000 0.248661
950.000000 -1.140000 0.254579
950.000000 -1.130000 0.260592
950.000000 -1.120000 0.266702
950.000000 -1.110000 0.272908
950.000000 -1.100000 0.279211
950.000000 -1.090000 0.285611
950.000000 -1.080000 0.292110
950.000000 -1.070000 0.298706
950.000000 -1.060000 0.305401
950.000000 -1.050000 0.312194
950.000000 -1.040000 0.319086
950.000000 -1.030000 0.326078
950.000000 -1.020000 0.333169
950.000000 -1.010000 0.340359
950.000000 -1.000000 0.347648
950.000000 -0.990000 0.355037
950.000000 -0.980000 0.362526
950.000000 -0.970000 0.370113
950.000000 -0.960000 0.377799
950.000000 -0.950000 0.385584
950.000000 -0.940000 0.393468
950.000000 -0.930000 0.401450
950.000000 -0.920000 0.409529
950.000000 -0.910000 0.417706
950.000000 -0.900000 0.425979
950.000000 -0.890000 0.434348
950.000000 -0.880000 0.442813
950.000000 -0.870000 0.451372
950.000000 -0.860000 0.460025
950.000000 -0.850000 0.468771
950.000000 -0.840000 0.477609
950.000000 -0.830000 0.486538
950.000000 -0.820000 0.495557
950.000000 -0.810000 0.504664
950.000000 -0.800000 0.513858
950.000000 -0.790000 0.523139
950.000000 -0.780000 0.532504
950.000000 -0.770000 0.541952
950.000000 -0.760000 0.551481
950.000000 -0.750000 0.561091
950.000000 -0.740000 0.570778
950.000000 -0.730000 0.580542
950.000000 -0.720000 0.590379
950.000000 -0.710000 0.600289
950.000000 -0.700000 0.610270
950.000000 -0.690000 0.620318
950.000000 -0.680000 0.630431
950.000000 -0.670000 0.640608
950.000000 -0.660000 0.650846
950.000000 -0.650000 0.661142
950.000000 -0.640000 0.671494
950.000000 -0.630000 0.681899
950.000000 -0.620000 0.692354
950.000000 -0.610000 0.702856
950.000000 -0.600000 0.713402
950.000000 -0.590000 0.723990
950.000000 -0.580000 0.734615
950.000000 -0.570000 0.745275
950.000000 -0.560000 0.755966
950.000000 -0.550000 0.766685
950.000000 -0.540000 0.777428
950.000000 -0.530000 0.788192
950.000000 -0.520000 0.798973
950.000000 -0.510000 0.809767
950.000000 -0.500000 0.820570
950.000000 -0.490000 0.831378
950.000000 -0.480000 0.842188
950.000000 -0.470000 0.852994
950.000000 -0.460000 0.863793
950.000000 -0.450000 0.874581
950.000000 -0.440000 0.885353
950.000000 -0.430000 0.896104
950.000000 -0.420000 0.906830
950.000000 -0.410000 0.917527
950.000000 -0.400000 0.928189
950.000000 -0.390000 0.938812
950.000000 -0.380000 0.949391
950.000000 -0.370000 0.959921
950.000000 -0.360000 0.970397
950.000000 -0.350000 0.980814
950.000000 -0.340000 0.991167
950.000000 -0.330000 1.001450
950.000000 -0.320000 1.011659
950.000000 -0.310000 1.021788
950.000000 -0.300000 1.031832
950.000000 -0.290000 1.041786
950.000000 -0.280000 1.051643
950.000000 -0.270000 1.061398
950.000000 -0.260000 1.071047
950.000000 -0.250000 1.080583
950.000000 -0.240000 1.090001
950.000000 -0.230000 1.099294
950.000000 -0.220000 1.108458
950.000000 -0.210000 1.117487
950.000000 -0.200000 1.126375
950.000000 -0.190000 1.135116
950.000000 -0.180000 1.143704
950.000000 -0.170000 1.152134
950.000000 -0.160000 1.160400
950.000000 -0.150000 1.168496
950.000000 -0.140000 1.176417
950.000000 -0.130000 1.184156
950.000000 -0.120000 1.191707
950.000000 -0.110000 1.199066
950.000000 -0.100000 1.206226
950.000000 -0.090000 1.213181
950.000000 -0.080000 1.219927
950.000000 -0.070000 1.226456
950.000000 -0.060000 1.232763
950.000000 -0.050000 1.238844
950.000000 -0.040000 1.244692
950.000000 -0.030000 1.250301
950.000000 -0.020000 1.255667
950.000000 -0.010000 1.260783
950.000000 -0.000000 1.265645
950.000000 0.010000 1.270247
950.000000 0.020000 1.274583
950.000000 0.030000 1.278649
950.000000 0.040000 1.282440
950.000000 0.050000 1.285950
950.000000 0.060000 1.289175
950.000000 0.070000 1.292109
950.000000 0.080000 1.294747
950.000000 0.090000 1.297086
950.000000 0.100000 1.299121
950.000000 0.110000 1.300846
950.000000 0.120000 1.302259
950.000000 0.130000 1.303353
950.000000 0.140000 1.304126
950.000000 0.150000 1.304573
950.000000 0.160000 1.304690
950.000000 0.170000 1.304473
950.000000 0.180000 1.303919
950.000000 0.190000 1.303025
950.000000 0.200000 1.301786
950.000000 0.210000 1.300200
950.000000 0.220000 1.298264
950.000000 0.230000 1.295974
950.000000 0.240000 1.293328
950.000000 0.250000 1.290323
950.000000 0.260000 1.286956
950.000000 0.270000 1.283226
950.000000 0.280000 1.279129
950.000000 0.290000 1.274665
950.000000 0.300000 1.269831
950.000000 0.310000 1.264626
950.000000 0.320000 1.259047
950.000000 0.330000 1.253095
950.000000 0.340000 1.246767
950.000000 0.350000 1.240062
950.000000 0.360000 1.232981
950.000000 0.370000 1.225522
950.000000 0.380000 1.217685
950.000000 0.390000 1.209469
950.000000 0.400000 1.200875
950.000000 0.410000 1.191903
950.000000 0.420000 1.182554
950.000000 0.430000 1.172827
950.000000 0.440000 1.162723
950.000000 0.450000 1.152245
950.000000 0.460000 1.141391
950.000000 0.470000 1.130165
950.000000 0.480000 1.118567
950.000000 0.490000 1.106600
950.000000 0.500000 1.094265
950.000000 0.510000 1.081564
950.000000 0.520000 1.068500
950.000000 0.530000 1.055075
950.000000 0.540000 1.041292
950.000000 0.550000 1.027154
950.000000 0.560000 1.012664
950.000000 0.570000 0.997826
950.000000 0.580000 0.982642
950.000000 0.590000 0.967117
950.000000 0.600000 0.951254
950.000000 0.610000 0.935058
950.000000 0.620000 0.918533
950.000000 0.630000 0.901682
950.000000 0.640000 0.884512
950.000000 0.650000 0.867027
950.000000 0.660000 0.849231
950.000000 0.670000 0.831131
950.000000 0.680000 0.812731
950.000000 0.690000 0.794036
950.000000 0.700000 0.775053
950.000000 0.710000 0.755788
950.000000 0.720000 0.736246
950.000000 0.730000 0.716433
950.000000 0.740000 0.696357
950.000000 0.750000 0.676023
950.000000 0.760000 0.655438
950.000000 0.770000 0.634609
950.000000 0.780000 0.613544
950.000000 0.790000 0.592248
950.000000 0.800000 0.570729
950.000000 0.810000 0.548994
950.000000 0.820000 0.527052
950.000000 0.830000 0.504909
950.000000 0.840000 0.482573
950.000000 0.850000 0.460053
950.000000 0.860000 0.437355
950.000000 0.870000 0.414489
950.000000 0.880000 0.391461
950.000000 0.890000 0.368281
950.000000 0.900000 0.344957
950.000000 0.910000 0.321497
950.000000 0.920000 0.297909
950.000000 0.930000 0.274202
950.000000 0.940000 0.250385
950.000000 0.950000 0.226466
950.000000 0.960000 0.202454
950.000000 0.970000 0.178358
950.000000 0.980000 0.154186
950.000000 0.990000 0.129948
950.000000 1.000000 0.105653
950.000000 1.010000 0.081308
950.000000 1.020000 0.056924
950.000000 1.030000 0.032509
950.000000 1.040000 0.008072
950.000000 1.050000 -0.016377
950.000000 1.060000 -0.040831
950.000000 1.070000 -0.065279
950.000000 1.080000 -0.089713
950.000000 1.090000 -0.114124
950.000000 1.100000 -0.138503
950.000000 1.110000 -0.162841
950.000000 1.120000 -0.187130
950.000000 1.130000 -0.211359
950.000000 1.140000 -0.235521
950.000000 1.150000 -0.259607
950.000000 1.160000 -0.283608
950.000000 1.170000 -0.307516
950.000000 1.180000 -0.331321
950.000000 1.190000 -0.355016
950.000000 1.200000 -0.378591
950.000000 1.210000 -0.402039
950.000000 1.220000 -0.425351
950.000000 1.230000 -0.448519
950.000000 1.240000 -0.471535
950.000000 1.250000 -0.494391
950.000000 1.260000 -0.517079
950.000000 1.270000 -0.539591
950.000000 1.280000 -0.561920
950.000000 1.290000 -0.584057
950.000000 1.300000 -0.605997
950.000000 1.310000 -0.627730
950.000000 1.320000 -0.649250
950.000000 1.330000 -0.670550
950.000000 1.340000 -0.691623
950.000000 1.350000 -0.712462
950.000000 1.360000 -0.733061
950.000000 1.370000 -0.753412
950.000000 1.380000 -0.773510
950.000000 1.390000 -0.793349
950.000000 1.400000 -0.812922
950.000000 1.410000 -0.832223
950.000000 1.420000 -0.851247
950.000000 1.430000 -0.869989
950.000000 1.440000 -0.888442
950.000000 1.450000 -0.906601
950.000000 1.460000 -0.924462
950.000000 1.470000 -0.942019
950.000000 1.480000 -0.959268
950.000000 1.490000 -0.976205
950.000000 1.500000 -0.992824
950.000000 1.510000 -1.009122
950.000000 1.520000 -1.025094
950.000000 1.530000 -1.040738
950.000000 1.540000 -1.056048
950.000000 1.550000 -1.071023
950.000000 1.560000 -1.085658
950.000000 1.570000 -1.099950
950.000000 1.580000 -1.113897
950.000000 1.590000 -1.127496
950.000000 1.600000 -1.140744
950.000000 1.610000 -1.153639
950.000000 1.620000 -1.166178
950.000000 1.630000 -1.178361
950.000000 1.640000 -1.190185
950.000000 1.650000 -1.201648
950.000000 1.660000 -1.212749
950.000000 1.670000 -1.223487
950.000000 1.680000 -1.233861
950.000000 1.690000 -1.243870
950.000000 1.700000 -1.253514
950.000000 1.710000 -1.262791
950.000000 1.720000 -1.271702
950.000000 1.730000 -1.280246
950.000000 1.740000 -1.288424
950.000000 1.750000 -1.296236
950.000000 1.760000 -1.303682
950.000000 1.770000 -1.310763
950.000000 1.780000 -1.317479
950.000000 1.790000 -1.323832
950.000000 1.800000 -1.329823
950.000000 1.810000 -1.335452
950.000000 1.820000 -1.340722
950.000000 1.830000 -1.345633
950.000000 1.840000 -1.350188
950.000000 1.850000 -1.354389
950.000000 1.860000 -1.358237
950.000000 1.870000 -1.361735
950.000000 1.880000 -1.364885
950.000000 1.890000 -1.367689
950.000000 1.900000 -1.370151
950.000000 1.910000 -1.372273
950.000000 1.920000 -1.374058
950.000000 1.930000 -1.375508
950.000000 1.940000 -1.376628
950.000000 1.950000 -1.377420
950.000000 1.960000 -1.377888
950.000000 1.970000 -1.378035
950.000000 1.980000 -1.377865
950.000000 1.990000 -1.377382
950.000000 2.000000 -1.376590
950.000000 2.010000 -1.375492
950.000000 2.020000 -1.374093
950.000000 2.030000 -1.372396
950.000000 2.040000 -1.370407
950.000000 2.050000 -1.368129
950.000000 2.060000 -1.365567
950.000000 2.070000 -1.362725
950.000000 2.080000 -1.359608
950.000000 2.090000 -1.356220
950.000000 2.100000 -1.352567
950.000000 2.110000 -1.348654
950.000000 2.120000 -1.344484
950.000000 2.130000 -1.340063
950.000000 2.140000 -1.335396
950.000000 2.150000 -1.330489
950.000000 2.160000 -1.325345
950.000000 2.170000 -1.319970
950.000000 2.180000 -1.314370
950.000000 2.190000 -1.308550
950.000000 2.200000 -1.302514
950.000000 2.210000 -1.296269
950.000000 2.220000 -1.289819
950.000000 2.230000 -1.283170
950.000000 2.240000 -1.276327
950.000000 2.250000 -1.269296
950.000000 2.260000 -1.262081
950.000000 2.270000 -1.254689
950.000000 2.280000 -1.247125
950.000000 2.290000 -1.239393
950.000000 2.300000 -1.231501
950.000000 2.310000 -1.223452
950.000000 2.320000 -1.215252
950.000000 2.330000 -1.206908
950.000000 2.340000 -1.198423
950.000000 2.350000 -1.189804
950.000000 2.360000 -1.181055
950.000000 2.370000 -1.172183
950.000000 2.380000 -1.163192
950.000000 2.390000 -1.154088
950.000000 2.400000 -1.144876
950.000000 2.410000 -1.135561
950.000000 2.420000 -1.126148
950.000000 2.430000 -1.116642
950.000000 2.440000 -1.107049
950.000000 2.450000 -1.097374
950.000000 2.460000 -1.087621
950.000000 2.470000 -1.077796
950.000000 2.480000 -1.067904
950.000000 2.490000 -1.057949
950.000000 2.500000 -1.047935
950.000000 2.510000 -1.037869
950.000000 2.520000 -1.027755
950.000000 2.530000 -1.017597
950.000000 2.540000 -1.007399
950.000000 2.550000 -0.997167
950.000000 2.560000 -0.986905
950.000000 2.570000 -0.976617
950.000000 2.580000 -0.966308
950.000000 2.590000 -0.955982
950.000000 2.600000 -0.945643
950.000000 2.610000 -0.935294
950.000000 2.620000 -0.924941
950.000000 2.630000 -0.914588
950.000000 2.640000 -0.904237
950.000000 2.650000 -0.893893
950.000000 2.660000 -0.883560
950.000000 2.670000 -0.873241
950.000000 2.680000 -0.862941
950.000000 2.690000 -0.852661
950.000000 2.700000 -0.842407
950.000000 2.710000 -0.832181
950.000000 2.720000 -0.821987
950.000000 2.730000 -0.811827
950.000000 2.740000 -0.801706
950.000000 2.750000 -0.791625
950.000000 2.760000 -0.781589
950.000000 2.770000 -0.771599
950.000000 2.780000 -0.761659
950.000000 2.790000 -0.751771
950.000000 2.800000 -0.741939
950.000000 2.810000 -0.732164
950.000000 2.820000 -0.722449
950.000000 2.830000 -0.712797
950.000000 2.840000 -0.703210
950.000000 2.850000 -0.693690
950.000000 2.860000 -0.684239
950.000000 2.870000 -0.674859
950.000000 2.880000 -0.665553
950.000000 2.890000 -0.656322
950.000000 2.900000 -0.647168
950.000000 2.910000 -0.638094
950.000000 2.920000 -0.629100
950.000000 2.930000 -0.620188
950.000000 2.940000 -0.611360
950.000000 2.950000 -0.602617
950.000000 2.960000 -0.593961
950.000000 2.970000 -0.585393
950.000000 2.980000 -0.576915
950.000000 2.990000 -0.568527
950.000000 3.000000 -0.560230
950.000000 3.010000 -0.552027
950.000000 3.020000 -0.543917
950.000000 3.030000 -0.535901
950.000000 3.040000 -0.527981
950.000000 3.050000 -0.520157
950.000000 3.060000 -0.512430
950.000000 3.070000 -0.504801
950.000000 3.080000 -0.497269
950.000000 3.090000 -0.489837
950.000000 3.100000 -0.482503
950.000000 3.110000 -0.475269
950.000000 3.120000 -0.468136
950.000000 3.130000 -0.461102
950.000000 3.140000 -0.454169
950.000000 3.150000 -0.447336
950.000000 3.160000 -0.440605
950.000000 3.170000 -0.433974
950.000000 3.180000 -0.427444
950.000000 3.190000 -0.421016
950.000000 3.200000 -0.414688
950.000000 3.210000 -0.408461
950.000000 3.220000 -0.402334
950.000000 3.230000 -0.396308
950.000000 3.240000 -0.390383
950.000000 3.250000 -0.384557
950.000000 3.260000 -0.378831
950.000000 3.270000 -0.373204
950.000000 3.280000 -0.367676
950.000000 3.290000 -0.362247
950.000000 3.300000 -0.356916
950.000000 3.310000 -0.351682
950.000000 3.320000 -0.346545
950.000000 3.330000 -0.341505
950.000000 3.340000 -0.336561
950.000000 3.350000 -0.331712
950.000000 3.360000 -0.326957
950.000000 3.370000 -0.322297
950.000000 3.380000 -0.317730
950.000000 3.390000 -0.313256
950.000000 3.400000 -0.308873
950.000000 3.410000 -0.304582
950.000000 3.420000 -0.300381
950.000000 3.430000 -0.296269
950.000000 3.440000 -0.292247
950.000000 3.450000 -0.288312
950.000000 3.460000 -0.284465
950.000000 3.470000 -0.280703
950.000000 3.480000 -0.277028
950.000000 3.490000 -0.273436
950.000000 3.500000 -0.269929
950.000000 3.510000 -0.266504
950.000000 3.520000 -0.263161
950.000000 3.530000 -0.259899
950.000000 3.540000 -0.256717
950.000000 3.550000 -0.253614
950.000000 3.560000 -0.250589
950.000000 3.570000 -0.247642
950.000000 3.580000 -0.244771
950.000000 3.590000 -0.241975
950.000000 3.600000 -0.239253
950.000000 3.610000 -0.236606
950.000000 3.620000 -0.234030
950.000000 3.630000 -0.231527
950.000000 3.640000 -0.229094
950.000000 3.650000 -0.226731
950.000000 3.660000 -0.224436
950.000000 3.670000 -0.222210
950.000000 3.680000 -0.220050
950.000000 3.690000 -0.217957
950.000000 3.700000 -0.215929
950.000000 3.710000 -0.213965
950.000000 3.720000 -0.212064
950.000000 3.730000 -0.210225
950.000000 3.740000 -0.208449
950.000000 3.750000 -0.206732
950.000000 3.760000 -0.205076
950.000000 3.770000 -0.203479
950.000000 3.780000 -0.201939
950.000000 3.790000 -0.200457
950.000000 3.800000 -0.199031
950.000000 3.810000 -0.197661
950.000000 3.820000 -0.196346
950.000000 3.830000 -0.195084
950.000000 3.840000 -0.193876
950.000000 3.850000 -0.192720
950.000000 3.860000 -0.191616
950.000000 3.870000 -0.190562
950.000000 3.880000 -0.189559
950.000000 3.890000 -0.188605
950.000000 3.900000 -0.187699
950.000000 3.910000 -0.186842
950.000000 3.920000 -0.186032
950.000000 3.930000 -0.185268
950.000000 3.940000 -0.184550
950.000000 3.950000 -0.183878
950.000000 3.960000 -0.183250
950.000000 3.970000 -0.182666
950.000000 3.980000 -0.182125
950.000000 3.990000 -0.181627
950.000000 4.000000 -0.181171
950.000000 4.010000 -0.180757
950.000000 4.020000 -0.180384
950.000000 4.030000 -0.180051
950.000000 4.040000 -0.179757
950.000000 4.050000 -0.179503
950.000000 4.060000 -0.179288
950.000000 4.070000 -0.179112
950.000000 4.080000 -0.178973
950.000000 4.090000 -0.178871
950.000000 4.100000 -0.178806
950.000000 4.110000 -0.178777
950.000000 4.120000 -0.178785
950.000000 4.130000 -0.178827
950.000000 4.140000 -0.178905
950.000000 4.150000 -0.179018
950.000000 4.160000 -0.179164
950.000000 4.170000 -0.179344
950.000000 4.180000 -0.179558
950.000000 4.190000 -0.179805
950.000000 4.200000 -0.180084
950.000000 4.210000 -0.180396
950.000000 4.220000 -0.180740
950.000000 4.230000 -0.181115
950.000000 4.240000 -0.181521
950.000000 4.250000 -0.181958
950.000000 4.260000 -0.182426
950.000000 4.270000 -0.182925
950.000000 4.280000 -0.183453
950.000000 4.290000 -0.184011
950.000000 4.300000 -0.184598
950.000000 4.310000 -0.185214
950.000000 4.320000 -0.185860
950.000000 4.330000 -0.186533
950.000000 4.340000 -0.187236
950.000000 4.350000 -0.187966
950.000000 4.360000 -0.188724
950.000000 4.370000 -0.189509
950.000000 4.380000 -0.190322
950.000000 4.390000 -0.191162
950.000000 4.400000 -0.192029
950.000000 4.410000 -0.192923
950.000000 4.420000 -0.193843
950.000000 4.430000 -0.194789
950.000000 4.440000 -0.195762
950.000000 4.450000 -0.196760
950.000000 4.460000 -0.197783
950.000000 4.470000 -0.198832
950.000000 4.480000 -0.199907
950.000000 4.490000 -0.201006
950.000000 4.500000 -0.202130
950.000000 4.510000 -0.203279
950.000000 4.520000 -0.204452
950.000000 4.530000 -0.205649
950.000000 4.540000 -0.206870
950.000000 4.550000 -0.208116
950.000000 4.560000 -0.209385
950.000000 4.570000 -0.210677
950.000000 4.580000 -0.211993
950.000000 4.590000 -0.213333
950.000000 4.600000 -0.214695
950.000000 4.610000 -0.216080
950.000000 4.620000 -0.217487
950.000000 4.630000 -0.218917
950.000000 4.640000 -0.220370
950.000000 4.650000 -0.221844
950.000000 4.660000 -0.223341
950.000000 4.670000 -0.224859
950.000000 4.680000 -0.226399
950.000000 4.690000 -0.227960
950.000000 4.700000 -0.229543
950.000000 4.710000 -0.231146
950.000000 4.720000 -0.232770
950.000000 4.730000 -0.234415
950.000000 4.740000 -0.236081
950.000000 4.750000 -0.237766
950.000000 4.760000 -0.239472
950.000000 4.770000 -0.241198
950.000000 4.780000 -0.242943
950.000000 4.790000 -0.244707
950.000000 4.800000 -0.246491
950.000000 4.810000 -0.248294
950.000000 4.820000 -0.250116
950.000000 4.830000 -0.251956
950.000000 4.840000 -0.253814
950.000000 4.850000 -0.255691
950.000000 4.860000 -0.257585
950.000000 4.870000 -0.259497
950.000000 4.880000 -0.261426
950.000000 4.890000 -0.263372
950.000000 4.900000 -0.265335
950.000000 4.910000 -0.267314
950.000000 4.920000 -0.269309
950.000000 4.930000 -0.271320
950.000000 4.940000 -0.273347
950.000000 4.950000 -0.275388
950.000000 4.960000 -0.277445
950.000000 4.970000 -0.279516
950.000000 4.980000 -0.281601
950.000000 4.990000 -0.283699
950.000000 5.000000 -0.285812
950.000000 5.010000 -0.287936
950.000000 5.020000 -0.290074
950.000000 5.030000 -0.292223
950.000000 5.040000 -0.294384
950.000000 5.050000 -0.296557
950.000000 5.060000 -0.298739
950.000000 5.070000 -0.300932
950.000000 5.080000 -0.303135
950.000000 5.090000 -0.305347
950.000000 5.100000 -0.307567
950.000000 5.110000 -0.309795
950.000000 5.120000 -0.312031
950.000000 5.130000 -0.314273
950.000000 5.140000 -0.316522
950.000000 5.150000 -0.318776
950.000000 5.160000 -0.321035
950.000000 5.170000 -0.323298
950.000000 5.180000 -0.325564
950.000000 5.190000 -0.327833
950.000000 5.200000 -0.330104
950.000000 5.210000 -0.332375
950.000000 5.220000 -0.334647
950.000000 5.230000 -0.336919
950.000000 5.240000 -0.339189
950.000000 5.250000 -0.341456
950.000000 5.260000 -0.343720
950.000000 5.270000 -0.345980
950.000000 5.280000 -0.348234
950.000000 5.290000 -0.350482
950.000000 5.300000 -0.352722
950.000000 5.310000 -0.354954
950.000000 5.320000 -0.357177
950.000000 5.330000 -0.359388
950.000000 5.340000 -0.361588
950.000000 5.350000 -0.363774
950.000000 5.360000 -0.365946
950.000000 5.370000 -0.368101
950.000000 5.380000 -0.370240
950.000000 5.390000 -0.372361
950.000000 5.400000 -0.374461
950.000000 5.410000 -0.376540
950.000000 5.420000 -0.378596
950.000000 5.430000 -0.380628
950.000000 5.440000 -0.382634
950.000000 5.450000 -0.384613
950.000000 5.460000 -0.386562
950.000000 5.470000 -0.388481
950.000000 5.480000 -0.390367
950.000000 5.490000 -0.392220
950.000000 5.500000 -0.394036
950.000000 5.510000 -0.395814
950.000000 5.520000 -0.397552
950.000000 5.530000 -0.399249
950.000000 5.540000 -0.400903
950.000000 5.550000 -0.402511
950.000000 5.560000 -0.404072
950.000000 5.570000 -0.405583
950.000000 5.580000 -0.407042
950.000000 5.590000 -0.408448
950.000000 5.600000 -0.409797
950.000000 5.610000 -0.411089
950.000000 5.620000 -0.412320
950.000000 5.630000 -0.413489
950.000000 5.640000 -0.414593
950.000000 5.650000 -0.415629
950.000000 5.660000 -0.416596
950.000000 5.670000 -0.417491
950.000000 5.680000 -0.418312
950.000000 5.690000 -0.419055
950.000000 5.700000 -0.419719
950.000000 5.710000 -0.420301
950.000000 5.720000 -0.420799
950.000000 5.730000 -0.421210
950.000000 5.740000 -0.421531
950.000000 5.750000 -0.421759
950.000000 5.760000 -0.421893
950.000000 5.770000 -0.421929
950.000000 5.780000 -0.421865
950.000000 5.790000 -0.421697
950.000000 5.800000 -0.421424
950.000000 5.810000 -0.421043
950.000000 5.820000 -0.420550
950.000000 5.830000 -0.419943
950.000000 5.840000 -0.419219
950.000000 5.850000 -0.418375
950.000000 5.860000 -0.417410
950.000000 5.870000 -0.416318
950.000000 5.880000 -0.415099
950.000000 5.890000 -0.413749
950.000000 5.900000 -0.412265
950.000000 5.910000 -0.410645
950.000000 5.920000 -0.408885
950.000000 5.930000 -0.406984
950.000000 5.940000 -0.404937
950.000000 5.950000 -0.402743
950.000000 5.960000 -0.400399
950.000000 5.970000 -0.397901
950.000000 5.980000 -0.395247
950.000000 5.990000 -0.392435
950.000000 6.000000 -0.389462
950.000000 6.010000 -0.386325
950.000000 6.020000 -0.383021
950.000000 6.030000 -0.379548
950.000000 6.040000 -0.375904
950.000000 6.050000 -0.372085
950.000000 6.060000 -0.368090
950.000000 6.070000 -0.363916
950.000000 6.080000 -0.359560
950.000000 6.090000 -0.355021
950.000000 6.100000 -0.350295
950.000000 6.110000 -0.345381
950.000000 6.120000 -0.340277
950.000000 6.130000 -0.334980
950.000000 6.140000 -0.329488
950.000000 6.150000 -0.323800
950.000000 6.160000 -0.317913
950.000000 6.170000 -0.311825
950.000000 6.180000 -0.305536
950.000000 6.190000 -0.299042
950.000000 6.200000 -0.292343
950.000000 6.210000 -0.285437
950.000000 6.220000 -0.278323
950.000000 6.230000 -0.270998
950.000000 6.240000 -0.263463
950.000000 6.250000 -0.255714
950.000000 6.260000 -0.247753
950.000000 6.270000 -0.239577
950.000000 6.280000 -0.231185
950.000000 6.290000 -0.222577
950.000000 6.300000 -0.213753
950.000000 6.310000 -0.204711
950.000000 6.320000 -0.195451
950.000000 6.330000 -0.185972
950.000000 6.340000 -0.176275
950.000000 6.350000 -0.166360
950.000000 6.360000 -0.156225
950.000000 6.370000 -0.145872
950.000000 6.380000 -0.135300
950.000000 6.390000 -0.124511
950.000000 6.400000 -0.113504
950.000000 6.410000 -0.102279
950.000000 6.420000 -0.090839
950.000000 6.430000 -0.079183
950.000000 6.440000 -0.067312
950.000000 6.450000 -0.055228
950.000000 6.460000 -0.042932
950.000000 6.470000 -0.030426
950.000000 6.480000 -0.017710
950.000000 6.490000 -0.004786
950.000000 6.500000 0.008343
950.000000 6.510000 0.021676
950.000000 6.520000 0.035211
950.000000 6.530000 0.048945
950.000000 6.540000 0.062877
950.000000 6.550000 0.077003
950.000000 6.560000 0.091321
950.000000 6.570000 0.105829
950.000000 6.580000 0.120523
950.000000 6.590000 0.135400
950.000000 6.600000 0.150457
950.000000 6.610000 0.165692
950.000000 6.620000 0.181099
950.000000 6.630000 0.196676
950.000000 6.640000 0.212419
950.000000 6.650000 0.228325
950.000000 6.660000 0.244388
950.000000 6.670000 0.260605
950.000000 6.680000 0.276971
950.000000 6.690000 0.293483
950.000000 6.700000 0.310136
950.000000 6.710000 0.326924
950.000000 6.720000 0.343843
950.000000 6.730000 0.360889
950.000000 6.740000 0.378055
950.000000 6.750000 0.395337
950.000000 6.760000 0.412730
950.000000 6.770000 0.430228
950.000000 6.780000 0.447826
950.000000 6.790000 0.465518
950.000000 6.800000 0.483297
950.000000 6.810000 0.501160
950.000000 6.820000 0.519098
950.000000 6.830000 0.537107
950.000000 6.840000 0.555179
950.000000 6.850000 0.573310
950.000000 6.860000 0.591491
950.000000 6.870000 0.609718
950.000000 6.880000 0.627983
950.000000 6.890000 0.646280
950.000000 6.900000 0.664602
950.000000 6.910000 0.682942
950.000000 6.920000 0.701294
950.000000 6.930000 0.719650
950.000000 6.940000 0.738004
950.000000 6.950000 0.756348
950.000000 6.960000 0.774676
950.000000 6.970000 0.792980
950.000000 6.980000 0.811253
950.000000 6.990000 0.829487
950.000000 7.000000 0.847676
950.000000 7.010000 0.865813
950.000000 7.020000 0.883889
950.000000 7.030000 0.901898
950.000000 7.040000 0.919832
950.000000 7.050000 0.937684
950.000000 7.060000 0.955447
950.000000 7.070000 0.973112
950.000000 7.080000 0.990672
950.000000 7.090000 1.008121
950.000000 7.100000 1.025451
950.000000 7.110000 1.042653
950.000000 7.120000 1.059722
950.000000 7.130000 1.076649
950.000000 7.140000 1.093428
950.000000 7.150000 1.110051
950.000000 7.160000 1.126510
950.000000 7.170000 1.142798
950.000000 7.180000 1.158910
950.000000 7.190000 1.174836
950.000000 7.200000 1.190570
950.000000 7.210000 1.206106
950.000000 7.220000 1.221436
950.000000 7.230000 1.236553
950.000000 7.240000 1.251450
950.000000 7.250000 1.266122
950.000000 7.260000 1.280560
950.000000 7.270000 1.294760
950.000000 7.280000 1.308713
950.000000 7.290000 1.322415
950.000000 7.300000 1.335858
950.000000 7.310000 1.349036
950.000000 7.320000 1.361944
950.000000 7.330000 1.374576
950.000000 7.340000 1.386925
950.000000 7.350000 1.398986
950.000000 7.360000 1.410754
950.000000 7.370000 1.422223
950.000000 7.380000 1.433387
950.000000 7.390000 1.444242
950.000000 7.400000 1.454783
950.000000 7.410000 1.465004
950.000000 7.420000 1.474902
950.000000 7.430000 1.484470
950.000000 7.440000 1.493706
950.000000 7.450000 1.502604
950.000000 7.460000 1.511161
950.000000 7.470000 1.519373
950.000000 7.480000 1.527235
950.000000 7.490000 1.534745
950.000000 7.500000 1.541898
950.000000 7.510000 1.548692
950.000000 7.520000 1.555123
950.000000 7.530000 1.561188
950.000000 7.540000 1.566886
950.000000 7.550000 1.572212
950.000000 7.560000 1.577165
950.000000 7.570000 1.581743
950.000000 7.580000 1.585943
950.000000 7.590000 1.589764
950.000000 7.600000 1.593204
950.000000 7.610000 1.596261
950.000000 7.620000 1.598934
950.000000 7.630000 1.601223
950.000000 7.640000 1.603126
950.000000 7.650000 1.604643
950.000000 7.660000 1.605772
950.000000 7.670000 1.606514
950.000000 7.680000 1.606869
950.000000 7.690000 1.606836
950.000000 7.700000 1.606416
950.000000 7.710000 1.605610
950.000000 7.720000 1.604417
950.000000 7.730000 1.602838
950.000000 7.740000 1.600876
950.000000 7.750000 1.598530
950.000000 7.760000 1.595802
950.000000 7.770000 1.592694
950.000000 7.780000 1.589208
950.000000 7.790000 1.585344
950.000000 7.800000 1.581106
950.000000 7.810000 1.576496
950.000000 7.820000 1.571516
950.000000 7.830000 1.566168
950.000000 7.840000 1.560456
950.000000 7.850000 1.554383
950.000000 7.860000 1.547951
950.000000 7.870000 1.541163
950.000000 7.880000 1.534024
950.000000 7.890000 1.526537
950.000000 7.900000 1.518706
950.000000 7.910000 1.510534
950.000000 7.920000 1.502025
950.000000 7.930000 1.493185
950.000000 7.940000 1.484016
950.000000 7.950000 1.474525
950.000000 7.960000 1.464714
950.000000 7.970000 1.454590
950.000000 7.980000 1.444157
950.000000 7.990000 1.433419
950.000000 8.000000 1.422383
950.000000 8.010000 1.411053
950.000000 8.020000 1.399436
950.000000 8.030000 1.387535
950.000000 8.040000 1.375358
950.000000 8.050000 1.362909
950.000000 8.060000 1.350195
950.000000 8.070000 1.337221
950.000000 8.080000 1.323993
950.000000 8.090000 1.310519
950.000000 8.100000 1.296803
950.000000 8.110000 1.282852
950.000000 8.120000 1.268672
950.000000 8.130000 1.254270
950.000000 8.140000 1.239653
950.000000 8.150000 1.224826
950.000000 8.160000 1.209797
950.000000 8.170000 1.194572
950.000000 8.180000 1.179158
950.000000 8.190000 1.163561
950.000000 8.200000 1.147789
950.000000 8.210000 1.131848
950.000000 8.220000 1.115746
950.000000 8.230000 1.099488
950.000000 8.240000 1.083082
950.000000 8.250000 1.066536
950.000000 8.260000 1.049855
950.000000 8.270000 1.033047
950.000000 8.280000 1.016120
950.000000 8.290000 0.999079
950.000000 8.300000 0.981932
950.000000 8.310000 0.964686
950.000000 8.320000 0.947348
950.000000 8.330000 0.929925
950.000000 8.340000 0.912423
950.000000 8.350000 0.894851
950.000000 8.360000 0.877214
950.000000 8.370000 0.859520
950.000000 8.380000 0.841775
950.000000 8.390000 0.823987
950.000000 8.400000 0.806161
950.000000 8.410000 0.788306
950.000000 8.420000 0.770427
950.000000 8.430000 0.752531
950.000000 8.440000 0.734624
950.000000 8.450000 0.716715
950.000000 8.460000 0.698807
950.000000 8.470000 0.680909
950.000000 8.480000 0.663027
950.000000 8.490000 0.645166
950.000000 8.500000 0.627333
950.000000 8.510000 0.609535
950.000000 8.520000 0.591776
950.000000 8.530000 0.574064
950.000000 8.540000 0.556403
950.000000 8.550000 0.538801
950.000000 8.560000 0.521262
950.000000 8.570000 0.503792
950.000000 8.580000 0.486397
950.000000 8.590000 0.469082
950.000000 8.600000 0.451852
950.000000 8.610000 0.434714
950.000000 8.620000 0.417671
950.000000 8.630000 0.400728
950.000000 8.640000 0.383892
950.000000 8.650000 0.367167
950.000000 8.660000 0.350556
950.000000 8.670000 0.334066
950.000000 8.680000 0.317700
950.000000 8.690000 0.301463
950.000000 8.700000 0.285359
950.000000 8.710000 0.269393
950.000000 8.720000 0.253567
950.000000 8.730000 0.237887
950.000000 8.740000 0.222356
950.000000 8.750000 0.206978
950.000000 8.760000 0.191756
950.000000 8.770000 0.176694
950.000000 8.780000 0.161795
950.000000 8.790000 0.147062
950.000000 8.800000 0.132498
950.000000 8.810000 0.118107
950.000000 8.820000 0.103892
950.000000 8.830000 0.089854
950.000000 8.840000 0.075997
950.000000 8.850000 0.062323
950.000000 8.860000 0.048834
950.000000 8.870000 0.035533
950.000000 8.880000 0.022423
950.000000 8.890000 0.009503
950.000000 8.900000 -0.003222
950.000000 8.910000 -0.015752
950.000000 8.920000 -0.028084
950.000000 8.930000 -0.040218
950.000000 8.940000 -0.052151
950.000000 8.950000 -0.063883
950.000000 8.960000 -0.075412
950.000000 8.970000 -0.086738
950.000000 8.980000 -0.097858
950.000000 8.990000 -0.108773
950.000000 9.000000 -0.119482
950.000000 9.010000 -0.129983
950.000000 9.020000 -0.140277
950.000000 9.030000 -0.150362
950.000000 9.040000 -0.160239
950.000000 9.050000 -0.169908
950.000000 9.060000 -0.179367
950.000000 9.070000 -0.188618
950.000000 9.080000 -0.197660
950.000000 9.090000 -0.206493
950.000000 9.100000 -0.215118
950.000000 9.110000 -0.223535
950.000000 9.120000 -0.231744
950.000000 9.130000 -0.239746
950.000000 9.140000 -0.247541
950.000000 9.150000 -0.255131
950.000000 9.160000 -0.262516
950.000000 9.170000 -0.269696
950.000000 9.180000 -0.276673
950.000000 9.190000 -0.283448
950.000000 9.200000 -0.290022
950.000000 9.210000 -0.296396
950.000000 9.220000 -0.302571
950.000000 9.230000 -0.308549
950.000000 9.240000 -0.314330
950.000000 9.250000 -0.319918
950.000000 9.260000 -0.325311
950.000000 9.270000 -0.330514
950.000000 9.280000 -0.335526
950.000000 9.290000 -0.340351
950.000000 9.300000 -0.344988
950.000000 9.310000 -0.349441
950.000000 9.320000 -0.353711
950.000000 9.330000 -0.357801
950.000000 9.340000 -0.361711
950.000000 9.350000 -0.365444
950.000000 9.360000 -0.369002
950.000000 9.370000 -0.372387
950.000000 9.380000 -0.375602
950.000000 9.390000 -0.378647
950.000000 9.400000 -0.381526
950.000000 9.410000 -0.384241
950.000000 9.420000 -0.386794
950.000000 9.430000 -0.389187
950.000000 9.440000 -0.391423
950.000000 9.450000 -0.393503
950.000000 9.460000 -0.395431
950.000000 9.470000 -0.397209
950.000000 9.480000 -0.398838
950.000000 9.490000 -0.400322
950.000000 9.500000 -0.401662
950.000000 9.510000 -0.402862
950.000000 9.520000 -0.403924
950.000000 9.530000 -0.404850
950.000000 9.540000 -0.405643
950.000000 9.550000 -0.406304
950.000000 9.560000 -0.406838
950.000000 9.570000 -0.407246
950.000000 9.580000 -0.407530
950.000000 9.590000 -0.407694
950.000000 9.600000 -0.407739
950.000000 9.610000 -0.407669
950.000000 9.620000 -0.407485
950.000000 9.630000 -0.407191
950.000000 9.640000 -0.406788
950.000000 9.650000 -0.406280
950.000000 9.660000 -0.405668
950.000000 9.670000 -0.404955
950.000000 9.680000 -0.404144
950.000000 9.690000 -0.403237
950.000000 9.700000 -0.402237
950.000000 9.710000 -0.401145
950.000000 9.720000 -0.399965
950.000000 9.730000 -0.398699
950.000000 9.740000 -0.397348
950.000000 9.750000 -0.395916
950.000000 9.760000 -0.394405
950.000000 9.770000 -0.392817
950.000000 9.780000 -0.391155
950.000000 9.790000 -0.389420
950.000000 9.800000 -0.387615
950.000000 9.810000 -0.385742
950.000000 9.820000 -0.383804
950.000000 9.830000 -0.381802
950.000000 9.840000 -0.379739
950.000000 9.850000 -0.377617
950.000000 9.860000 -0.375438
950.000000 9.870000 -0.373204
950.000000 9.880000 -0.370917
950.000000 9.890000 -0.368579
950.000000 9.900000 -0.366193
950.000000 9.910000 -0.363759
950.000000 9.920000 -0.361281
950.000000 9.930000 -0.358759
950.000000 9.940000 -0.356196
950.000000 9.950000 -0.353594
950.000000 9.960000 -0.350955
950.000000 9.970000 -0.348280
950.000000 9.980000 -0.345571
950.000000 9.990000 -0.342829
950.000000 10.000000 -0.340057
950.000000 10.010000 -0.337257
950.000000 10.020000 -0.334429
950.000000 10.030000 -0.331575
950.000000 10.040000 -0.328698
950.000000 10.050000 -0.325798
950.000000 10.060000 -0.322877
950.000000 10.070000 -0.319936
950.000000 10.080000 -0.316978
950.000000 10.090000 -0.314002
950.000000 10.100000 -0.311012
950.000000 10.110000 -0.308007
950.000000 10.120000 -0.304990
950.000000 10.130000 -0.301962
950.000000 10.140000 -0.298924
950.000000 10.150000 -0.295876
950.000000 10.160000 -0.292821
950.000000 10.170000 -0.289760
950.000000 10.180000 -0.286693
950.000000 10.190000 -0.283622
950.000000 10.200000 -0.280548
950.000000 10.210000 -0.277472
950.000000 10.220000 -0.274394
950.000000 10.230000 -0.271316
950.000000 10.240000 -0.268240
950.000000 10.250000 -0.265165
950.000000 10.260000 -0.262092
950.000000 10.270000 -0.259023
950.000000 10.280000 -0.255959
950.000000 10.290000 -0.252899
950.000000 10.300000 -0.249846
950.000000 10.310000 -0.246799
950.000000 10.320000 -0.243760
950.000000 10.330000 -0.240729
950.000000 10.340000 -0.237706
950.000000 10.350000 -0.234693
950.000000 10.360000 -0.231691
950.000000 10.370000 -0.228699
950.000000 10.380000 -0.225719
950.000000 10.390000 -0.222750
950.000000 10.400000 -0.219794
950.000000 10.410000 -0.216851
950.000000 10.420000 -0.213921
950.000000 10.430000 -0.211005
950.000000 10.440000 -0.208104
950.000000 10.450000 -0.205217
950.000000 10.460000 -0.202346
950.000000 10.470000 -0.199491
950.000000 10.480000 -0.196651
950.000000 10.490000 -0.193828
950.000000 10.500000 -0.191022
950.000000 10.510000 -0.188232
950.000000 10.520000 -0.185460
950.000000 10.530000 -0.182706
950.000000 10.540000 -0.179969
950.000000 10.550000 -0.177251
950.000000 10.560000 -0.174551
950.000000 10.570000 -0.171870
950.000000 10.580000 -0.169207
950.000000 10.590000 -0.166564
950.000000 10.600000 -0.163940
950.000000 10.610000 -0.161335
950.000000 10.620000 -0.158750
950.000000 10.630000 -0.156184
950.000000 10.640000 -0.153639
950.000000 10.650000 -0.151113
950.000000 10.660000 -0.148608
950.000000 10.670000 -0.146122
950.000000 10.680000 -0.143657
950.000000 10.690000 -0.141212
950.000000 10.700000 -0.138788
950.000000 10.710000 -0.136384
950.000000 10.720000 -0.134001
950.000000 10.730000 -0.131638
950.000000 10.740000 -0.129296
950.000000 10.750000 -0.126975
950.000000 10.760000 -0.124674
950.000000 10.770000 -0.122394
950.000000 10.780000 -0.120135
950.000000 10.790000 -0.117897
950.000000 10.800000 -0.115680
950.000000 10.810000 -0.113483
950.000000 10.820000 -0.111307
950.000000 10.830000 -0.109153
950.000000 10.840000 -0.107018
950.000000 10.850000 -0.104905
950.000000 10.860000 -0.102813
950.000000 10.870000 -0.100741
950.000000 10.880000 -0.098690
950.000000 10.890000 -0.096660
950.000000 10.900000 -0.094651
950.000000 10.910000 -0.092662
950.000000 10.920000 -0.090695
950.000000 10.930000 -0.088748
950.000000 10.940000 -0.086822
950.000000 10.950000 -0.084916
950.000000 10.960000 -0.083032
950.000000 10.970000 -0.081168
950.000000 10.980000 -0.079325
950.000000 10.990000 -0.077502
950.000000 11.000000 -0.075701
950.000000 11.010000 -0.073920
950.000000 11.020000 -0.072160
950.000000 11.030000 -0.070421
950.000000 11.040000 -0.068703
950.000000 11.050000 -0.067005
950.000000 11.060000 -0.065329
950.000000 11.070000 -0.063673
950.000000 11.080000 -0.062039
950.000000 11.090000 -0.060426
950.000000 11.100000 -0.058833
950.000000 11.110000 -0.057262
950.000000 11.120000 -0.055712
950.000000 11.130000 -0.054184
950.000000 11.140000 -0.052677
950.000000 11.150000 -0.051191
950.000000 11.160000 -0.049728
950.000000 11.170000 -0.048285
950.000000 11.180000 -0.046865
950.000000 11.190000 -0.045467
950.000000 11.200000 -0.044091
950.000000 11.210000 -0.042737
950.000000 11.220000 -0.041405
950.000000 11.230000 -0.040096
950.000000 11.240000 -0.038810
950.000000 11.250000 -0.037547
950.000000 11.260000 -0.036307
950.000000 11.270000 -0.035090
950.000000 11.280000 -0.033897
950.000000 11.290000 -0.032727
950.000000 11.300000 -0.031582
950.000000 11.310000 -0.030460
950.000000 11.320000 -0.029363
950.000000 11.330000 -0.028291
950.000000 11.340000 -0.027244
950.000000 11.350000 -0.026222
950.000000 11.360000 -0.025226
950.000000 11.370000 -0.024256
950.000000 11.380000 -0.023311
950.000000 11.390000 -0.022394
950.000000 11.400000 -0.021503
950.000000 11.410000 -0.020639
950.000000 11.420000 -0.019802
950.000000 11.430000 -0.018994
950.000000 11.440000 -0.018214
950.000000 11.450000 -0.017462
950.000000 11.460000 -0.016740
950.000000 11.470000 -0.016046
950.000000 11.480000 -0.015383
950.000000 11.490000 -0.014750
950.000000 11.500000 -0.014147
950.000000 11.510000 -0.013576
950.000000 11.520000 -0.013036
950.000000 11.530000 -0.012528
950.000000 11.540000 -0.012052
950.000000 11.550000 -0.011609
950.000000 11.560000 -0.011200
950.000000 11.570000 -0.010825
950.000000 11.580000 -0.010483
950.000000 11.590000 -0.010177
950.000000 11.600000 -0.009906
950.000000 11.610000 -0.009671
950.000000 11.620000 -0.009472
950.000000 11.630000 -0.009311
950.000000 11.640000 -0.009186
950.000000 11.650000 -0.009100
950.000000 11.660000 -0.009052
950.000000 11.670000 -0.009043
950.000000 11.680000 -0.009073
950.000000 11.690000 -0.009144
950.000000 11.700000 -0.009256
950.000000 11.710000 -0.009408
950.000000 11.720000 -0.009602
950.000000 11.730000 -0.009839
950.000000 11.740000 -0.010118
950.000000 11.750000 -0.010441
950.000000 11.760000 -0.010808
950.000000 11.770000 -0.011220
950.000000 11.780000 -0.011676
950.000000 11.790000 -0.012178
950.000000 11.800000 -0.012726
950.000000 11.810000 -0.013321
950.000000 11.820000 -0.013963
950.000000 11.830000 -0.014653
950.000000 11.840000 -0.015392
950.000000 11.850000 -0.016179
950.000000 11.860000 -0.017016
950.000000 11.870000 -0.017902
950.000000 11.880000 -0.018839
950.000000 11.890000 -0.019827
950.000000 11.900000 -0.020866
950.000000 11.910000 -0.021957
950.000000 11.920000 -0.023100
950.000000 11.930000 -0.024296
950.000000 11.940000 -0.025545
950.000000 11.950000 -0.026848
950.000000 11.960000 -0.028205
950.000000 11.970000 -0.029617
950.000000 11.980000 -0.031083
950.000000 11.990000 -0.032605
950.000000 12.000000 -0.034182
950.000000 12.010000 -0.035816
950.000000 12.020000 -0.037505
950.000000 12.030000 -0.039251
950.000000 12.040000 -0.041055
950.000000 12.050000 -0.042915
950.000000 12.060000 -0.044833
950.000000 12.070000 -0.046808
950.000000 12.080000 -0.048841
950.000000 12.090000 -0.050933
950.000000 12.100000 -0.053082
950.000000 12.110000 -0.055290
950.000000 12.120000 -0.057557
950.000000 12.130000 -0.059882
950.000000 12.140000 -0.062266
950.000000 12.150000 -0.064709
950.000000 12.160000 -0.067210
950.000000 12.170000 -0.069770
950.000000 12.180000 -0.072389
950.000000 12.190000 -0.075066
950.000000 12.200000 -0.077802
950.000000 12.210000 -0.080597
950.000000 12.220000 -0.083450
950.000000 12.230000 -0.086360
950.000000 12.240000 -0.089329
950.000000 12.250000 -0.092356
950.000000 12.260000 -0.095439
950.000000 12.270000 -0.098580
950.000000 12.280000 -0.101778
950.000000 12.290000 -0.105032
950.000000 12.300000 -0.108342
950.000000 12.310000 -0.111707
950.000000 12.320000 -0.115128
950.000000 12.330000 -0.118603
950.000000 12.340000 -0.122132
950.000000 12.350000 -0.125714
950.000000 12.360000 -0.129349
950.000000 12.370000 -0.133036
950.000000 12.380000 -0.136775
950.000000 12.390000 -0.140564
950.000000 12.400000 -0.144404
950.000000 12.410000 -0.148292
950.000000 12.420000 -0.152229
950.000000 12.430000 -0.156213
950.000000 12.440000 -0.160244
950.000000 12.450000 -0.164321
950.000000 12.460000 -0.168442
950.000000 12.470000 -0.172607
950.000000 12.480000 -0.176814
950.000000 12.490000 -0.181063
950.000000 12.500000 -0.185352
950.000000 12.510000 -0.189680
950.000000 12.520000 -0.194046
950.000000 12.530000 -0.198449
950.000000 12.540000 -0.202888
950.000000 12.550000 -0.207360
950.000000 12.560000 -0.211866
950.000000 12.570000 -0.216403
950.000000 12.580000 -0.220970
950.000000 12.590000 -0.225565
950.000000 12.600000 -0.230188
950.000000 12.610000 -0.234836
950.000000 12.620000 -0.239509
950.000000 12.630000 -0.244204
950.000000 12.640000 -0.248919
950.000000 12.650000 -0.253654
950.000000 12.660000 -0.258407
950.000000 12.670000 -0.263175
950.000000 12.680000 -0.267958
950.000000 12.690000 -0.272753
950.000000 12.700000 -0.277559
950.000000 12.710000 -0.282373
950.000000 12.720000 -0.287195
950.000000 12.730000 -0.292021
950.000000 12.740000 -0.296851
950.000000 12.750000 -0.301683
950.000000 12.760000 -0.306513
950.000000 12.770000 -0.311341
950.000000 12.780000 -0.316165
950.000000 12.790000 -0.320982
950.000000 12.800000 -0.325791
950.000000 12.810000 -0.330589
950.000000 12.820000 -0.335375
950.000000 12.830000 -0.340146
950.000000 12.840000 -0.344900
950.000000 12.850000 -0.349636
950.000000 12.860000 -0.354350
950.000000 12.870000 -0.359042
950.000000 12.880000 -0.363709
950.000000 12.890000 -0.368349
950.000000 12.900000 -0.372959
950.000000 12.910000 -0.377538
950.000000 12.920000 -0.382083
950.000000 12.930000 -0.386593
950.000000 12.940000 -0.391065
950.000000 12.950000 -0.395496
950.000000 12.960000 -0.399886
950.000000 12.970000 -0.404232
950.000000 12.980000 -0.408531
950.000000 12.990000 -0.412781
950.000000 13.000000 -0.416981
950.000000 13.010000 -0.421128
950.000000 13.020000 -0.425221
950.000000 13.030000 -0.429256
950.000000 13.040000 -0.433233
950.000000 13.050000 -0.437148
950.000000 13.060000 -0.441000
950.000000 13.070000 -0.444787
950.000000 13.080000 -0.448507
950.000000 13.090000 -0.452158
950.000000 13.100000 -0.455738
950.000000 13.110000 -0.459244
950.000000 13.120000 -0.462676
950.000000 13.130000 -0.466030
950.000000 13.140000 -0.469306
950.000000 13.150000 -0.472501
950.000000 13.160000 -0.475613
950.000000 13.170000 -0.478641
950.000000 13.180000 -0.481583
950.000000 13.190000 -0.484438
950.000000 13.200000 -0.487202
950.000000 13.210000 -0.489876
950.000000 13.220000 -0.492456
950.000000 13.230000 -0.494943
950.000000 13.240000 -0.497333
950.000000 13.250000 -0.499626
950.000000 13.260000 -0.501820
950.000000 13.270000 -0.503913
950.000000 13.280000 -0.505905
950.000000 13.290000 -0.507794
950.000000 13.300000 -0.509578
950.000000 13.310000 -0.511256
950.000000 13.320000 -0.512828
950.000000 13.330000 -0.514292
950.000000 13.340000 -0.515646
950.000000 13.350000 -0.516890
950.000000 13.360000 -0.518023
950.000000 13.370000 -0.519044
950.000000 13.380000 -0.519952
950.000000 13.390000 -0.520746
950.000000 13.400000 -0.521425
950.000000 13.410000 -0.521988
950.000000 13.420000 -0.522436
950.000000 13.430000 -0.522766
950.000000 13.440000 -0.522979
950.000000 13.450000 -0.523075
950.000000 13.460000 -0.523051
950.000000 13.470000 -0.522909
950.000000 13.480000 -0.522648
950.000000 13.490000 -0.522268
950.000000 13.500000 -0.521767
950.000000 13.510000 -0.521147
950.000000 13.520000 -0.520407
950.000000 13.530000 -0.519547
950.000000 13.540000 -0.518566
950.000000 13.550000 -0.517466
950.000000 13.560000 -0.516246
950.000000 13.570000 -0.514906
950.000000 13.580000 -0.513447
950.000000 13.590000 -0.511869
950.000000 13.600000 -0.510171
950.000000 13.610000 -0.508356
950.000000 13.620000 -0.506422
950.000000 13.630000 -0.504371
950.000000 13.640000 -0.502203
950.000000 13.650000 -0.499920
950.000000 13.660000 -0.497520
950.000000 13.670000 -0.495006
950.000000 13.680000 -0.492378
950.000000 13.690000 -0.489638
950.000000 13.700000 -0.486785
950.000000 13.710000 -0.483821
950.000000 13.720000 -0.480747
950.000000 13.730000 -0.477564
950.000000 13.740000 -0.474273
950.000000 13.750000 -0.470876
950.000000 13.760000 -0.467373
950.000000 13.770000 -0.463766
950.000000 13.780000 -0.460057
950.000000 13.790000 -0.456246
950.000000 13.800000 -0.452335
950.000000 13.810000 -0.448326
950.000000 13.820000 -0.444221
950.000000 13.830000 -0.440020
950.000000 13.840000 -0.435725
950.000000 13.850000 -0.431338
950.000000 13.860000 -0.426861
950.000000 13.870000 -0.422296
950.000000 13.880000 -0.417644
950.000000 13.890000 -0.412907
950.000000 13.900000 -0.408087
950.000000 13.910000 -0.403186
950.000000 13.920000 -0.398206
950.000000 13.930000 -0.393149
950.000000 13.940000 -0.388016
950.000000 13.950000 -0.382810
950.000000 13.960000 -0.377534
950.000000 13.970000 -0.372188
950.000000 13.980000 -0.366775
950.000000 13.990000 -0.361297
950.000000 14.000000 -0.355757
950.000000 14.010000 -0.350156
950.000000 14.020000 -0.344498
950.000000 14.030000 -0.338783
950.000000 14.040000 -0.333014
950.000000 14.050000 -0.327194
950.000000 14.060000 -0.321325
950.000000 14.070000 -0.315408
950.000000 14.080000 -0.309447
950.000000 14.090000 -0.303444
950.000000 14.100000 -0.297400
950.000000 14.110000 -0.291319
950.000000 14.120000 -0.285203
950.000000 14.130000 -0.279053
950.000000 14.140000 -0.272873
950.000000 14.150000 -0.266664
950.000000 14.160000 -0.260430
950.000000 14.170000 -0.254171
950.000000 14.180000 -0.247891
950.000000 14.190000 -0.241592
950.000000 14.200000 -0.235277
950.000000 14.210000 -0.228947
950.000000 14.220000 -0.222605
950.000000 14.230000 -0.216253
950.000000 14.240000 -0.209893
950.000000 14.250000 -0.203529
950.000000 14.260000 -0.197161
950.000000 14.270000 -0.190793
950.000000 14.280000 -0.184426
950.000000 14.290000 -0.178062
950.000000 14.300000 -0.171705
950.000000 14.310000 -0.165356
950.000000 14.320000 -0.159017
950.000000 14.330000 -0.152690
950.000000 14.340000 -0.146378
950.000000 14.350000 -0.140082
950.000000 14.360000 -0.133805
950.000000 14.370000 -0.127548
950.000000 14.380000 -0.121315
950.000000 14.390000 -0.115105
950.000000 14.400000 -0.108923
950.000000 14.410000 -0.102768
950.000000 14.420000 -0.096645
950.000000 14.430000 -0.090553
950.000000 14.440000 -0.084495
950.000000 14.450000 -0.078474
950.000000 14.460000 -0.072489
950.000000 14.470000 -0.066544
950.000000 14.480000 -0.060640
950.000000 14.490000 -0.054779
950.000000 14.500000 -0.048962
950.000000 14.510000 -0.043190
950.000000 14.520000 -0.037466
950.000000 14.530000 -0.031791
950.000000 14.540000 -0.026166
950.000000 14.550000 -0.020593
950.000000 14.560000 -0.015072
950.000000 14.570000 -0.009606
950.000000 14.580000 -0.004196
950.000000 14.590000 0.001157
950.000000 14.600000 0.006452
950.000000 14.610000 0.011688
950.000000 14.620000 0.016863
950.000000 14.630000 0.021977
950.000000 14.640000 0.027028
950.000000 14.650000 0.032016
950.000000 14.660000 0.036939
950.000000 14.670000 0.041796
950.000000 14.680000 0.046587
950.000000 14.690000 0.051311
950.000000 14.700000 0.055967
950.000000 14.710000 0.060554
950.000000 14.720000 0.065072
950.000000 14.730000 0.069519
950.000000 14.740000 0.073896
950.000000 14.750000 0.078201
950.000000 14.760000 0.082434
950.000000 14.770000 0.086595
950.000000 14.780000 0.090683
950.000000 14.790000 0.094698
950.000000 14.800000 0.098639
950.000000 14.810000 0.102505
950.000000 14.820000 0.106298
950.000000 14.830000 0.110015
950.000000 14.840000 0.113658
950.000000 14.850000 0.117225
950.000000 14.860000 0.120718
950.000000 14.870000 0.124134
950.000000 14.880000 0.127475
950.000000 14.890000 0.130741
950.000000 14.900000 0.133931
950.000000 14.910000 0.137045
950.000000 14.920000 0.140083
950.000000 14.930000 0.143046
950.000000 14.940000 0.145934
950.000000 14.950000 0.148746
950.000000 14.960000 0.151483
950.000000 14.970000 0.154145
950.000000 14.980000 0.156732
950.000000 14.990000 0.159245
950.000000 15.000000 0.161683
