-10.000000 0.005667
-9.990000 0.005573
-9.980000 0.005480
-9.970000 0.005388
-9.960000 0.005296
-9.950000 0.005204
-9.940000 0.005112
-9.930000 0.005021
-9.920000 0.004930
-9.910000 0.004840
-9.900000 0.004750
-9.890000 0.004661
-9.880000 0.004572
-9.870000 0.004484
-9.860000 0.004397
-9.850000 0.004310
-9.840000 0.004224
-9.830000 0.004139
-9.820000 0.004054
-9.810000 0.003970
-9.800000 0.003887
-9.790000 0.003805
-9.780000 0.003724
-9.770000 0.003643
-9.760000 0.003563
-9.750000 0.003485
-9.740000 0.003407
-9.730000 0.003330
-9.720000 0.003254
-9.710000 0.003180
-9.700000 0.003106
-9.690000 0.003033
-9.680000 0.002962
-9.670000 0.002892
-9.660000 0.002822
-9.650000 0.002754
-9.640000 0.002687
-9.630000 0.002622
-9.620000 0.002557
-9.610000 0.002494
-9.600000 0.002433
-9.590000 0.002372
-9.580000 0.002313
-9.570000 0.002255
-9.560000 0.002199
-9.550000 0.002143
-9.540000 0.002090
-9.530000 0.002037
-9.520000 0.001987
-9.510000 0.001937
-9.500000 0.001889
-9.490000 0.001843
-9.480000 0.001798
-9.470000 0.001755
-9.460000 0.001713
-9.450000 0.001672
-9.440000 0.001634
-9.430000 0.001596
-9.420000 0.001561
-9.410000 0.001527
-9.400000 0.001494
-9.390000 0.001463
-9.380000 0.001434
-9.370000 0.001406
-9.360000 0.001380
-9.350000 0.001356
-9.340000 0.001333
-9.330000 0.001312
-9.320000 0.001293
-9.310000 0.001275
-9.300000 0.001259
-9.290000 0.001245
-9.280000 0.001232
-9.270000 0.001221
-9.260000 0.001211
-9.250000 0.001204
-9.240000 0.001198
-9.230000 0.001193
-9.220000 0.001190
-9.210000 0.001189
-9.200000 0.001190
-9.190000 0.001192
-9.180000 0.001196
-9.170000 0.001202
-9.160000 0.001209
-9.150000 0.001218
-9.140000 0.001228
-9.130000 0.001241
-9.120000 0.001254
-9.110000 0.001270
-9.100000 0.001287
-9.090000 0.001305
-9.080000 0.001325
-9.070000 0.001347
-9.060000 0.001370
-9.050000 0.001395
-9.040000 0.001421
-9.030000 0.001449
-9.020000 0.001478
-9.010000 0.001509
-9.000000 0.001541
-8.990000 0.001575
-8.980000 0.001610
-8.970000 0.001646
-8.960000 0.001684
-8.950000 0.001724
-8.940000 0.001764
-8.930000 0.001806
-8.920000 0.001850
-8.910000 0.001894
-8.900000 0.001940
-8.890000 0.001987
-8.880000 0.002036
-8.870000 0.002085
-8.860000 0.002136
-8.850000 0.002188
-8.840000 0.002242
-8.830000 0.002296
-8.820000 0.002351
-8.810000 0.002408
-8.800000 0.002466
-8.790000 0.002525
-8.780000 0.002584
-8.770000 0.002645
-8.760000 0.002707
-8.750000 0.002770
-8.740000 0.002834
-8.730000 0.002899
-8.720000 0.002965
-8.710000 0.003031
-8.700000 0.003099
-8.690000 0.003168
-8.680000 0.003237
-8.670000 0.003307
-8.660000 0.003378
-8.650000 0.003450
-8.640000 0.003523
-8.630000 0.003597
-8.620000 0.003671
-8.610000 0.003747
-8.600000 0.003823
-8.590000 0.003900
-8.580000 0.003977
-8.570000 0.004056
-8.560000 0.004135
-8.550000 0.004215
-8.540000 0.004296
-8.530000 0.004377
-8.520000 0.004460
-8.510000 0.004543
-8.500000 0.004627
-8.490000 0.004711
-8.480000 0.004797
-8.470000 0.004883
-8.460000 0.004971
-8.450000 0.005059
-8.440000 0.005148
-8.430000 0.005238
-8.420000 0.005329
-8.410000 0.005420
-8.400000 0.005513
-8.390000 0.005607
-8.380000 0.005701
-8.370000 0.005797
-8.360000 0.005894
-8.350000 0.005992
-8.340000 0.006091
-8.330000 0.006192
-8.320000 0.006293
-8.310000 0.006396
-8.300000 0.006501
-8.290000 0.006607
-8.280000 0.006714
-8.270000 0.006823
-8.260000 0.006933
-8.250000 0.007045
-8.240000 0.007159
-8.230000 0.007274
-8.220000 0.007392
-8.210000 0.007511
-8.200000 0.007632
-8.190000 0.007756
-8.180000 0.007881
-8.170000 0.008009
-8.160000 0.008139
-8.150000 0.008272
-8.140000 0.008407
-8.130000 0.008545
-8.120000 0.008686
-8.110000 0.008829
-8.100000 0.008975
-8.090000 0.009125
-8.080000 0.009278
-8.070000 0.009434
-8.060000 0.009593
-8.050000 0.009756
-8.040000 0.009923
-8.030000 0.010094
-8.020000 0.010268
-8.010000 0.010447
-8.000000 0.010630
-7.990000 0.010817
-7.980000 0.011009
-7.970000 0.011206
-7.960000 0.011407
-7.950000 0.011614
-7.940000 0.011826
-7.930000 0.012043
-7.920000 0.012266
-7.910000 0.012494
-7.900000 0.012728
-7.890000 0.012969
-7.880000 0.013215
-7.870000 0.013469
-7.860000 0.013728
-7.850000 0.013995
-7.840000 0.014269
-7.830000 0.014550
-7.820000 0.014838
-7.810000 0.015134
-7.800000 0.015438
-7.790000 0.015751
-7.780000 0.016071
-7.770000 0.016400
-7.760000 0.016738
-7.750000 0.017085
-7.740000 0.017441
-7.730000 0.017807
-7.720000 0.018183
-7.710000 0.018568
-7.700000 0.018964
-7.690000 0.019370
-7.680000 0.019787
-7.670000 0.020215
-7.660000 0.020654
-7.650000 0.021105
-7.640000 0.021568
-7.630000 0.022043
-7.620000 0.022530
-7.610000 0.023030
-7.600000 0.023543
-7.590000 0.024069
-7.580000 0.024608
-7.570000 0.025161
-7.560000 0.025729
-7.550000 0.026311
-7.540000 0.026907
-7.530000 0.027518
-7.520000 0.028145
-7.510000 0.028787
-7.500000 0.029446
-7.490000 0.030120
-7.480000 0.030811
-7.470000 0.031518
-7.460000 0.032243
-7.450000 0.032985
-7.440000 0.033745
-7.430000 0.034523
-7.420000 0.035320
-7.410000 0.036135
-7.400000 0.036969
-7.390000 0.037823
-7.380000 0.038696
-7.370000 0.039589
-7.360000 0.040502
-7.350000 0.041436
-7.340000 0.042391
-7.330000 0.043367
-7.320000 0.044365
-7.310000 0.045385
-7.300000 0.046427
-7.290000 0.047491
-7.280000 0.048578
-7.270000 0.049688
-7.260000 0.050822
-7.250000 0.051980
-7.240000 0.053161
-7.230000 0.054367
-7.220000 0.055597
-7.210000 0.056853
-7.200000 0.058133
-7.190000 0.059439
-7.180000 0.060771
-7.170000 0.062129
-7.160000 0.063513
-7.150000 0.064923
-7.140000 0.066361
-7.130000 0.067825
-7.120000 0.069317
-7.110000 0.070837
-7.100000 0.072384
-7.090000 0.073959
-7.080000 0.075562
-7.070000 0.077194
-7.060000 0.078854
-7.050000 0.080543
-7.040000 0.082261
-7.030000 0.084009
-7.020000 0.085785
-7.010000 0.087591
-7.000000 0.089426
-6.990000 0.091291
-6.980000 0.093186
-6.970000 0.095111
-6.960000 0.097066
-6.950000 0.099051
-6.940000 0.101065
-6.930000 0.103110
-6.920000 0.105186
-6.910000 0.107291
-6.900000 0.109426
-6.890000 0.111592
-6.880000 0.113788
-6.870000 0.116013
-6.860000 0.118269
-6.850000 0.120555
-6.840000 0.122870
-6.830000 0.125215
-6.820000 0.127590
-6.810000 0.129994
-6.800000 0.132427
-6.790000 0.134889
-6.780000 0.137380
-6.770000 0.139899
-6.760000 0.142447
-6.750000 0.145023
-6.740000 0.147626
-6.730000 0.150256
-6.720000 0.152914
-6.710000 0.155598
-6.700000 0.158308
-6.690000 0.161044
-6.680000 0.163805
-6.670000 0.166591
-6.660000 0.169401
-6.650000 0.172236
-6.640000 0.175093
-6.630000 0.177973
-6.620000 0.180875
-6.610000 0.183799
-6.600000 0.186744
-6.590000 0.189708
-6.580000 0.192692
-6.570000 0.195695
-6.560000 0.198716
-6.550000 0.201754
-6.540000 0.204808
-6.530000 0.207878
-6.520000 0.210962
-6.510000 0.214061
-6.500000 0.217172
-6.490000 0.220295
-6.480000 0.223429
-6.470000 0.226573
-6.460000 0.229727
-6.450000 0.232888
-6.440000 0.236056
-6.430000 0.239229
-6.420000 0.242408
-6.410000 0.245590
-6.400000 0.248774
-6.390000 0.251960
-6.380000 0.255145
-6.370000 0.258329
-6.360000 0.261511
-6.350000 0.264688
-6.340000 0.267861
-6.330000 0.271027
-6.320000 0.274185
-6.310000 0.277335
-6.300000 0.280473
-6.290000 0.283600
-6.280000 0.286713
-6.270000 0.289811
-6.260000 0.292893
-6.250000 0.295957
-6.240000 0.299001
-6.230000 0.302025
-6.220000 0.305026
-6.210000 0.308004
-6.200000 0.310956
-6.190000 0.313881
-6.180000 0.316777
-6.170000 0.319643
-6.160000 0.322477
-6.150000 0.325278
-6.140000 0.328043
-6.130000 0.330772
-6.120000 0.333462
-6.110000 0.336113
-6.100000 0.338722
-6.090000 0.341287
-6.080000 0.343807
-6.070000 0.346281
-6.060000 0.348707
-6.050000 0.351082
-6.040000 0.353406
-6.030000 0.355677
-6.020000 0.357893
-6.010000 0.360052
-6.000000 0.362154
-5.990000 0.364195
-5.980000 0.366175
-5.970000 0.368092
-5.960000 0.369945
-5.950000 0.371731
-5.940000 0.373450
-5.930000 0.375099
-5.920000 0.376678
-5.910000 0.378184
-5.900000 0.379616
-5.890000 0.380973
-5.880000 0.382253
-5.870000 0.383455
-5.860000 0.384578
-5.850000 0.385619
-5.840000 0.386578
-5.830000 0.387453
-5.820000 0.388243
-5.810000 0.388947
-5.800000 0.389564
-5.790000 0.390091
-5.780000 0.390529
-5.770000 0.390875
-5.760000 0.391129
-5.750000 0.391290
-5.740000 0.391357
-5.730000 0.391328
-5.720000 0.391203
-5.710000 0.390980
-5.700000 0.390660
-5.690000 0.390240
-5.680000 0.389721
-5.670000 0.389101
-5.660000 0.388380
-5.650000 0.387556
-5.640000 0.386631
-5.630000 0.385602
-5.620000 0.384469
-5.610000 0.383233
-5.600000 0.381892
-5.590000 0.380445
-5.580000 0.378894
-5.570000 0.377237
-5.560000 0.375474
-5.550000 0.373605
-5.540000 0.371630
-5.530000 0.369549
-5.520000 0.367361
-5.510000 0.365068
-5.500000 0.362668
-5.490000 0.360163
-5.480000 0.357551
-5.470000 0.354835
-5.460000 0.352013
-5.450000 0.349086
-5.440000 0.346055
-5.430000 0.342919
-5.420000 0.339681
-5.410000 0.336339
-5.400000 0.332896
-5.390000 0.329350
-5.380000 0.325705
-5.370000 0.321959
-5.360000 0.318114
-5.350000 0.314170
-5.340000 0.310130
-5.330000 0.305993
-5.320000 0.301761
-5.310000 0.297435
-5.300000 0.293016
-5.290000 0.288505
-5.280000 0.283904
-5.270000 0.279214
-5.260000 0.274436
-5.250000 0.269572
-5.240000 0.264623
-5.230000 0.259591
-5.220000 0.254477
-5.210000 0.249282
-5.200000 0.244009
-5.190000 0.238660
-5.180000 0.233235
-5.170000 0.227737
-5.160000 0.222167
-5.150000 0.216528
-5.140000 0.210821
-5.130000 0.205048
-5.120000 0.199211
-5.110000 0.193313
-5.100000 0.187354
-5.090000 0.181338
-5.080000 0.175266
-5.070000 0.169141
-5.060000 0.162964
-5.050000 0.156738
-5.040000 0.150466
-5.030000 0.144148
-5.020000 0.137788
-5.010000 0.131388
-5.000000 0.124950
-4.990000 0.118476
-4.980000 0.111970
-4.970000 0.105432
-4.960000 0.098866
-4.950000 0.092274
-4.940000 0.085658
-4.930000 0.079021
-4.920000 0.072365
-4.910000 0.065693
-4.900000 0.059007
-4.890000 0.052309
-4.880000 0.045602
-4.870000 0.038889
-4.860000 0.032171
-4.850000 0.025452
-4.840000 0.018733
-4.830000 0.012017
-4.820000 0.005307
-4.810000 -0.001394
-4.800000 -0.008086
-4.790000 -0.014765
-4.780000 -0.021428
-4.770000 -0.028074
-4.760000 -0.034700
-4.750000 -0.041304
-4.740000 -0.047883
-4.730000 -0.054434
-4.720000 -0.060957
-4.710000 -0.067448
-4.700000 -0.073905
-4.690000 -0.080326
-4.680000 -0.086709
-4.670000 -0.093052
-4.660000 -0.099351
-4.650000 -0.105607
-4.640000 -0.111815
-4.630000 -0.117974
-4.620000 -0.124082
-4.610000 -0.130138
-4.600000 -0.136138
-4.590000 -0.142082
-4.580000 -0.147967
-4.570000 -0.153791
-4.560000 -0.159552
-4.550000 -0.165250
-4.540000 -0.170882
-4.530000 -0.176445
-4.520000 -0.181940
-4.510000 -0.187363
-4.500000 -0.192714
-4.490000 -0.197991
-4.480000 -0.203192
-4.470000 -0.208317
-4.460000 -0.213362
-4.450000 -0.218328
-4.440000 -0.223213
-4.430000 -0.228016
-4.420000 -0.232735
-4.410000 -0.237369
-4.400000 -0.241917
-4.390000 -0.246378
-4.380000 -0.250751
-4.370000 -0.255036
-4.360000 -0.259230
-4.350000 -0.263334
-4.340000 -0.267346
-4.330000 -0.271265
-4.320000 -0.275092
-4.310000 -0.278824
-4.300000 -0.282463
-4.290000 -0.286006
-4.280000 -0.289454
-4.270000 -0.292806
-4.260000 -0.296061
-4.250000 -0.299219
-4.240000 -0.302281
-4.230000 -0.305245
-4.220000 -0.308111
-4.210000 -0.310879
-4.200000 -0.313550
-4.190000 -0.316122
-4.180000 -0.318596
-4.170000 -0.320972
-4.160000 -0.323250
-4.150000 -0.325430
-4.140000 -0.327512
-4.130000 -0.329497
-4.120000 -0.331384
-4.110000 -0.333173
-4.100000 -0.334866
-4.090000 -0.336463
-4.080000 -0.337963
-4.070000 -0.339368
-4.060000 -0.340678
-4.050000 -0.341893
-4.040000 -0.343014
-4.030000 -0.344041
-4.020000 -0.344976
-4.010000 -0.345819
-4.000000 -0.346570
-3.990000 -0.347230
-3.980000 -0.347801
-3.970000 -0.348282
-3.960000 -0.348675
-3.950000 -0.348981
-3.940000 -0.349200
-3.930000 -0.349334
-3.920000 -0.349383
-3.910000 -0.349348
-3.900000 -0.349232
-3.890000 -0.349033
-3.880000 -0.348754
-3.870000 -0.348396
-3.860000 -0.347960
-3.850000 -0.347446
-3.840000 -0.346857
-3.830000 -0.346193
-3.820000 -0.345455
-3.810000 -0.344645
-3.800000 -0.343764
-3.790000 -0.342813
-3.780000 -0.341794
-3.770000 -0.340708
-3.760000 -0.339555
-3.750000 -0.338338
-3.740000 -0.337058
-3.730000 -0.335716
-3.720000 -0.334313
-3.710000 -0.332851
-3.700000 -0.331331
-3.690000 -0.329754
-3.680000 -0.328123
-3.670000 -0.326437
-3.660000 -0.324699
-3.650000 -0.322911
-3.640000 -0.321072
-3.630000 -0.319186
-3.620000 -0.317252
-3.610000 -0.315274
-3.600000 -0.313251
-3.590000 -0.311185
-3.580000 -0.309079
-3.570000 -0.306932
-3.560000 -0.304747
-3.550000 -0.302525
-3.540000 -0.300268
-3.530000 -0.297976
-3.520000 -0.295651
-3.510000 -0.293294
-3.500000 -0.290907
-3.490000 -0.288491
-3.480000 -0.286048
-3.470000 -0.283578
-3.460000 -0.281083
-3.450000 -0.278565
-3.440000 -0.276024
-3.430000 -0.273462
-3.420000 -0.270880
-3.410000 -0.268280
-3.400000 -0.265662
-3.390000 -0.263028
-3.380000 -0.260379
-3.370000 -0.257716
-3.360000 -0.255041
-3.350000 -0.252354
-3.340000 -0.249657
-3.330000 -0.246951
-3.320000 -0.244237
-3.310000 -0.241516
-3.300000 -0.238789
-3.290000 -0.236057
-3.280000 -0.233321
-3.270000 -0.230583
-3.260000 -0.227842
-3.250000 -0.225101
-3.240000 -0.222361
-3.230000 -0.219621
-3.220000 -0.216883
-3.210000 -0.214149
-3.200000 -0.211418
-3.190000 -0.208692
-3.180000 -0.205971
-3.170000 -0.203257
-3.160000 -0.200550
-3.150000 -0.197851
-3.140000 -0.195161
-3.130000 -0.192480
-3.120000 -0.189810
-3.110000 -0.187150
-3.100000 -0.184502
-3.090000 -0.181866
-3.080000 -0.179244
-3.070000 -0.176634
-3.060000 -0.174039
-3.050000 -0.171459
-3.040000 -0.168894
-3.030000 -0.166344
-3.020000 -0.163811
-3.010000 -0.161295
-3.000000 -0.158796
-2.990000 -0.156315
-2.980000 -0.153852
-2.970000 -0.151408
-2.960000 -0.148983
-2.950000 -0.146577
-2.940000 -0.144191
-2.930000 -0.141825
-2.920000 -0.139480
-2.910000 -0.137155
-2.900000 -0.134851
-2.890000 -0.132569
-2.880000 -0.130308
-2.870000 -0.128068
-2.860000 -0.125851
-2.850000 -0.123656
-2.840000 -0.121483
-2.830000 -0.119333
-2.820000 -0.117205
-2.810000 -0.115100
-2.800000 -0.113017
-2.790000 -0.110958
-2.780000 -0.108921
-2.770000 -0.106908
-2.760000 -0.104917
-2.750000 -0.102950
-2.740000 -0.101005
-2.730000 -0.099084
-2.720000 -0.097185
-2.710000 -0.095310
-2.700000 -0.093457
-2.690000 -0.091627
-2.680000 -0.089819
-2.670000 -0.088035
-2.660000 -0.086272
-2.650000 -0.084532
-2.640000 -0.082813
-2.630000 -0.081117
-2.620000 -0.079442
-2.610000 -0.077789
-2.600000 -0.076157
-2.590000 -0.074546
-2.580000 -0.072956
-2.570000 -0.071387
-2.560000 -0.069837
-2.550000 -0.068308
-2.540000 -0.066798
-2.530000 -0.065307
-2.520000 -0.063836
-2.510000 -0.062383
-2.500000 -0.060948
-2.490000 -0.059532
-2.480000 -0.058133
-2.470000 -0.056751
-2.460000 -0.055385
-2.450000 -0.054036
-2.440000 -0.052703
-2.430000 -0.051385
-2.420000 -0.050083
-2.410000 -0.048795
-2.400000 -0.047520
-2.390000 -0.046260
-2.380000 -0.045012
-2.370000 -0.043777
-2.360000 -0.042554
-2.350000 -0.041343
-2.340000 -0.040143
-2.330000 -0.038953
-2.320000 -0.037772
-2.310000 -0.036602
-2.300000 -0.035439
-2.290000 -0.034285
-2.280000 -0.033139
-2.270000 -0.031999
-2.260000 -0.030866
-2.250000 -0.029738
-2.240000 -0.028616
-2.230000 -0.027497
-2.220000 -0.026383
-2.210000 -0.025272
-2.200000 -0.024163
-2.190000 -0.023055
-2.180000 -0.021949
-2.170000 -0.020843
-2.160000 -0.019737
-2.150000 -0.018630
-2.140000 -0.017521
-2.130000 -0.016409
-2.120000 -0.015295
-2.110000 -0.014176
-2.100000 -0.013052
-2.090000 -0.011923
-2.080000 -0.010788
-2.070000 -0.009645
-2.060000 -0.008495
-2.050000 -0.007336
-2.040000 -0.006168
-2.030000 -0.004990
-2.020000 -0.003800
-2.010000 -0.002599
-2.000000 -0.001385
-1.990000 -0.000158
-1.980000 0.001084
-1.970000 0.002341
-1.960000 0.003614
-1.950000 0.004904
-1.940000 0.006212
-1.930000 0.007538
-1.920000 0.008884
-1.910000 0.010250
-1.900000 0.011637
-1.890000 0.013047
-1.880000 0.014479
-1.870000 0.015936
-1.860000 0.017418
-1.850000 0.018925
-1.840000 0.020460
-1.830000 0.022021
-1.820000 0.023612
-1.810000 0.025232
-1.800000 0.026883
-1.790000 0.028565
-1.780000 0.030280
-1.770000 0.032029
-1.760000 0.033811
-1.750000 0.035629
-1.740000 0.037484
-1.730000 0.039376
-1.720000 0.041306
-1.710000 0.043276
-1.700000 0.045286
-1.690000 0.047338
-1.680000 0.049432
-1.670000 0.051570
-1.660000 0.053752
-1.650000 0.055980
-1.640000 0.058254
-1.630000 0.060576
-1.620000 0.062947
-1.610000 0.065368
-1.600000 0.067839
-1.590000 0.070362
-1.580000 0.072938
-1.570000 0.075568
-1.560000 0.078253
-1.550000 0.080994
-1.540000 0.083793
-1.530000 0.086650
-1.520000 0.089566
-1.510000 0.092542
-1.500000 0.095580
-1.490000 0.098680
-1.480000 0.101844
-1.470000 0.105073
-1.460000 0.108368
-1.450000 0.111729
-1.440000 0.115158
-1.430000 0.118657
-1.420000 0.122225
-1.410000 0.125864
-1.400000 0.129575
-1.390000 0.133360
-1.380000 0.137218
-1.370000 0.141152
-1.360000 0.145162
-1.350000 0.149250
-1.340000 0.153415
-1.330000 0.157660
-1.320000 0.161985
-1.310000 0.166391
-1.300000 0.170880
-1.290000 0.175451
-1.280000 0.180107
-1.270000 0.184847
-1.260000 0.189673
-1.250000 0.194586
-1.240000 0.199587
-1.230000 0.204675
-1.220000 0.209853
-1.210000 0.215121
-1.200000 0.220480
-1.190000 0.225930
-1.180000 0.231473
-1.170000 0.237108
-1.160000 0.242837
-1.150000 0.248661
-1.140000 0.254579
-1.130000 0.260592
-1.120000 0.266702
-1.110000 0.272908
-1.100000 0.279211
-1.090000 0.285611
-1.080000 0.292110
-1.070000 0.298706
-1.060000 0.305401
-1.050000 0.312194
-1.040000 0.319086
-1.030000 0.326078
-1.020000 0.333169
-1.010000 0.340359
-1.000000 0.347648
-0.990000 0.355037
-0.980000 0.362526
-0.970000 0.370113
-0.960000 0.377799
-0.950000 0.385584
-0.940000 0.393468
-0.930000 0.401450
-0.920000 0.409529
-0.910000 0.417706
-0.900000 0.425979
-0.890000 0.434348
-0.880000 0.442813
-0.870000 0.451372
-0.860000 0.460025
-0.850000 0.468771
-0.840000 0.477609
-0.830000 0.486538
-0.820000 0.495557
-0.810000 0.504664
-0.800000 0.513858
-0.790000 0.523139
-0.780000 0.532504
-0.770000 0.541952
-0.760000 0.551481
-0.750000 0.561091
-0.740000 0.570778
-0.730000 0.580542
-0.720000 0.590379
-0.710000 0.600289
-0.700000 0.610270
-0.690000 0.620318
-0.680000 0.630431
-0.670000 0.640608
-0.660000 0.650846
-0.650000 0.661142
-0.640000 0.671494
-0.630000 0.681899
-0.620000 0.692354
-0.610000 0.702856
-0.600000 0.713402
-0.590000 0.723990
-0.580000 0.734615
-0.570000 0.745275
-0.560000 0.755966
-0.550000 0.766685
-0.540000 0.777428
-0.530000 0.788192
-0.520000 0.798973
-0.510000 0.809767
-0.500000 0.820570
-0.490000 0.831378
-0.480000 0.842188
-0.470000 0.852994
-0.460000 0.863793
-0.450000 0.874581
-0.440000 0.885353
-0.430000 0.896104
-0.420000 0.906830
-0.410000 0.917527
-0.400000 0.928189
-0.390000 0.938812
-0.380000 0.949391
-0.370000 0.959921
-0.360000 0.970397
-0.350000 0.980814
-0.340000 0.991167
-0.330000 1.001450
-0.320000 1.011659
-0.310000 1.021788
-0.300000 1.031832
-0.290000 1.041786
-0.280000 1.051643
-0.270000 1.061398
-0.260000 1.071047
-0.250000 1.080583
-0.240000 1.090001
-0.230000 1.099294
-0.220000 1.108458
-0.210000 1.117487
-0.200000 1.126375
-0.190000 1.135116
-0.180000 1.143704
-0.170000 1.152134
-0.160000 1.160400
-0.150000 1.168496
-0.140000 1.176417
-0.130000 1.184156
-0.120000 1.191707
-0.110000 1.199066
-0.100000 1.206226
-0.090000 1.213181
-0.080000 1.219927
-0.070000 1.226456
-0.060000 1.232763
-0.050000 1.238844
-0.040000 1.244692
-0.030000 1.250301
-0.020000 1.255667
-0.010000 1.260783
-0.000000 1.265645
0.010000 1.270247
0.020000 1.274583
0.030000 1.278649
0.040000 1.282440
0.050000 1.285950
0.060000 1.289175
0.070000 1.292109
0.080000 1.294747
0.090000 1.297086
0.100000 1.299121
0.110000 1.300846
0.120000 1.302259
0.130000 1.303353
0.140000 1.304126
0.150000 1.304573
0.160000 1.304690
0.170000 1.304473
0.180000 1.303919
0.190000 1.303025
0.200000 1.301786
0.210000 1.300200
0.220000 1.298264
0.230000 1.295974
0.240000 1.293328
0.250000 1.290323
0.260000 1.286956
0.270000 1.283226
0.280000 1.279129
0.290000 1.274665
0.300000 1.269831
0.310000 1.264626
0.320000 1.259047
0.330000 1.253095
0.340000 1.246767
0.350000 1.240062
0.360000 1.232981
0.370000 1.225522
0.380000 1.217685
0.390000 1.209469
0.400000 1.200875
0.410000 1.191903
0.420000 1.182554
0.430000 1.172827
0.440000 1.162723
0.450000 1.152245
0.460000 1.141391
0.470000 1.130165
0.480000 1.118567
0.490000 1.106600
0.500000 1.094265
0.510000 1.081564
0.520000 1.068500
0.530000 1.055075
0.540000 1.041292
0.550000 1.027154
0.560000 1.012664
0.570000 0.997826
0.580000 0.982642
0.590000 0.967117
0.600000 0.951254
0.610000 0.935058
0.620000 0.918533
0.630000 0.901682
0.640000 0.884512
0.650000 0.867027
0.660000 0.849231
0.670000 0.831131
0.680000 0.812731
0.690000 0.794036
0.700000 0.775053
0.710000 0.755788
0.720000 0.736246
0.730000 0.716433
0.740000 0.696357
0.750000 0.676023
0.760000 0.655438
0.770000 0.634609
0.780000 0.613544
0.790000 0.592248
0.800000 0.570729
0.810000 0.548994
0.820000 0.527052
0.830000 0.504909
0.840000 0.482573
0.850000 0.460053
0.860000 0.437355
0.870000 0.414489
0.880000 0.391461
0.890000 0.368281
0.900000 0.344957
0.910000 0.321497
0.920000 0.297909
0.930000 0.274202
0.940000 0.250385
0.950000 0.226466
0.960000 0.202454
0.970000 0.178358
0.980000 0.154186
0.990000 0.129948
1.000000 0.105653
1.010000 0.081308
1.020000 0.056924
1.030000 0.032509
1.040000 0.008072
1.050000 -0.016377
1.060000 -0.040831
1.070000 -0.065279
1.080000 -0.089713
1.090000 -0.114124
1.100000 -0.138503
1.110000 -0.162841
1.120000 -0.187130
1.130000 -0.211359
1.140000 -0.235521
1.150000 -0.259607
1.160000 -0.283608
1.170000 -0.307516
1.180000 -0.331321
1.190000 -0.355016
1.200000 -0.378591
1.210000 -0.402039
1.220000 -0.425351
1.230000 -0.448519
1.240000 -0.471535
1.250000 -0.494391
1.260000 -0.517079
1.270000 -0.539591
1.280000 -0.561920
1.290000 -0.584057
1.300000 -0.605997
1.310000 -0.627730
1.320000 -0.649250
1.330000 -0.670550
1.340000 -0.691623
1.350000 -0.712462
1.360000 -0.733061
1.370000 -0.753412
1.380000 -0.773510
1.390000 -0.793349
1.400000 -0.812922
1.410000 -0.832223
1.420000 -0.851247
1.430000 -0.869989
1.440000 -0.888442
1.450000 -0.906601
1.460000 -0.924462
1.470000 -0.942019
1.480000 -0.959268
1.490000 -0.976205
1.500000 -0.992824
1.510000 -1.009122
1.520000 -1.025094
1.530000 -1.040738
1.540000 -1.056048
1.550000 -1.071023
1.560000 -1.085658
1.570000 -1.099950
1.580000 -1.113897
1.590000 -1.127496
1.600000 -1.140744
1.610000 -1.153639
1.620000 -1.166178
1.630000 -1.178361
1.640000 -1.190185
1.650000 -1.201648
1.660000 -1.212749
1.670000 -1.223487
1.680000 -1.233861
1.690000 -1.243870
1.700000 -1.253514
1.710000 -1.262791
1.720000 -1.271702
1.730000 -1.280246
1.740000 -1.288424
1.750000 -1.296236
1.760000 -1.303682
1.770000 -1.310763
1.780000 -1.317479
1.790000 -1.323832
1.800000 -1.329823
1.810000 -1.335452
1.820000 -1.340722
1.830000 -1.345633
1.840000 -1.350188
1.850000 -1.354389
1.860000 -1.358237
1.870000 -1.361735
1.880000 -1.364885
1.890000 -1.367689
1.900000 -1.370151
1.910000 -1.372273
1.920000 -1.374058
1.930000 -1.375508
1.940000 -1.376628
1.950000 -1.377420
1.960000 -1.377888
1.970000 -1.378035
1.980000 -1.377865
1.990000 -1.377382
2.000000 -1.376590
2.010000 -1.375492
2.020000 -1.374093
2.030000 -1.372396
2.040000 -1.370407
2.050000 -1.368129
2.060000 -1.365567
2.070000 -1.362725
2.080000 -1.359608
2.090000 -1.356220
2.100000 -1.352567
2.110000 -1.348654
2.120000 -1.344484
2.130000 -1.340063
2.140000 -1.335396
2.150000 -1.330489
2.160000 -1.325345
2.170000 -1.319970
2.180000 -1.314370
2.190000 -1.308550
2.200000 -1.302514
2.210000 -1.296269
2.220000 -1.289819
2.230000 -1.283170
2.240000 -1.276327
2.250000 -1.269296
2.260000 -1.262081
2.270000 -1.254689
2.280000 -1.247125
2.290000 -1.239393
2.300000 -1.231501
2.310000 -1.223452
2.320000 -1.215252
2.330000 -1.206908
2.340000 -1.198423
2.350000 -1.189804
2.360000 -1.181055
2.370000 -1.172183
2.380000 -1.163192
2.390000 -1.154088
2.400000 -1.144876
2.410000 -1.135561
2.420000 -1.126148
2.430000 -1.116642
2.440000 -1.107049
2.450000 -1.097374
2.460000 -1.087621
2.470000 -1.077796
2.480000 -1.067904
2.490000 -1.057949
2.500000 -1.047935
2.510000 -1.037869
2.520000 -1.027755
2.530000 -1.017597
2.540000 -1.007399
2.550000 -0.997167
2.560000 -0.986905
2.570000 -0.976617
2.580000 -0.966308
2.590000 -0.955982
2.600000 -0.945643
2.610000 -0.935294
2.620000 -0.924941
2.630000 -0.914588
2.640000 -0.904237
2.650000 -0.893893
2.660000 -0.883560
2.670000 -0.873241
2.680000 -0.862941
2.690000 -0.852661
2.700000 -0.842407
2.710000 -0.832181
2.720000 -0.821987
2.730000 -0.811827
2.740000 -0.801706
2.750000 -0.791625
2.760000 -0.781589
2.770000 -0.771599
2.780000 -0.761659
2.790000 -0.751771
2.800000 -0.741939
2.810000 -0.732164
2.820000 -0.722449
2.830000 -0.712797
2.840000 -0.703210
2.850000 -0.693690
2.860000 -0.684239
2.870000 -0.674859
2.880000 -0.665553
2.890000 -0.656322
2.900000 -0.647168
2.910000 -0.638094
2.920000 -0.629100
2.930000 -0.620188
2.940000 -0.611360
2.950000 -0.602617
2.960000 -0.593961
2.970000 -0.585393
2.980000 -0.576915
2.990000 -0.568527
3.000000 -0.560230
3.010000 -0.552027
3.020000 -0.543917
3.030000 -0.535901
3.040000 -0.527981
3.050000 -0.520157
3.060000 -0.512430
3.070000 -0.504801
3.080000 -0.497269
3.090000 -0.489837
3.100000 -0.482503
3.110000 -0.475269
3.120000 -0.468136
3.130000 -0.461102
3.140000 -0.454169
3.150000 -0.447336
3.160000 -0.440605
3.170000 -0.433974
3.180000 -0.427444
3.190000 -0.421016
3.200000 -0.414688
3.210000 -0.408461
3.220000 -0.402334
3.230000 -0.396308
3.240000 -0.390383
3.250000 -0.384557
3.260000 -0.378831
3.270000 -0.373204
3.280000 -0.367676
3.290000 -0.362247
3.300000 -0.356916
3.310000 -0.351682
3.320000 -0.346545
3.330000 -0.341505
3.340000 -0.336561
3.350000 -0.331712
3.360000 -0.326957
3.370000 -0.322297
3.380000 -0.317730
3.390000 -0.313256
3.400000 -0.308873
3.410000 -0.304582
3.420000 -0.300381
3.430000 -0.296269
3.440000 -0.292247
3.450000 -0.288312
3.460000 -0.284465
3.470000 -0.280703
3.480000 -0.277028
3.490000 -0.273436
3.500000 -0.269929
3.510000 -0.266504
3.520000 -0.263161
3.530000 -0.259899
3.540000 -0.256717
3.550000 -0.253614
3.560000 -0.250589
3.570000 -0.247642
3.580000 -0.244771
3.590000 -0.241975
3.600000 -0.239253
3.610000 -0.236606
3.620000 -0.234030
3.630000 -0.231527
3.640000 -0.229094
3.650000 -0.226731
3.660000 -0.224436
3.670000 -0.222210
3.680000 -0.220050
3.690000 -0.217957
3.700000 -0.215929
3.710000 -0.213965
3.720000 -0.212064
3.730000 -0.210225
3.740000 -0.208449
3.750000 -0.206732
3.760000 -0.205076
3.770000 -0.203479
3.780000 -0.201939
3.790000 -0.200457
3.800000 -0.199031
3.810000 -0.197661
3.820000 -0.196346
3.830000 -0.195084
3.840000 -0.193876
3.850000 -0.192720
3.860000 -0.191616
3.870000 -0.190562
3.880000 -0.189559
3.890000 -0.188605
3.900000 -0.187699
3.910000 -0.186842
3.920000 -0.186032
3.930000 -0.185268
3.940000 -0.184550
3.950000 -0.183878
3.960000 -0.183250
3.970000 -0.182666
3.980000 -0.182125
3.990000 -0.181627
4.000000 -0.181171
4.010000 -0.180757
4.020000 -0.180384
4.030000 -0.180051
4.040000 -0.179757
4.050000 -0.179503
4.060000 -0.179288
4.070000 -0.179112
4.080000 -0.178973
4.090000 -0.178871
4.100000 -0.178806
4.110000 -0.178777
4.120000 -0.178785
4.130000 -0.178827
4.140000 -0.178905
4.150000 -0.179018
4.160000 -0.179164
4.170000 -0.179344
4.180000 -0.179558
4.190000 -0.179805
4.200000 -0.180084
4.210000 -0.180396
4.220000 -0.180740
4.230000 -0.181115
4.240000 -0.181521
4.250000 -0.181958
4.260000 -0.182426
4.270000 -0.182925
4.280000 -0.183453
4.290000 -0.184011
4.300000 -0.184598
4.310000 -0.185214
4.320000 -0.185860
4.330000 -0.186533
4.340000 -0.187236
4.350000 -0.187966
4.360000 -0.188724
4.370000 -0.189509
4.380000 -0.190322
4.390000 -0.191162
4.400000 -0.192029
4.410000 -0.192923
4.420000 -0.193843
4.430000 -0.194789
4.440000 -0.195762
4.450000 -0.196760
4.460000 -0.197783
4.470000 -0.198832
4.480000 -0.199907
4.490000 -0.201006
4.500000 -0.202130
4.510000 -0.203279
4.520000 -0.204452
4.530000 -0.205649
4.540000 -0.206870
4.550000 -0.208116
4.560000 -0.209385
4.570000 -0.210677
4.580000 -0.211993
4.590000 -0.213333
4.600000 -0.214695
4.610000 -0.216080
4.620000 -0.217487
4.630000 -0.218917
4.640000 -0.220370
4.650000 -0.221844
4.660000 -0.223341
4.670000 -0.224859
4.680000 -0.226399
4.690000 -0.227960
4.700000 -0.229543
4.710000 -0.231146
4.720000 -0.232770
4.730000 -0.234415
4.740000 -0.236081
4.750000 -0.237766
4.760000 -0.239472
4.770000 -0.241198
4.780000 -0.242943
4.790000 -0.244707
4.800000 -0.246491
4.810000 -0.248294
4.820000 -0.250116
4.830000 -0.251956
4.840000 -0.253814
4.850000 -0.255691
4.860000 -0.257585
4.870000 -0.259497
4.880000 -0.261426
4.890000 -0.263372
4.900000 -0.265335
4.910000 -0.267314
4.920000 -0.269309
4.930000 -0.271320
4.940000 -0.273347
4.950000 -0.275388
4.960000 -0.277445
4.970000 -0.279516
4.980000 -0.281601
4.990000 -0.283699
5.000000 -0.285812
5.010000 -0.287936
5.020000 -0.290074
5.030000 -0.292223
5.040000 -0.294384
5.050000 -0.296557
5.060000 -0.298739
5.070000 -0.300932
5.080000 -0.303135
5.090000 -0.305347
5.100000 -0.307567
5.110000 -0.309795
5.120000 -0.312031
5.130000 -0.314273
5.140000 -0.316522
5.150000 -0.318776
5.160000 -0.321035
5.170000 -0.323298
5.180000 -0.325564
5.190000 -0.327833
5.200000 -0.330104
5.210000 -0.332375
5.220000 -0.334647
5.230000 -0.336919
5.240000 -0.339189
5.250000 -0.341456
5.260000 -0.343720
5.270000 -0.345980
5.280000 -0.348234
5.290000 -0.350482
5.300000 -0.352722
5.310000 -0.354954
5.320000 -0.357177
5.330000 -0.359388
5.340000 -0.361588
5.350000 -0.363774
5.360000 -0.365946
5.370000 -0.368101
5.380000 -0.370240
5.390000 -0.372361
5.400000 -0.374461
5.410000 -0.376540
5.420000 -0.378596
5.430000 -0.380628
5.440000 -0.382634
5.450000 -0.384613
5.460000 -0.386562
5.470000 -0.388481
5.480000 -0.390367
5.490000 -0.392220
5.500000 -0.394036
5.510000 -0.395814
5.520000 -0.397552
5.530000 -0.399249
5.540000 -0.400903
5.550000 -0.402511
5.560000 -0.404072
5.570000 -0.405583
5.580000 -0.407042
5.590000 -0.408448
5.600000 -0.409797
5.610000 -0.411089
5.620000 -0.412320
5.630000 -0.413489
5.640000 -0.414593
5.650000 -0.415629
5.660000 -0.416596
5.670000 -0.417491
5.680000 -0.418312
5.690000 -0.419055
5.700000 -0.419719
5.710000 -0.420301
5.720000 -0.420799
5.730000 -0.421210
5.740000 -0.421531
5.750000 -0.421759
5.760000 -0.421893
5.770000 -0.421929
5.780000 -0.421865
5.790000 -0.421697
5.800000 -0.421424
5.810000 -0.421043
5.820000 -0.420550
5.830000 -0.419943
5.840000 -0.419219
5.850000 -0.418375
5.860000 -0.417410
5.870000 -0.416318
5.880000 -0.415099
5.890000 -0.413749
5.900000 -0.412265
5.910000 -0.410645
5.920000 -0.408885
5.930000 -0.406984
5.940000 -0.404937
5.950000 -0.402743
5.960000 -0.400399
5.970000 -0.397901
5.980000 -0.395247
5.990000 -0.392435
6.000000 -0.389462
6.010000 -0.386325
6.020000 -0.383021
6.030000 -0.379548
6.040000 -0.375904
6.050000 -0.372085
6.060000 -0.368090
6.070000 -0.363916
6.080000 -0.359560
6.090000 -0.355021
6.100000 -0.350295
6.110000 -0.345381
6.120000 -0.340277
6.130000 -0.334980
6.140000 -0.329488
6.150000 -0.323800
6.160000 -0.317913
6.170000 -0.311825
6.180000 -0.305536
6.190000 -0.299042
6.200000 -0.292343
6.210000 -0.285437
6.220000 -0.278323
6.230000 -0.270998
6.240000 -0.263463
6.250000 -0.255714
6.260000 -0.247753
6.270000 -0.239577
6.280000 -0.231185
6.290000 -0.222577
6.300000 -0.213753
6.310000 -0.204711
6.320000 -0.195451
6.330000 -0.185972
6.340000 -0.176275
6.350000 -0.166360
6.360000 -0.156225
6.370000 -0.145872
6.380000 -0.135300
6.390000 -0.124511
6.400000 -0.113504
6.410000 -0.102279
6.420000 -0.090839
6.430000 -0.079183
6.440000 -0.067312
6.450000 -0.055228
6.460000 -0.042932
6.470000 -0.030426
6.480000 -0.017710
6.490000 -0.004786
6.500000 0.008343
6.510000 0.021676
6.520000 0.035211
6.530000 0.048945
6.540000 0.062877
6.550000 0.077003
6.560000 0.091321
6.570000 0.105829
6.580000 0.120523
6.590000 0.135400
6.600000 0.150457
6.610000 0.165692
6.620000 0.181099
6.630000 0.196676
6.640000 0.212419
6.650000 0.228325
6.660000 0.244388
6.670000 0.260605
6.680000 0.276971
6.690000 0.293483
6.700000 0.310136
6.710000 0.326924
6.720000 0.343843
6.730000 0.360889
6.740000 0.378055
6.750000 0.395337
6.760000 0.412730
6.770000 0.430228
6.780000 0.447826
6.790000 0.465518
6.800000 0.483297
6.810000 0.501160
6.820000 0.519098
6.830000 0.537107
6.840000 0.555179
6.850000 0.573310
6.860000 0.591491
6.870000 0.609718
6.880000 0.627983
6.890000 0.646280
6.900000 0.664602
6.910000 0.682942
6.920000 0.701294
6.930000 0.719650
6.940000 0.738004
6.950000 0.756348
6.960000 0.774676
6.970000 0.792980
6.980000 0.811253
6.990000 0.829487
7.000000 0.847676
7.010000 0.865813
7.020000 0.883889
7.030000 0.901898
7.040000 0.919832
7.050000 0.937684
7.060000 0.955447
7.070000 0.973112
7.080000 0.990672
7.090000 1.008121
7.100000 1.025451
7.110000 1.042653
7.120000 1.059722
7.130000 1.076649
7.140000 1.093428
7.150000 1.110051
7.160000 1.126510
7.170000 1.142798
7.180000 1.158910
7.190000 1.174836
7.200000 1.190570
7.210000 1.206106
7.220000 1.221436
7.230000 1.236553
7.240000 1.251450
7.250000 1.266122
7.260000 1.280560
7.270000 1.294760
7.280000 1.308713
7.290000 1.322415
7.300000 1.335858
7.310000 1.349036
7.320000 1.361944
7.330000 1.374576
7.340000 1.386925
7.350000 1.398986
7.360000 1.410754
7.370000 1.422223
7.380000 1.433387
7.390000 1.444242
7.400000 1.454783
7.410000 1.465004
7.420000 1.474902
7.430000 1.484470
7.440000 1.493706
7.450000 1.502604
7.460000 1.511161
7.470000 1.519373
7.480000 1.527235
7.490000 1.534745
7.500000 1.541898
7.510000 1.548692
7.520000 1.555123
7.530000 1.561188
7.540000 1.566886
7.550000 1.572212
7.560000 1.577165
7.570000 1.581743
7.580000 1.585943
7.590000 1.589764
7.600000 1.593204
7.610000 1.596261
7.620000 1.598934
7.630000 1.601223
7.640000 1.603126
7.650000 1.604643
7.660000 1.605772
7.670000 1.606514
7.680000 1.606869
7.690000 1.606836
7.700000 1.606416
7.710000 1.605610
7.720000 1.604417
7.730000 1.602838
7.740000 1.600876
7.750000 1.598530
7.760000 1.595802
7.770000 1.592694
7.780000 1.589208
7.790000 1.585344
7.800000 1.581106
7.810000 1.576496
7.820000 1.571516
7.830000 1.566168
7.840000 1.560456
7.850000 1.554383
7.860000 1.547951
7.870000 1.541163
7.880000 1.534024
7.890000 1.526537
7.900000 1.518706
7.910000 1.510534
7.920000 1.502025
7.930000 1.493185
7.940000 1.484016
7.950000 1.474525
7.960000 1.464714
7.970000 1.454590
7.980000 1.444157
7.990000 1.433419
8.000000 1.422383
8.010000 1.411053
8.020000 1.399436
8.030000 1.387535
8.040000 1.375358
8.050000 1.362909
8.060000 1.350195
8.070000 1.337221
8.080000 1.323993
8.090000 1.310519
8.100000 1.296803
8.110000 1.282852
8.120000 1.268672
8.130000 1.254270
8.140000 1.239653
8.150000 1.224826
8.160000 1.209797
8.170000 1.194572
8.180000 1.179158
8.190000 1.163561
8.200000 1.147789
8.210000 1.131848
8.220000 1.115746
8.230000 1.099488
8.240000 1.083082
8.250000 1.066536
8.260000 1.049855
8.270000 1.033047
8.280000 1.016120
8.290000 0.999079
8.300000 0.981932
8.310000 0.964686
8.320000 0.947348
8.330000 0.929925
8.340000 0.912423
8.350000 0.894851
8.360000 0.877214
8.370000 0.859520
8.380000 0.841775
8.390000 0.823987
8.400000 0.806161
8.410000 0.788306
8.420000 0.770427
8.430000 0.752531
8.440000 0.734624
8.450000 0.716715
8.460000 0.698807
8.470000 0.680909
8.480000 0.663027
8.490000 0.645166
8.500000 0.627333
8.510000 0.609535
8.520000 0.591776
8.530000 0.574064
8.540000 0.556403
8.550000 0.538801
8.560000 0.521262
8.570000 0.503792
8.580000 0.486397
8.590000 0.469082
8.600000 0.451852
8.610000 0.434714
8.620000 0.417671
8.630000 0.400728
8.640000 0.383892
8.650000 0.367167
8.660000 0.350556
8.670000 0.334066
8.680000 0.317700
8.690000 0.301463
8.700000 0.285359
8.710000 0.269393
8.720000 0.253567
8.730000 0.237887
8.740000 0.222356
8.750000 0.206978
8.760000 0.191756
8.770000 0.176694
8.780000 0.161795
8.790000 0.147062
8.800000 0.132498
8.810000 0.118107
8.820000 0.103892
8.830000 0.089854
8.840000 0.075997
8.850000 0.062323
8.860000 0.048834
8.870000 0.035533
8.880000 0.022423
8.890000 0.009503
8.900000 -0.003222
8.910000 -0.015752
8.920000 -0.028084
8.930000 -0.040218
8.940000 -0.052151
8.950000 -0.063883
8.960000 -0.075412
8.970000 -0.086738
8.980000 -0.097858
8.990000 -0.108773
9.000000 -0.119482
9.010000 -0.129983
9.020000 -0.140277
9.030000 -0.150362
9.040000 -0.160239
9.050000 -0.169908
9.060000 -0.179367
9.070000 -0.188618
9.080000 -0.197660
9.090000 -0.206493
9.100000 -0.215118
9.110000 -0.223535
9.120000 -0.231744
9.130000 -0.239746
9.140000 -0.247541
9.150000 -0.255131
9.160000 -0.262516
9.170000 -0.269696
9.180000 -0.276673
9.190000 -0.283448
9.200000 -0.290022
9.210000 -0.296396
9.220000 -0.302571
9.230000 -0.308549
9.240000 -0.314330
9.250000 -0.319918
9.260000 -0.325311
9.270000 -0.330514
9.280000 -0.335526
9.290000 -0.340351
9.300000 -0.344988
9.310000 -0.349441
9.320000 -0.353711
9.330000 -0.357801
9.340000 -0.361711
9.350000 -0.365444
9.360000 -0.369002
9.370000 -0.372387
9.380000 -0.375602
9.390000 -0.378647
9.400000 -0.381526
9.410000 -0.384241
9.420000 -0.386794
9.430000 -0.389187
9.440000 -0.391423
9.450000 -0.393503
9.460000 -0.395431
9.470000 -0.397209
9.480000 -0.398838
9.490000 -0.400322
9.500000 -0.401662
9.510000 -0.402862
9.520000 -0.403924
9.530000 -0.404850
9.540000 -0.405643
9.550000 -0.406304
9.560000 -0.406838
9.570000 -0.407246
9.580000 -0.407530
9.590000 -0.407694
9.600000 -0.407739
9.610000 -0.407669
9.620000 -0.407485
9.630000 -0.407191
9.640000 -0.406788
9.650000 -0.406280
9.660000 -0.405668
9.670000 -0.404955
9.680000 -0.404144
9.690000 -0.403237
9.700000 -0.402237
9.710000 -0.401145
9.720000 -0.399965
9.730000 -0.398699
9.740000 -0.397348
9.750000 -0.395916
9.760000 -0.394405
9.770000 -0.392817
9.780000 -0.391155
9.790000 -0.389420
9.800000 -0.387615
9.810000 -0.385742
9.820000 -0.383804
9.830000 -0.381802
9.840000 -0.379739
9.850000 -0.377617
9.860000 -0.375438
9.870000 -0.373204
9.880000 -0.370917
9.890000 -0.368579
9.900000 -0.366193
9.910000 -0.363759
9.920000 -0.361281
9.930000 -0.358759
9.940000 -0.356196
9.950000 -0.353594
9.960000 -0.350955
9.970000 -0.348280
9.980000 -0.345571
9.990000 -0.342829
10.000000 -0.340057
10.010000 -0.337257
10.020000 -0.334429
10.030000 -0.331575
10.040000 -0.328698
10.050000 -0.325798
10.060000 -0.322877
10.070000 -0.319936
10.080000 -0.316978
10.090000 -0.314002
10.100000 -0.311012
10.110000 -0.308007
10.120000 -0.304990
10.130000 -0.301962
10.140000 -0.298924
10.150000 -0.295876
10.160000 -0.292821
10.170000 -0.289760
10.180000 -0.286693
10.190000 -0.283622
10.200000 -0.280548
10.210000 -0.277472
10.220000 -0.274394
10.230000 -0.271316
10.240000 -0.268240
10.250000 -0.265165
10.260000 -0.262092
10.270000 -0.259023
10.280000 -0.255959
10.290000 -0.252899
10.300000 -0.249846
10.310000 -0.246799
10.320000 -0.243760
10.330000 -0.240729
10.340000 -0.237706
10.350000 -0.234693
10.360000 -0.231691
10.370000 -0.228699
10.380000 -0.225719
10.390000 -0.222750
10.400000 -0.219794
10.410000 -0.216851
10.420000 -0.213921
10.430000 -0.211005
10.440000 -0.208104
10.450000 -0.205217
10.460000 -0.202346
10.470000 -0.199491
10.480000 -0.196651
10.490000 -0.193828
10.500000 -0.191022
10.510000 -0.188232
10.520000 -0.185460
10.530000 -0.182706
10.540000 -0.179969
10.550000 -0.177251
10.560000 -0.174551
10.570000 -0.171870
10.580000 -0.169207
10.590000 -0.166564
10.600000 -0.163940
10.610000 -0.161335
10.620000 -0.158750
10.630000 -0.156184
10.640000 -0.153639
10.650000 -0.151113
10.660000 -0.148608
10.670000 -0.146122
10.680000 -0.143657
10.690000 -0.141212
10.700000 -0.138788
10.710000 -0.136384
10.720000 -0.134001
10.730000 -0.131638
10.740000 -0.129296
10.750000 -0.126975
10.760000 -0.124674
10.770000 -0.122394
10.780000 -0.120135
10.790000 -0.117897
10.800000 -0.115680
10.810000 -0.113483
10.820000 -0.111307
10.830000 -0.109153
10.840000 -0.107018
10.850000 -0.104905
10.860000 -0.102813
10.870000 -0.100741
10.880000 -0.098690
10.890000 -0.096660
10.900000 -0.094651
10.910000 -0.092662
10.920000 -0.090695
10.930000 -0.088748
10.940000 -0.086822
10.950000 -0.084916
10.960000 -0.083032
10.970000 -0.081168
10.980000 -0.079325
10.990000 -0.077502
11.000000 -0.075701
11.010000 -0.073920
11.020000 -0.072160
11.030000 -0.070421
11.040000 -0.068703
11.050000 -0.067005
11.060000 -0.065329
11.070000 -0.063673
11.080000 -0.062039
11.090000 -0.060426
11.100000 -0.058833
11.110000 -0.057262
11.120000 -0.055712
11.130000 -0.054184
11.140000 -0.052677
11.150000 -0.051191
11.160000 -0.049728
11.170000 -0.048285
11.180000 -0.046865
11.190000 -0.045467
11.200000 -0.044091
11.210000 -0.042737
11.220000 -0.041405
11.230000 -0.040096
11.240000 -0.038810
11.250000 -0.037547
11.260000 -0.036307
11.270000 -0.035090
11.280000 -0.033897
11.290000 -0.032727
11.300000 -0.031582
11.310000 -0.030460
11.320000 -0.029363
11.330000 -0.028291
11.340000 -0.027244
11.350000 -0.026222
11.360000 -0.025226
11.370000 -0.024256
11.380000 -0.023311
11.390000 -0.022394
11.400000 -0.021503
11.410000 -0.020639
11.420000 -0.019802
11.430000 -0.018994
11.440000 -0.018214
11.450000 -0.017462
11.460000 -0.016740
11.470000 -0.016046
11.480000 -0.015383
11.490000 -0.014750
11.500000 -0.014147
11.510000 -0.013576
11.520000 -0.013036
11.530000 -0.012528
11.540000 -0.012052
11.550000 -0.011609
11.560000 -0.011200
11.570000 -0.010825
11.580000 -0.010483
11.590000 -0.010177
11.600000 -0.009906
11.610000 -0.009671
11.620000 -0.009472
11.630000 -0.009311
11.640000 -0.009186
11.650000 -0.009100
11.660000 -0.009052
11.670000 -0.009043
11.680000 -0.009073
11.690000 -0.009144
11.700000 -0.009256
11.710000 -0.009408
11.720000 -0.009602
11.730000 -0.009839
11.740000 -0.010118
11.750000 -0.010441
11.760000 -0.010808
11.770000 -0.011220
11.780000 -0.011676
11.790000 -0.012178
11.800000 -0.012726
11.810000 -0.013321
11.820000 -0.013963
11.830000 -0.014653
11.840000 -0.015392
11.850000 -0.016179
11.860000 -0.017016
11.870000 -0.017902
11.880000 -0.018839
11.890000 -0.019827
11.900000 -0.020866
11.910000 -0.021957
11.920000 -0.023100
11.930000 -0.024296
11.940000 -0.025545
11.950000 -0.026848
11.960000 -0.028205
11.970000 -0.029617
11.980000 -0.031083
11.990000 -0.032605
12.000000 -0.034182
12.010000 -0.035816
12.020000 -0.037505
12.030000 -0.039251
12.040000 -0.041055
12.050000 -0.042915
12.060000 -0.044833
12.070000 -0.046808
12.080000 -0.048841
12.090000 -0.050933
12.100000 -0.053082
12.110000 -0.055290
12.120000 -0.057557
12.130000 -0.059882
12.140000 -0.062266
12.150000 -0.064709
12.160000 -0.067210
12.170000 -0.069770
12.180000 -0.072389
12.190000 -0.075066
12.200000 -0.077802
12.210000 -0.080597
12.220000 -0.083450
12.230000 -0.086360
12.240000 -0.089329
12.250000 -0.092356
12.260000 -0.095439
12.270000 -0.098580
12.280000 -0.101778
12.290000 -0.105032
12.300000 -0.108342
12.310000 -0.111707
12.320000 -0.115128
12.330000 -0.118603
12.340000 -0.122132
12.350000 -0.125714
12.360000 -0.129349
12.370000 -0.133036
12.380000 -0.136775
12.390000 -0.140564
12.400000 -0.144404
12.410000 -0.148292
12.420000 -0.152229
12.430000 -0.156213
12.440000 -0.160244
12.450000 -0.164321
12.460000 -0.168442
12.470000 -0.172607
12.480000 -0.176814
12.490000 -0.181063
12.500000 -0.185352
12.510000 -0.189680
12.520000 -0.194046
12.530000 -0.198449
12.540000 -0.202888
12.550000 -0.207360
12.560000 -0.211866
12.570000 -0.216403
12.580000 -0.220970
12.590000 -0.225565
12.600000 -0.230188
12.610000 -0.234836
12.620000 -0.239509
12.630000 -0.244204
12.640000 -0.248919
12.650000 -0.253654
12.660000 -0.258407
12.670000 -0.263175
12.680000 -0.267958
12.690000 -0.272753
12.700000 -0.277559
12.710000 -0.282373
12.720000 -0.287195
12.730000 -0.292021
12.740000 -0.296851
12.750000 -0.301683
12.760000 -0.306513
12.770000 -0.311341
12.780000 -0.316165
12.790000 -0.320982
12.800000 -0.325791
12.810000 -0.330589
12.820000 -0.335375
12.830000 -0.340146
12.840000 -0.344900
12.850000 -0.349636
12.860000 -0.354350
12.870000 -0.359042
12.880000 -0.363709
12.890000 -0.368349
12.900000 -0.372959
12.910000 -0.377538
12.920000 -0.382083
12.930000 -0.386593
12.940000 -0.391065
12.950000 -0.395496
12.960000 -0.399886
12.970000 -0.404232
12.980000 -0.408531
12.990000 -0.412781
13.000000 -0.416981
13.010000 -0.421128
13.020000 -0.425221
13.030000 -0.429256
13.040000 -0.433233
13.050000 -0.437148
13.060000 -0.441000
13.070000 -0.444787
13.080000 -0.448507
13.090000 -0.452158
13.100000 -0.455738
13.110000 -0.459244
13.120000 -0.462676
13.130000 -0.466030
13.140000 -0.469306
13.150000 -0.472501
13.160000 -0.475613
13.170000 -0.478641
13.180000 -0.481583
13.190000 -0.484438
13.200000 -0.487202
13.210000 -0.489876
13.220000 -0.492456
13.230000 -0.494943
13.240000 -0.497333
13.250000 -0.499626
13.260000 -0.501820
13.270000 -0.503913
13.280000 -0.505905
13.290000 -0.507794
13.300000 -0.509578
13.310000 -0.511256
13.320000 -0.512828
13.330000 -0.514292
13.340000 -0.515646
13.350000 -0.516890
13.360000 -0.518023
13.370000 -0.519044
13.380000 -0.519952
13.390000 -0.520746
13.400000 -0.521425
13.410000 -0.521988
13.420000 -0.522436
13.430000 -0.522766
13.440000 -0.522979
13.450000 -0.523075
13.460000 -0.523051
13.470000 -0.522909
13.480000 -0.522648
13.490000 -0.522268
13.500000 -0.521767
13.510000 -0.521147
13.520000 -0.520407
13.530000 -0.519547
13.540000 -0.518566
13.550000 -0.517466
13.560000 -0.516246
13.570000 -0.514906
13.580000 -0.513447
13.590000 -0.511869
13.600000 -0.510171
13.610000 -0.508356
13.620000 -0.506422
13.630000 -0.504371
13.640000 -0.502203
13.650000 -0.499920
13.660000 -0.497520
13.670000 -0.495006
13.680000 -0.492378
13.690000 -0.489638
13.700000 -0.486785
13.710000 -0.483821
13.720000 -0.480747
13.730000 -0.477564
13.740000 -0.474273
13.750000 -0.470876
13.760000 -0.467373
13.770000 -0.463766
13.780000 -0.460057
13.790000 -0.456246
13.800000 -0.452335
13.810000 -0.448326
13.820000 -0.444221
13.830000 -0.440020
13.840000 -0.435725
13.850000 -0.431338
13.860000 -0.426861
13.870000 -0.422296
13.880000 -0.417644
13.890000 -0.412907
13.900000 -0.408087
13.910000 -0.403186
13.920000 -0.398206
13.930000 -0.393149
13.940000 -0.388016
13.950000 -0.382810
13.960000 -0.377534
13.970000 -0.372188
13.980000 -0.366775
13.990000 -0.361297
14.000000 -0.355757
14.010000 -0.350156
14.020000 -0.344498
14.030000 -0.338783
14.040000 -0.333014
14.050000 -0.327194
14.060000 -0.321325
14.070000 -0.315408
14.080000 -0.309447
14.090000 -0.303444
14.100000 -0.297400
14.110000 -0.291319
14.120000 -0.285203
14.130000 -0.279053
14.140000 -0.272873
14.150000 -0.266664
14.160000 -0.260430
14.170000 -0.254171
14.180000 -0.247891
14.190000 -0.241592
14.200000 -0.235277
14.210000 -0.228947
14.220000 -0.222605
14.230000 -0.216253
14.240000 -0.209893
14.250000 -0.203529
14.260000 -0.197161
14.270000 -0.190793
14.280000 -0.184426
14.290000 -0.178062
14.300000 -0.171705
14.310000 -0.165356
14.320000 -0.159017
14.330000 -0.152690
14.340000 -0.146378
14.350000 -0.140082
14.360000 -0.133805
14.370000 -0.127548
14.380000 -0.121315
14.390000 -0.115105
14.400000 -0.108923
14.410000 -0.102768
14.420000 -0.096645
14.430000 -0.090553
14.440000 -0.084495
14.450000 -0.078474
14.460000 -0.072489
14.470000 -0.066544
14.480000 -0.060640
14.490000 -0.054779
14.500000 -0.048962
14.510000 -0.043190
14.520000 -0.037466
14.530000 -0.031791
14.540000 -0.026166
14.550000 -0.020593
14.560000 -0.015072
14.570000 -0.009606
14.580000 -0.004196
14.590000 0.001157
14.600000 0.006452
14.610000 0.011688
14.620000 0.016863
14.630000 0.021977
14.640000 0.027028
14.650000 0.032016
14.660000 0.036939
14.670000 0.041796
14.680000 0.046587
14.690000 0.051311
14.700000 0.055967
14.710000 0.060554
14.720000 0.065072
14.730000 0.069519
14.740000 0.073896
14.750000 0.078201
14.760000 0.082434
14.770000 0.086595
14.780000 0.090683
14.790000 0.094698
14.800000 0.098639
14.810000 0.102505
14.820000 0.106298
14.830000 0.110015
14.840000 0.113658
14.850000 0.117225
14.860000 0.120718
14.870000 0.124134
14.880000 0.127475
14.890000 0.130741
14.900000 0.133931
14.910000 0.137045
14.920000 0.140083
14.930000 0.143046
14.940000 0.145934
14.950000 0.148746
14.960000 0.151483
14.970000 0.154145
14.980000 0.156732
14.990000 0.159245
15.000000 0.161683
