-10.000000 -0.034545
-9.990000 -0.034530
-9.980000 -0.034514
-9.970000 -0.034499
-9.960000 -0.034483
-9.950000 -0.034468
-9.940000 -0.034453
-9.930000 -0.034438
-9.920000 -0.034422
-9.910000 -0.034408
-9.900000 -0.034393
-9.890000 -0.034378
-9.880000 -0.034363
-9.870000 -0.034349
-9.860000 -0.034335
-9.850000 -0.034321
-9.840000 -0.034307
-9.830000 -0.034293
-9.820000 -0.034280
-9.810000 -0.034266
-9.800000 -0.034253
-9.790000 -0.034241
-9.780000 -0.034228
-9.770000 -0.034216
-9.760000 -0.034204
-9.750000 -0.034192
-9.740000 -0.034181
-9.730000 -0.034170
-9.720000 -0.034159
-9.710000 -0.034149
-9.700000 -0.034139
-9.690000 -0.034129
-9.680000 -0.034120
-9.670000 -0.034111
-9.660000 -0.034102
-9.650000 -0.034094
-9.640000 -0.034086
-9.630000 -0.034079
-9.620000 -0.034071
-9.610000 -0.034065
-9.600000 -0.034059
-9.590000 -0.034053
-9.580000 -0.034047
-9.570000 -0.034042
-9.560000 -0.034038
-9.550000 -0.034034
-9.540000 -0.034030
-9.530000 -0.034027
-9.520000 -0.034024
-9.510000 -0.034022
-9.500000 -0.034020
-9.490000 -0.034019
-9.480000 -0.034018
-9.470000 -0.034017
-9.460000 -0.034018
-9.450000 -0.034018
-9.440000 -0.034019
-9.430000 -0.034020
-9.420000 -0.034022
-9.410000 -0.034025
-9.400000 -0.034028
-9.390000 -0.034031
-9.380000 -0.034035
-9.370000 -0.034039
-9.360000 -0.034044
-9.350000 -0.034049
-9.340000 -0.034055
-9.330000 -0.034061
-9.320000 -0.034068
-9.310000 -0.034075
-9.300000 -0.034082
-9.290000 -0.034090
-9.280000 -0.034098
-9.270000 -0.034107
-9.260000 -0.034117
-9.250000 -0.034126
-9.240000 -0.034136
-9.230000 -0.034147
-9.220000 -0.034158
-9.210000 -0.034169
-9.200000 -0.034181
-9.190000 -0.034193
-9.180000 -0.034206
-9.170000 -0.034219
-9.160000 -0.034232
-9.150000 -0.034246
-9.140000 -0.034260
-9.130000 -0.034274
-9.120000 -0.034289
-9.110000 -0.034304
-9.100000 -0.034320
-9.090000 -0.034336
-9.080000 -0.034352
-9.070000 -0.034368
-9.060000 -0.034385
-9.050000 -0.034402
-9.040000 -0.034419
-9.030000 -0.034437
-9.020000 -0.034455
-9.010000 -0.034473
-9.000000 -0.034491
-8.990000 -0.034510
-8.980000 -0.034529
-8.970000 -0.034548
-8.960000 -0.034567
-8.950000 -0.034587
-8.940000 -0.034607
-8.930000 -0.034627
-8.920000 -0.034647
-8.910000 -0.034667
-8.900000 -0.034688
-8.890000 -0.034708
-8.880000 -0.034729
-8.870000 -0.034750
-8.860000 -0.034771
-8.850000 -0.034792
-8.840000 -0.034813
-8.830000 -0.034834
-8.820000 -0.034855
-8.810000 -0.034876
-8.800000 -0.034898
-8.790000 -0.034919
-8.780000 -0.034940
-8.770000 -0.034961
-8.760000 -0.034982
-8.750000 -0.035003
-8.740000 -0.035024
-8.730000 -0.035045
-8.720000 -0.035066
-8.710000 -0.035086
-8.700000 -0.035106
-8.690000 -0.035126
-8.680000 -0.035146
-8.670000 -0.035165
-8.660000 -0.035185
-8.650000 -0.035203
-8.640000 -0.035222
-8.630000 -0.035240
-8.620000 -0.035257
-8.610000 -0.035274
-8.600000 -0.035291
-8.590000 -0.035306
-8.580000 -0.035322
-8.570000 -0.035336
-8.560000 -0.035350
-8.550000 -0.035363
-8.540000 -0.035376
-8.530000 -0.035387
-8.520000 -0.035397
-8.510000 -0.035407
-8.500000 -0.035415
-8.490000 -0.035423
-8.480000 -0.035429
-8.470000 -0.035434
-8.460000 -0.035438
-8.450000 -0.035440
-8.440000 -0.035441
-8.430000 -0.035440
-8.420000 -0.035438
-8.410000 -0.035434
-8.400000 -0.035428
-8.390000 -0.035421
-8.380000 -0.035411
-8.370000 -0.035400
-8.360000 -0.035386
-8.350000 -0.035370
-8.340000 -0.035352
-8.330000 -0.035331
-8.320000 -0.035307
-8.310000 -0.035281
-8.300000 -0.035252
-8.290000 -0.035221
-8.280000 -0.035186
-8.270000 -0.035148
-8.260000 -0.035106
-8.250000 -0.035062
-8.240000 -0.035013
-8.230000 -0.034961
-8.220000 -0.034905
-8.210000 -0.034845
-8.200000 -0.034780
-8.190000 -0.034712
-8.180000 -0.034639
-8.170000 -0.034561
-8.160000 -0.034478
-8.150000 -0.034390
-8.140000 -0.034297
-8.130000 -0.034199
-8.120000 -0.034095
-8.110000 -0.033985
-8.100000 -0.033869
-8.090000 -0.033747
-8.080000 -0.033619
-8.070000 -0.033484
-8.060000 -0.033342
-8.050000 -0.033193
-8.040000 -0.033037
-8.030000 -0.032873
-8.020000 -0.032702
-8.010000 -0.032522
-8.000000 -0.032334
-7.990000 -0.032138
-7.980000 -0.031933
-7.970000 -0.031719
-7.960000 -0.031496
-7.950000 -0.031264
-7.940000 -0.031021
-7.930000 -0.030768
-7.920000 -0.030505
-7.910000 -0.030232
-7.900000 -0.029947
-7.890000 -0.029651
-7.880000 -0.029344
-7.870000 -0.029025
-7.860000 -0.028693
-7.850000 -0.028349
-7.840000 -0.027992
-7.830000 -0.027622
-7.820000 -0.027239
-7.810000 -0.026842
-7.800000 -0.026430
-7.790000 -0.026004
-7.780000 -0.025563
-7.770000 -0.025107
-7.760000 -0.024635
-7.750000 -0.024148
-7.740000 -0.023644
-7.730000 -0.023123
-7.720000 -0.022585
-7.710000 -0.022029
-7.700000 -0.021456
-7.690000 -0.020865
-7.680000 -0.020254
-7.670000 -0.019625
-7.660000 -0.018976
-7.650000 -0.018307
-7.640000 -0.017618
-7.630000 -0.016908
-7.620000 -0.016177
-7.610000 -0.015424
-7.600000 -0.014649
-7.590000 -0.013851
-7.580000 -0.013031
-7.570000 -0.012187
-7.560000 -0.011319
-7.550000 -0.010427
-7.540000 -0.009510
-7.530000 -0.008568
-7.520000 -0.007600
-7.510000 -0.006606
-7.500000 -0.005585
-7.490000 -0.004537
-7.480000 -0.003461
-7.470000 -0.002357
-7.460000 -0.001225
-7.450000 -0.000063
-7.440000 0.001128
-7.430000 0.002350
-7.420000 0.003602
-7.410000 0.004885
-7.400000 0.006199
-7.390000 0.007546
-7.380000 0.008925
-7.370000 0.010338
-7.360000 0.011784
-7.350000 0.013264
-7.340000 0.014778
-7.330000 0.016328
-7.320000 0.017913
-7.310000 0.019535
-7.300000 0.021192
-7.290000 0.022887
-7.280000 0.024620
-7.270000 0.026390
-7.260000 0.028199
-7.250000 0.030047
-7.240000 0.031934
-7.230000 0.033862
-7.220000 0.035829
-7.210000 0.037838
-7.200000 0.039888
-7.190000 0.041979
-7.180000 0.044113
-7.170000 0.046289
-7.160000 0.048508
-7.150000 0.050771
-7.140000 0.053077
-7.130000 0.055428
-7.120000 0.057823
-7.110000 0.060263
-7.100000 0.062749
-7.090000 0.065280
-7.080000 0.067857
-7.070000 0.070481
-7.060000 0.073151
-7.050000 0.075868
-7.040000 0.078632
-7.030000 0.081444
-7.020000 0.084303
-7.010000 0.087211
-7.000000 0.090166
-6.990000 0.093170
-6.980000 0.096223
-6.970000 0.099324
-6.960000 0.102473
-6.950000 0.105672
-6.940000 0.108920
-6.930000 0.112216
-6.920000 0.115562
-6.910000 0.118957
-6.900000 0.122401
-6.890000 0.125894
-6.880000 0.129436
-6.870000 0.133027
-6.860000 0.136666
-6.850000 0.140355
-6.840000 0.144092
-6.830000 0.147877
-6.820000 0.151710
-6.810000 0.155591
-6.800000 0.159519
-6.790000 0.163495
-6.780000 0.167517
-6.770000 0.171586
-6.760000 0.175700
-6.750000 0.179860
-6.740000 0.184066
-6.730000 0.188315
-6.720000 0.192609
-6.710000 0.196946
-6.700000 0.201325
-6.690000 0.205747
-6.680000 0.210209
-6.670000 0.214712
-6.660000 0.219255
-6.650000 0.223837
-6.640000 0.228457
-6.630000 0.233113
-6.620000 0.237806
-6.610000 0.242534
-6.600000 0.247296
-6.590000 0.252090
-6.580000 0.256917
-6.570000 0.261774
-6.560000 0.266661
-6.550000 0.271576
-6.540000 0.276518
-6.530000 0.281485
-6.520000 0.286477
-6.510000 0.291491
-6.500000 0.296527
-6.490000 0.301582
-6.480000 0.306655
-6.470000 0.311746
-6.460000 0.316851
-6.450000 0.321969
-6.440000 0.327100
-6.430000 0.332240
-6.420000 0.337388
-6.410000 0.342542
-6.400000 0.347701
-6.390000 0.352862
-6.380000 0.358023
-6.370000 0.363184
-6.360000 0.368340
-6.350000 0.373491
-6.340000 0.378634
-6.330000 0.383768
-6.320000 0.388889
-6.310000 0.393996
-6.300000 0.399087
-6.290000 0.404159
-6.280000 0.409210
-6.270000 0.414237
-6.260000 0.419239
-6.250000 0.424212
-6.240000 0.429156
-6.230000 0.434066
-6.220000 0.438940
-6.210000 0.443777
-6.200000 0.448573
-6.190000 0.453327
-6.180000 0.458035
-6.170000 0.462694
-6.160000 0.467303
-6.150000 0.471859
-6.140000 0.476359
-6.130000 0.480800
-6.120000 0.485180
-6.110000 0.489497
-6.100000 0.493747
-6.090000 0.497927
-6.080000 0.502037
-6.070000 0.506071
-6.060000 0.510029
-6.050000 0.513906
-6.040000 0.517702
-6.030000 0.521412
-6.020000 0.525034
-6.010000 0.528567
-6.000000 0.532006
-5.990000 0.535349
-5.980000 0.538595
-5.970000 0.541739
-5.960000 0.544781
-5.950000 0.547716
-5.940000 0.550543
-5.930000 0.553259
-5.920000 0.555861
-5.910000 0.558348
-5.900000 0.560716
-5.890000 0.562964
-5.880000 0.565089
-5.870000 0.567088
-5.860000 0.568959
-5.850000 0.570701
-5.840000 0.572311
-5.830000 0.573786
-5.820000 0.575125
-5.810000 0.576326
-5.800000 0.577386
-5.790000 0.578304
-5.780000 0.579077
-5.770000 0.579704
-5.760000 0.580184
-5.750000 0.580513
-5.740000 0.580691
-5.730000 0.580716
-5.720000 0.580586
-5.710000 0.580300
-5.700000 0.579856
-5.690000 0.579253
-5.680000 0.578490
-5.670000 0.577565
-5.660000 0.576478
-5.650000 0.575227
-5.640000 0.573811
-5.630000 0.572229
-5.620000 0.570481
-5.610000 0.568565
-5.600000 0.566481
-5.590000 0.564228
-5.580000 0.561805
-5.570000 0.559213
-5.560000 0.556451
-5.550000 0.553518
-5.540000 0.550415
-5.530000 0.547140
-5.520000 0.543695
-5.510000 0.540078
-5.500000 0.536291
-5.490000 0.532334
-5.480000 0.528205
-5.470000 0.523908
-5.460000 0.519440
-5.450000 0.514804
-5.440000 0.509999
-5.430000 0.505027
-5.420000 0.499888
-5.410000 0.494584
-5.400000 0.489114
-5.390000 0.483481
-5.380000 0.477686
-5.370000 0.471729
-5.360000 0.465612
-5.350000 0.459337
-5.340000 0.452905
-5.330000 0.446317
-5.320000 0.439576
-5.310000 0.432682
-5.300000 0.425639
-5.290000 0.418448
-5.280000 0.411110
-5.270000 0.403629
-5.260000 0.396006
-5.250000 0.388243
-5.240000 0.380343
-5.230000 0.372309
-5.220000 0.364142
-5.210000 0.355845
-5.200000 0.347421
-5.190000 0.338873
-5.180000 0.330204
-5.170000 0.321415
-5.160000 0.312511
-5.150000 0.303493
-5.140000 0.294366
-5.130000 0.285132
-5.120000 0.275795
-5.110000 0.266357
-5.100000 0.256822
-5.090000 0.247193
-5.080000 0.237474
-5.070000 0.227668
-5.060000 0.217778
-5.050000 0.207808
-5.040000 0.197762
-5.030000 0.187642
-5.020000 0.177454
-5.010000 0.167200
-5.000000 0.156884
-4.990000 0.146510
-4.980000 0.136081
-4.970000 0.125602
-4.960000 0.115076
-4.950000 0.104507
-4.940000 0.093899
-4.930000 0.083256
-4.920000 0.072582
-4.910000 0.061880
-4.900000 0.051154
-4.890000 0.040409
-4.880000 0.029649
-4.870000 0.018876
-4.860000 0.008096
-4.850000 -0.002688
-4.840000 -0.013472
-4.830000 -0.024251
-4.820000 -0.035023
-4.810000 -0.045783
-4.800000 -0.056528
-4.790000 -0.067253
-4.780000 -0.077954
-4.770000 -0.088628
-4.760000 -0.099272
-4.750000 -0.109880
-4.740000 -0.120449
-4.730000 -0.130977
-4.720000 -0.141458
-4.710000 -0.151889
-4.700000 -0.162268
-4.690000 -0.172589
-4.680000 -0.182850
-4.670000 -0.193046
-4.660000 -0.203176
-4.650000 -0.213234
-4.640000 -0.223218
-4.630000 -0.233125
-4.620000 -0.242950
-4.610000 -0.252692
-4.600000 -0.262346
-4.590000 -0.271910
-4.580000 -0.281380
-4.570000 -0.290754
-4.560000 -0.300029
-4.550000 -0.309201
-4.540000 -0.318269
-4.530000 -0.327228
-4.520000 -0.336078
-4.510000 -0.344814
-4.500000 -0.353434
-4.490000 -0.361936
-4.480000 -0.370318
-4.470000 -0.378577
-4.460000 -0.386711
-4.450000 -0.394718
-4.440000 -0.402595
-4.430000 -0.410341
-4.420000 -0.417953
-4.410000 -0.425430
-4.400000 -0.432770
-4.390000 -0.439972
-4.380000 -0.447033
-4.370000 -0.453951
-4.360000 -0.460727
-4.350000 -0.467357
-4.340000 -0.473841
-4.330000 -0.480177
-4.320000 -0.486365
-4.310000 -0.492403
-4.300000 -0.498290
-4.290000 -0.504025
-4.280000 -0.509608
-4.270000 -0.515037
-4.260000 -0.520312
-4.250000 -0.525433
-4.240000 -0.530398
-4.230000 -0.535207
-4.220000 -0.539860
-4.210000 -0.544357
-4.200000 -0.548697
-4.190000 -0.552880
-4.180000 -0.556906
-4.170000 -0.560775
-4.160000 -0.564487
-4.150000 -0.568042
-4.140000 -0.571441
-4.130000 -0.574684
-4.120000 -0.577770
-4.110000 -0.580701
-4.100000 -0.583477
-4.090000 -0.586099
-4.080000 -0.588567
-4.070000 -0.590881
-4.060000 -0.593043
-4.050000 -0.595054
-4.040000 -0.596914
-4.030000 -0.598624
-4.020000 -0.600185
-4.010000 -0.601599
-4.000000 -0.602866
-3.990000 -0.603988
-3.980000 -0.604965
-3.970000 -0.605800
-3.960000 -0.606493
-3.950000 -0.607045
-3.940000 -0.607460
-3.930000 -0.607736
-3.920000 -0.607877
-3.910000 -0.607884
-3.900000 -0.607759
-3.890000 -0.607502
-3.880000 -0.607116
-3.870000 -0.606603
-3.860000 -0.605964
-3.850000 -0.605202
-3.840000 -0.604317
-3.830000 -0.603312
-3.820000 -0.602189
-3.810000 -0.600950
-3.800000 -0.599596
-3.790000 -0.598130
-3.780000 -0.596554
-3.770000 -0.594869
-3.760000 -0.593079
-3.750000 -0.591184
-3.740000 -0.589187
-3.730000 -0.587091
-3.720000 -0.584897
-3.710000 -0.582607
-3.700000 -0.580224
-3.690000 -0.577750
-3.680000 -0.575187
-3.670000 -0.572537
-3.660000 -0.569803
-3.650000 -0.566986
-3.640000 -0.564090
-3.630000 -0.561115
-3.620000 -0.558065
-3.610000 -0.554942
-3.600000 -0.551747
-3.590000 -0.548484
-3.580000 -0.545154
-3.570000 -0.541760
-3.560000 -0.538303
-3.550000 -0.534787
-3.540000 -0.531213
-3.530000 -0.527583
-3.520000 -0.523900
-3.510000 -0.520166
-3.500000 -0.516384
-3.490000 -0.512554
-3.480000 -0.508680
-3.470000 -0.504763
-3.460000 -0.500806
-3.450000 -0.496810
-3.440000 -0.492779
-3.430000 -0.488713
-3.420000 -0.484616
-3.410000 -0.480488
-3.400000 -0.476332
-3.390000 -0.472151
-3.380000 -0.467945
-3.370000 -0.463718
-3.360000 -0.459470
-3.350000 -0.455204
-3.340000 -0.450921
-3.330000 -0.446624
-3.320000 -0.442315
-3.310000 -0.437994
-3.300000 -0.433665
-3.290000 -0.429328
-3.280000 -0.424985
-3.270000 -0.420639
-3.260000 -0.416290
-3.250000 -0.411940
-3.240000 -0.407592
-3.230000 -0.403245
-3.220000 -0.398903
-3.210000 -0.394567
-3.200000 -0.390237
-3.190000 -0.385916
-3.180000 -0.381605
-3.170000 -0.377305
-3.160000 -0.373018
-3.150000 -0.368745
-3.140000 -0.364487
-3.130000 -0.360246
-3.120000 -0.356022
-3.110000 -0.351817
-3.100000 -0.347633
-3.090000 -0.343470
-3.080000 -0.339329
-3.070000 -0.335212
-3.060000 -0.331119
-3.050000 -0.327052
-3.040000 -0.323011
-3.030000 -0.318998
-3.020000 -0.315014
-3.010000 -0.311058
-3.000000 -0.307133
-2.990000 -0.303239
-2.980000 -0.299376
-2.970000 -0.295546
-2.960000 -0.291750
-2.950000 -0.287988
-2.940000 -0.284260
-2.930000 -0.280568
-2.920000 -0.276912
-2.910000 -0.273292
-2.900000 -0.269710
-2.890000 -0.266166
-2.880000 -0.262660
-2.870000 -0.259192
-2.860000 -0.255765
-2.850000 -0.252377
-2.840000 -0.249029
-2.830000 -0.245722
-2.820000 -0.242456
-2.810000 -0.239232
-2.800000 -0.236049
-2.790000 -0.232909
-2.780000 -0.229811
-2.770000 -0.226756
-2.760000 -0.223743
-2.750000 -0.220774
-2.740000 -0.217849
-2.730000 -0.214967
-2.720000 -0.212130
-2.710000 -0.209336
-2.700000 -0.206587
-2.690000 -0.203883
-2.680000 -0.201223
-2.670000 -0.198607
-2.660000 -0.196037
-2.650000 -0.193512
-2.640000 -0.191032
-2.630000 -0.188597
-2.620000 -0.186207
-2.610000 -0.183863
-2.600000 -0.181565
-2.590000 -0.179311
-2.580000 -0.177104
-2.570000 -0.174942
-2.560000 -0.172826
-2.550000 -0.170755
-2.540000 -0.168731
-2.530000 -0.166752
-2.520000 -0.164819
-2.510000 -0.162931
-2.500000 -0.161090
-2.490000 -0.159295
-2.480000 -0.157545
-2.470000 -0.155842
-2.460000 -0.154184
-2.450000 -0.152573
-2.440000 -0.151008
-2.430000 -0.149489
-2.420000 -0.148016
-2.410000 -0.146589
-2.400000 -0.145208
-2.390000 -0.143874
-2.380000 -0.142587
-2.370000 -0.141345
-2.360000 -0.140151
-2.350000 -0.139003
-2.340000 -0.137902
-2.330000 -0.136847
-2.320000 -0.135840
-2.310000 -0.134880
-2.300000 -0.133967
-2.290000 -0.133102
-2.280000 -0.132284
-2.270000 -0.131514
-2.260000 -0.130792
-2.250000 -0.130119
-2.240000 -0.129494
-2.230000 -0.128917
-2.220000 -0.128390
-2.210000 -0.127911
-2.200000 -0.127482
-2.190000 -0.127103
-2.180000 -0.126775
-2.170000 -0.126496
-2.160000 -0.126269
-2.150000 -0.126092
-2.140000 -0.125967
-2.130000 -0.125895
-2.120000 -0.125875
-2.110000 -0.125907
-2.100000 -0.125993
-2.090000 -0.126133
-2.080000 -0.126328
-2.070000 -0.126577
-2.060000 -0.126882
-2.050000 -0.127243
-2.040000 -0.127660
-2.030000 -0.128135
-2.020000 -0.128668
-2.010000 -0.129260
-2.000000 -0.129910
-1.990000 -0.130621
-1.980000 -0.131393
-1.970000 -0.132226
-1.960000 -0.133121
-1.950000 -0.134080
-1.940000 -0.135103
-1.930000 -0.136190
-1.920000 -0.137343
-1.910000 -0.138563
-1.900000 -0.139850
-1.890000 -0.141206
-1.880000 -0.142631
-1.870000 -0.144127
-1.860000 -0.145694
-1.850000 -0.147334
-1.840000 -0.149048
-1.830000 -0.150836
-1.820000 -0.152700
-1.810000 -0.154641
-1.800000 -0.156660
-1.790000 -0.158759
-1.780000 -0.160938
-1.770000 -0.163199
-1.760000 -0.165543
-1.750000 -0.167971
-1.740000 -0.170485
-1.730000 -0.173086
-1.720000 -0.175776
-1.710000 -0.178555
-1.700000 -0.181425
-1.690000 -0.184388
-1.680000 -0.187445
-1.670000 -0.190597
-1.660000 -0.193846
-1.650000 -0.197193
-1.640000 -0.200641
-1.630000 -0.204190
-1.620000 -0.207842
-1.610000 -0.211598
-1.600000 -0.215461
-1.590000 -0.219431
-1.580000 -0.223511
-1.570000 -0.227701
-1.560000 -0.232004
-1.550000 -0.236422
-1.540000 -0.240955
-1.530000 -0.245607
-1.520000 -0.250377
-1.510000 -0.255268
-1.500000 -0.260282
-1.490000 -0.265421
-1.480000 -0.270686
-1.470000 -0.276078
-1.460000 -0.281600
-1.450000 -0.287253
-1.440000 -0.293040
-1.430000 -0.298961
-1.420000 -0.305018
-1.410000 -0.311214
-1.400000 -0.317550
-1.390000 -0.324027
-1.380000 -0.330648
-1.370000 -0.337414
-1.360000 -0.344326
-1.350000 -0.351387
-1.340000 -0.358598
-1.330000 -0.365961
-1.320000 -0.373477
-1.310000 -0.381148
-1.300000 -0.388976
-1.290000 -0.396961
-1.280000 -0.405107
-1.270000 -0.413414
-1.260000 -0.421883
-1.250000 -0.430517
-1.240000 -0.439316
-1.230000 -0.448282
-1.220000 -0.457417
-1.210000 -0.466721
-1.200000 -0.476196
-1.190000 -0.485844
-1.180000 -0.495665
-1.170000 -0.505660
-1.160000 -0.515832
-1.150000 -0.526180
-1.140000 -0.536705
-1.130000 -0.547410
-1.120000 -0.558293
-1.110000 -0.569357
-1.100000 -0.580603
-1.090000 -0.592030
-1.080000 -0.603639
-1.070000 -0.615431
-1.060000 -0.627407
-1.050000 -0.639566
-1.040000 -0.651910
-1.030000 -0.664437
-1.020000 -0.677149
-1.010000 -0.690046
-1.000000 -0.703127
-0.990000 -0.716392
-0.980000 -0.729842
-0.970000 -0.743475
-0.960000 -0.757291
-0.950000 -0.771290
-0.940000 -0.785471
-0.930000 -0.799834
-0.920000 -0.814377
-0.910000 -0.829100
-0.900000 -0.844001
-0.890000 -0.859079
-0.880000 -0.874333
-0.870000 -0.889762
-0.860000 -0.905363
-0.850000 -0.921136
-0.840000 -0.937077
-0.830000 -0.953186
-0.820000 -0.969461
-0.810000 -0.985898
-0.800000 -1.002496
-0.790000 -1.019251
-0.780000 -1.036162
-0.770000 -1.053226
-0.760000 -1.070439
-0.750000 -1.087799
-0.740000 -1.105301
-0.730000 -1.122944
-0.720000 -1.140722
-0.710000 -1.158634
-0.700000 -1.176673
-0.690000 -1.194837
-0.680000 -1.213122
-0.670000 -1.231522
-0.660000 -1.250034
-0.650000 -1.268653
-0.640000 -1.287374
-0.630000 -1.306192
-0.620000 -1.325101
-0.610000 -1.344097
-0.600000 -1.363174
-0.590000 -1.382327
-0.580000 -1.401549
-0.570000 -1.420834
-0.560000 -1.440178
-0.550000 -1.459572
-0.540000 -1.479011
-0.530000 -1.498489
-0.520000 -1.517998
-0.510000 -1.537531
-0.500000 -1.557082
-0.490000 -1.576644
-0.480000 -1.596208
-0.470000 -1.615768
-0.460000 -1.635315
-0.450000 -1.654843
-0.440000 -1.674342
-0.430000 -1.693805
-0.420000 -1.713225
-0.410000 -1.732591
-0.400000 -1.751897
-0.390000 -1.771133
-0.380000 -1.790290
-0.370000 -1.809360
-0.360000 -1.828334
-0.350000 -1.847203
-0.340000 -1.865957
-0.330000 -1.884587
-0.320000 -1.903085
-0.310000 -1.921439
-0.300000 -1.939642
-0.290000 -1.957682
-0.280000 -1.975551
-0.270000 -1.993239
-0.260000 -2.010735
-0.250000 -2.028030
-0.240000 -2.045114
-0.230000 -2.061976
-0.220000 -2.078607
-0.210000 -2.094997
-0.200000 -2.111134
-0.190000 -2.127009
-0.180000 -2.142613
-0.170000 -2.157933
-0.160000 -2.172961
-0.150000 -2.187686
-0.140000 -2.202097
-0.130000 -2.216185
-0.120000 -2.229939
-0.110000 -2.243349
-0.100000 -2.256404
-0.090000 -2.269095
-0.080000 -2.281412
-0.070000 -2.293344
-0.060000 -2.304881
-0.050000 -2.316013
-0.040000 -2.326732
-0.030000 -2.337026
-0.020000 -2.346886
-0.010000 -2.356302
-0.000000 -2.365266
0.010000 -2.373767
0.020000 -2.381796
0.030000 -2.389345
0.040000 -2.396404
0.050000 -2.402964
0.060000 -2.409017
0.070000 -2.414554
0.080000 -2.419567
0.090000 -2.424047
0.100000 -2.427987
0.110000 -2.431378
0.120000 -2.434213
0.130000 -2.436484
0.140000 -2.438185
0.150000 -2.439307
0.160000 -2.439845
0.170000 -2.439792
0.180000 -2.439141
0.190000 -2.437886
0.200000 -2.436022
0.210000 -2.433542
0.220000 -2.430441
0.230000 -2.426715
0.240000 -2.422358
0.250000 -2.417366
0.260000 -2.411734
0.270000 -2.405459
0.280000 -2.398537
0.290000 -2.390964
0.300000 -2.382737
0.310000 -2.373854
0.320000 -2.364312
0.330000 -2.354108
0.340000 -2.343242
0.350000 -2.331711
0.360000 -2.319514
0.370000 -2.306650
0.380000 -2.293120
0.390000 -2.278921
0.400000 -2.264056
0.410000 -2.248523
0.420000 -2.232325
0.430000 -2.215461
0.440000 -2.197934
0.450000 -2.179745
0.460000 -2.160897
0.470000 -2.141391
0.480000 -2.121232
0.490000 -2.100422
0.500000 -2.078964
0.510000 -2.056863
0.520000 -2.034122
0.530000 -2.010747
0.540000 -1.986743
0.550000 -1.962114
0.560000 -1.936866
0.570000 -1.911006
0.580000 -1.884539
0.590000 -1.857473
0.600000 -1.829813
0.610000 -1.801568
0.620000 -1.772746
0.630000 -1.743353
0.640000 -1.713399
0.650000 -1.682892
0.660000 -1.651841
0.670000 -1.620256
0.680000 -1.588145
0.690000 -1.555518
0.700000 -1.522387
0.710000 -1.488760
0.720000 -1.454649
0.730000 -1.420065
0.740000 -1.385019
0.750000 -1.349523
0.760000 -1.313587
0.770000 -1.277226
0.780000 -1.240450
0.790000 -1.203272
0.800000 -1.165704
0.810000 -1.127761
0.820000 -1.089455
0.830000 -1.050799
0.840000 -1.011807
0.850000 -0.972493
0.860000 -0.932871
0.870000 -0.892954
0.880000 -0.852758
0.890000 -0.812297
0.900000 -0.771585
0.910000 -0.730637
0.920000 -0.689467
0.930000 -0.648092
0.940000 -0.606526
0.950000 -0.564785
0.960000 -0.522883
0.970000 -0.480836
0.980000 -0.438660
0.990000 -0.396370
1.000000 -0.353982
1.010000 -0.311512
1.020000 -0.268975
1.030000 -0.226387
1.040000 -0.183764
1.050000 -0.141121
1.060000 -0.098475
1.070000 -0.055841
1.080000 -0.013235
1.090000 0.029328
1.100000 0.071831
1.110000 0.114259
1.120000 0.156597
1.130000 0.198828
1.140000 0.240938
1.150000 0.282910
1.160000 0.324731
1.170000 0.366384
1.180000 0.407854
1.190000 0.449127
1.200000 0.490187
1.210000 0.531021
1.220000 0.571613
1.230000 0.611948
1.240000 0.652014
1.250000 0.691795
1.260000 0.731278
1.270000 0.770449
1.280000 0.809294
1.290000 0.847801
1.300000 0.885956
1.310000 0.923746
1.320000 0.961159
1.330000 0.998181
1.340000 1.034802
1.350000 1.071008
1.360000 1.106789
1.370000 1.142132
1.380000 1.177026
1.390000 1.211461
1.400000 1.245426
1.410000 1.278910
1.420000 1.311903
1.430000 1.344395
1.440000 1.376378
1.450000 1.407840
1.460000 1.438775
1.470000 1.469172
1.480000 1.499023
1.490000 1.528321
1.500000 1.557058
1.510000 1.585225
1.520000 1.612817
1.530000 1.639826
1.540000 1.666245
1.550000 1.692069
1.560000 1.717292
1.570000 1.741907
1.580000 1.765911
1.590000 1.789297
1.600000 1.812062
1.610000 1.834201
1.620000 1.855711
1.630000 1.876587
1.640000 1.896826
1.650000 1.916426
1.660000 1.935384
1.670000 1.953698
1.680000 1.971365
1.690000 1.988384
1.700000 2.004754
1.710000 2.020474
1.720000 2.035543
1.730000 2.049961
1.740000 2.063727
1.750000 2.076843
1.760000 2.089307
1.770000 2.101123
1.780000 2.112289
1.790000 2.122809
1.800000 2.132684
1.810000 2.141915
1.820000 2.150506
1.830000 2.158458
1.840000 2.165776
1.850000 2.172461
1.860000 2.178517
1.870000 2.183949
1.880000 2.188760
1.890000 2.192953
1.900000 2.196535
1.910000 2.199509
1.920000 2.201881
1.930000 2.203655
1.940000 2.204838
1.950000 2.205434
1.960000 2.205449
1.970000 2.204891
1.980000 2.203764
1.990000 2.202076
2.000000 2.199833
2.010000 2.197041
2.020000 2.193709
2.030000 2.189843
2.040000 2.185451
2.050000 2.180540
2.060000 2.175118
2.070000 2.169193
2.080000 2.162772
2.090000 2.155865
2.100000 2.148478
2.110000 2.140621
2.120000 2.132303
2.130000 2.123531
2.140000 2.114314
2.150000 2.104662
2.160000 2.094583
2.170000 2.084087
2.180000 2.073181
2.190000 2.061877
2.200000 2.050182
2.210000 2.038106
2.220000 2.025658
2.230000 2.012848
2.240000 1.999685
2.250000 1.986179
2.260000 1.972339
2.270000 1.958175
2.280000 1.943696
2.290000 1.928911
2.300000 1.913831
2.310000 1.898465
2.320000 1.882822
2.330000 1.866912
2.340000 1.850744
2.350000 1.834329
2.360000 1.817675
2.370000 1.800791
2.380000 1.783688
2.390000 1.766375
2.400000 1.748860
2.410000 1.731154
2.420000 1.713265
2.430000 1.695202
2.440000 1.676975
2.450000 1.658593
2.460000 1.640064
2.470000 1.621398
2.480000 1.602602
2.490000 1.583687
2.500000 1.564659
2.510000 1.545529
2.520000 1.526304
2.530000 1.506993
2.540000 1.487603
2.550000 1.468144
2.560000 1.448622
2.570000 1.429046
2.580000 1.409423
2.590000 1.389762
2.600000 1.370069
2.610000 1.350352
2.620000 1.330619
2.630000 1.310876
2.640000 1.291130
2.650000 1.271389
2.660000 1.251659
2.670000 1.231947
2.680000 1.212259
2.690000 1.192602
2.700000 1.172981
2.710000 1.153404
2.720000 1.133875
2.730000 1.114401
2.740000 1.094987
2.750000 1.075639
2.760000 1.056362
2.770000 1.037161
2.780000 1.018042
2.790000 0.999010
2.800000 0.980068
2.810000 0.961223
2.820000 0.942478
2.830000 0.923838
2.840000 0.905307
2.850000 0.886889
2.860000 0.868588
2.870000 0.850408
2.880000 0.832352
2.890000 0.814425
2.900000 0.796629
2.910000 0.778968
2.920000 0.761444
2.930000 0.744062
2.940000 0.726824
2.950000 0.709731
2.960000 0.692788
2.970000 0.675997
2.980000 0.659359
2.990000 0.642877
3.000000 0.626554
3.010000 0.610390
3.020000 0.594388
3.030000 0.578551
3.040000 0.562878
3.050000 0.547372
3.060000 0.532034
3.070000 0.516865
3.080000 0.501867
3.090000 0.487040
3.100000 0.472386
3.110000 0.457905
3.120000 0.443598
3.130000 0.429465
3.140000 0.415507
3.150000 0.401725
3.160000 0.388119
3.170000 0.374688
3.180000 0.361434
3.190000 0.348356
3.200000 0.335454
3.210000 0.322728
3.220000 0.310177
3.230000 0.297802
3.240000 0.285602
3.250000 0.273577
3.260000 0.261726
3.270000 0.250048
3.280000 0.238543
3.290000 0.227210
3.300000 0.216049
3.310000 0.205057
3.320000 0.194235
3.330000 0.183582
3.340000 0.173096
3.350000 0.162776
3.360000 0.152622
3.370000 0.142631
3.380000 0.132803
3.390000 0.123136
3.400000 0.113630
3.410000 0.104281
3.420000 0.095090
3.430000 0.086054
3.440000 0.077173
3.450000 0.068444
3.460000 0.059865
3.470000 0.051436
3.480000 0.043155
3.490000 0.035019
3.500000 0.027027
3.510000 0.019178
3.520000 0.011469
3.530000 0.003899
3.540000 -0.003534
3.550000 -0.010832
3.560000 -0.017997
3.570000 -0.025031
3.580000 -0.031936
3.590000 -0.038713
3.600000 -0.045365
3.610000 -0.051893
3.620000 -0.058300
3.630000 -0.064588
3.640000 -0.070758
3.650000 -0.076812
3.660000 -0.082753
3.670000 -0.088583
3.680000 -0.094303
3.690000 -0.099916
3.700000 -0.105424
3.710000 -0.110828
3.720000 -0.116131
3.730000 -0.121335
3.740000 -0.126442
3.750000 -0.131454
3.760000 -0.136372
3.770000 -0.141200
3.780000 -0.145938
3.790000 -0.150590
3.800000 -0.155156
3.810000 -0.159639
3.820000 -0.164042
3.830000 -0.168366
3.840000 -0.172612
3.850000 -0.176784
3.860000 -0.180882
3.870000 -0.184910
3.880000 -0.188868
3.890000 -0.192759
3.900000 -0.196585
3.910000 -0.200347
3.920000 -0.204048
3.930000 -0.207689
3.940000 -0.211273
3.950000 -0.214801
3.960000 -0.218274
3.970000 -0.221696
3.980000 -0.225067
3.990000 -0.228389
4.000000 -0.231664
4.010000 -0.234895
4.020000 -0.238082
4.030000 -0.241227
4.040000 -0.244332
4.050000 -0.247399
4.060000 -0.250430
4.070000 -0.253425
4.080000 -0.256387
4.090000 -0.259317
4.100000 -0.262216
4.110000 -0.265088
4.120000 -0.267932
4.130000 -0.270750
4.140000 -0.273544
4.150000 -0.276315
4.160000 -0.279065
4.170000 -0.281796
4.180000 -0.284508
4.190000 -0.287202
4.200000 -0.289882
4.210000 -0.292546
4.220000 -0.295198
4.230000 -0.297838
4.240000 -0.300467
4.250000 -0.303087
4.260000 -0.305699
4.270000 -0.308304
4.280000 -0.310903
4.290000 -0.313497
4.300000 -0.316089
4.310000 -0.318677
4.320000 -0.321265
4.330000 -0.323852
4.340000 -0.326440
4.350000 -0.329029
4.360000 -0.331622
4.370000 -0.334218
4.380000 -0.336819
4.390000 -0.339425
4.400000 -0.342037
4.410000 -0.344657
4.420000 -0.347285
4.430000 -0.349922
4.440000 -0.352568
4.450000 -0.355225
4.460000 -0.357893
4.470000 -0.360573
4.480000 -0.363266
4.490000 -0.365972
4.500000 -0.368692
4.510000 -0.371426
4.520000 -0.374175
4.530000 -0.376941
4.540000 -0.379722
4.550000 -0.382520
4.560000 -0.385336
4.570000 -0.388169
4.580000 -0.391021
4.590000 -0.393891
4.600000 -0.396780
4.610000 -0.399690
4.620000 -0.402618
4.630000 -0.405568
4.640000 -0.408538
4.650000 -0.411528
4.660000 -0.414540
4.670000 -0.417574
4.680000 -0.420629
4.690000 -0.423706
4.700000 -0.426806
4.710000 -0.429928
4.720000 -0.433072
4.730000 -0.436239
4.740000 -0.439429
4.750000 -0.442642
4.760000 -0.445878
4.770000 -0.449137
4.780000 -0.452419
4.790000 -0.455724
4.800000 -0.459053
4.810000 -0.462404
4.820000 -0.465778
4.830000 -0.469176
4.840000 -0.472596
4.850000 -0.476039
4.860000 -0.479505
4.870000 -0.482993
4.880000 -0.486504
4.890000 -0.490036
4.900000 -0.493590
4.910000 -0.497166
4.920000 -0.500763
4.930000 -0.504381
4.940000 -0.508020
4.950000 -0.511679
4.960000 -0.515358
4.970000 -0.519057
4.980000 -0.522774
4.990000 -0.526510
5.000000 -0.530264
5.010000 -0.534036
5.020000 -0.537824
5.030000 -0.541629
5.040000 -0.545450
5.050000 -0.549286
5.060000 -0.553136
5.070000 -0.557000
5.080000 -0.560877
5.090000 -0.564766
5.100000 -0.568666
5.110000 -0.572577
5.120000 -0.576498
5.130000 -0.580427
5.140000 -0.584364
5.150000 -0.588307
5.160000 -0.592256
5.170000 -0.596210
5.180000 -0.600167
5.190000 -0.604126
5.200000 -0.608086
5.210000 -0.612046
5.220000 -0.616005
5.230000 -0.619960
5.240000 -0.623912
5.250000 -0.627857
5.260000 -0.631795
5.270000 -0.635724
5.280000 -0.639643
5.290000 -0.643550
5.300000 -0.647443
5.310000 -0.651320
5.320000 -0.655180
5.330000 -0.659021
5.340000 -0.662841
5.350000 -0.666637
5.360000 -0.670408
5.370000 -0.674152
5.380000 -0.677867
5.390000 -0.681550
5.400000 -0.685199
5.410000 -0.688812
5.420000 -0.692386
5.430000 -0.695919
5.440000 -0.699409
5.450000 -0.702852
5.460000 -0.706247
5.470000 -0.709590
5.480000 -0.712879
5.490000 -0.716111
5.500000 -0.719283
5.510000 -0.722392
5.520000 -0.725435
5.530000 -0.728408
5.540000 -0.731310
5.550000 -0.734137
5.560000 -0.736885
5.570000 -0.739551
5.580000 -0.742131
5.590000 -0.744623
5.600000 -0.747023
5.610000 -0.749327
5.620000 -0.751531
5.630000 -0.753632
5.640000 -0.755627
5.650000 -0.757511
5.660000 -0.759280
5.670000 -0.760931
5.680000 -0.762460
5.690000 -0.763862
5.700000 -0.765134
5.710000 -0.766271
5.720000 -0.767270
5.730000 -0.768125
5.740000 -0.768834
5.750000 -0.769392
5.760000 -0.769793
5.770000 -0.770035
5.780000 -0.770113
5.790000 -0.770021
5.800000 -0.769757
5.810000 -0.769314
5.820000 -0.768690
5.830000 -0.767879
5.840000 -0.766877
5.850000 -0.765678
5.860000 -0.764280
5.870000 -0.762677
5.880000 -0.760864
5.890000 -0.758837
5.900000 -0.756592
5.910000 -0.754123
5.920000 -0.751426
5.930000 -0.748498
5.940000 -0.745332
5.950000 -0.741925
5.960000 -0.738273
5.970000 -0.734370
5.980000 -0.730212
5.990000 -0.725795
6.000000 -0.721114
6.010000 -0.716166
6.020000 -0.710946
6.030000 -0.705449
6.040000 -0.699672
6.050000 -0.693610
6.060000 -0.687259
6.070000 -0.680616
6.080000 -0.673676
6.090000 -0.666436
6.100000 -0.658892
6.110000 -0.651040
6.120000 -0.642876
6.130000 -0.634398
6.140000 -0.625602
6.150000 -0.616484
6.160000 -0.607042
6.170000 -0.597272
6.180000 -0.587171
6.190000 -0.576737
6.200000 -0.565967
6.210000 -0.554858
6.220000 -0.543409
6.230000 -0.531616
6.240000 -0.519478
6.250000 -0.506992
6.260000 -0.494157
6.270000 -0.480972
6.280000 -0.467434
6.290000 -0.453543
6.300000 -0.439296
6.310000 -0.424694
6.320000 -0.409736
6.330000 -0.394420
6.340000 -0.378746
6.350000 -0.362715
6.360000 -0.346326
6.370000 -0.329579
6.380000 -0.312474
6.390000 -0.295012
6.400000 -0.277194
6.410000 -0.259021
6.420000 -0.240494
6.430000 -0.221613
6.440000 -0.202382
6.450000 -0.182801
6.460000 -0.162873
6.470000 -0.142600
6.480000 -0.121984
6.490000 -0.101028
6.500000 -0.079735
6.510000 -0.058108
6.520000 -0.036150
6.530000 -0.013866
6.540000 0.008742
6.550000 0.031669
6.560000 0.054911
6.570000 0.078463
6.580000 0.102320
6.590000 0.126479
6.600000 0.150932
6.610000 0.175676
6.620000 0.200704
6.630000 0.226010
6.640000 0.251588
6.650000 0.277433
6.660000 0.303536
6.670000 0.329893
6.680000 0.356494
6.690000 0.383334
6.700000 0.410405
6.710000 0.437699
6.720000 0.465209
6.730000 0.492925
6.740000 0.520841
6.750000 0.548947
6.760000 0.577235
6.770000 0.605695
6.780000 0.634320
6.790000 0.663099
6.800000 0.692023
6.810000 0.721082
6.820000 0.750267
6.830000 0.779568
6.840000 0.808975
6.850000 0.838477
6.860000 0.868064
6.870000 0.897725
6.880000 0.927450
6.890000 0.957227
6.900000 0.987046
6.910000 1.016896
6.920000 1.046765
6.930000 1.076643
6.940000 1.106516
6.950000 1.136375
6.960000 1.166208
6.970000 1.196002
6.980000 1.225746
6.990000 1.255428
7.000000 1.285036
7.010000 1.314559
7.020000 1.343983
7.030000 1.373298
7.040000 1.402490
7.050000 1.431548
7.060000 1.460460
7.070000 1.489213
7.080000 1.517795
7.090000 1.546195
7.100000 1.574399
7.110000 1.602396
7.120000 1.630174
7.130000 1.657721
7.140000 1.685024
7.150000 1.712072
7.160000 1.738853
7.170000 1.765354
7.180000 1.791564
7.190000 1.817472
7.200000 1.843066
7.210000 1.868334
7.220000 1.893265
7.230000 1.917847
7.240000 1.942070
7.250000 1.965923
7.260000 1.989394
7.270000 2.012473
7.280000 2.035149
7.290000 2.057411
7.300000 2.079251
7.310000 2.100656
7.320000 2.121618
7.330000 2.142127
7.340000 2.162173
7.350000 2.181747
7.360000 2.200840
7.370000 2.219442
7.380000 2.237546
7.390000 2.255142
7.400000 2.272222
7.410000 2.288779
7.420000 2.304804
7.430000 2.320290
7.440000 2.335230
7.450000 2.349617
7.460000 2.363443
7.470000 2.376703
7.480000 2.389391
7.490000 2.401499
7.500000 2.413023
7.510000 2.423957
7.520000 2.434297
7.530000 2.444036
7.540000 2.453172
7.550000 2.461698
7.560000 2.469613
7.570000 2.476911
7.580000 2.483590
7.590000 2.489646
7.600000 2.495077
7.610000 2.499881
7.620000 2.504054
7.630000 2.507597
7.640000 2.510506
7.650000 2.512781
7.660000 2.514420
7.670000 2.515425
7.680000 2.515793
7.690000 2.515525
7.700000 2.514622
7.710000 2.513085
7.720000 2.510913
7.730000 2.508109
7.740000 2.504674
7.750000 2.500610
7.760000 2.495920
7.770000 2.490605
7.780000 2.484669
7.790000 2.478115
7.800000 2.470946
7.810000 2.463166
7.820000 2.454778
7.830000 2.445788
7.840000 2.436200
7.850000 2.426018
7.860000 2.415248
7.870000 2.403894
7.880000 2.391964
7.890000 2.379462
7.900000 2.366396
7.910000 2.352770
7.920000 2.338592
7.930000 2.323870
7.940000 2.308609
7.950000 2.292818
7.960000 2.276504
7.970000 2.259674
7.980000 2.242338
7.990000 2.224503
8.000000 2.206177
8.010000 2.187371
8.020000 2.168091
8.030000 2.148347
8.040000 2.128150
8.050000 2.107507
8.060000 2.086428
8.070000 2.064924
8.080000 2.043004
8.090000 2.020679
8.100000 1.997957
8.110000 1.974851
8.120000 1.951369
8.130000 1.927524
8.140000 1.903324
8.150000 1.878782
8.160000 1.853907
8.170000 1.828712
8.180000 1.803207
8.190000 1.777403
8.200000 1.751311
8.210000 1.724943
8.220000 1.698309
8.230000 1.671422
8.240000 1.644293
8.250000 1.616933
8.260000 1.589353
8.270000 1.561566
8.280000 1.533582
8.290000 1.505413
8.300000 1.477071
8.310000 1.448566
8.320000 1.419912
8.330000 1.391118
8.340000 1.362197
8.350000 1.333160
8.360000 1.304018
8.370000 1.274783
8.380000 1.245465
8.390000 1.216076
8.400000 1.186628
8.410000 1.157131
8.420000 1.127596
8.430000 1.098034
8.440000 1.068456
8.450000 1.038873
8.460000 1.009295
8.470000 0.979734
8.480000 0.950198
8.490000 0.920699
8.500000 0.891247
8.510000 0.861851
8.520000 0.832522
8.530000 0.803270
8.540000 0.774104
8.550000 0.745034
8.560000 0.716069
8.570000 0.687218
8.580000 0.658490
8.590000 0.629895
8.600000 0.601441
8.610000 0.573136
8.620000 0.544990
8.630000 0.517010
8.640000 0.489204
8.650000 0.461580
8.660000 0.434147
8.670000 0.406910
8.680000 0.379879
8.690000 0.353060
8.700000 0.326460
8.710000 0.300085
8.720000 0.273943
8.730000 0.248040
8.740000 0.222382
8.750000 0.196975
8.760000 0.171825
8.770000 0.146938
8.780000 0.122318
8.790000 0.097972
8.800000 0.073904
8.810000 0.050119
8.820000 0.026622
8.830000 0.003417
8.840000 -0.019491
8.850000 -0.042099
8.860000 -0.064403
8.870000 -0.086399
8.880000 -0.108083
8.890000 -0.129452
8.900000 -0.150504
8.910000 -0.171235
8.920000 -0.191642
8.930000 -0.211724
8.940000 -0.231477
8.950000 -0.250901
8.960000 -0.269992
8.970000 -0.288749
8.980000 -0.307170
8.990000 -0.325255
9.000000 -0.343002
9.010000 -0.360409
9.020000 -0.377477
9.030000 -0.394204
9.040000 -0.410590
9.050000 -0.426634
9.060000 -0.442337
9.070000 -0.457698
9.080000 -0.472718
9.090000 -0.487397
9.100000 -0.501734
9.110000 -0.515732
9.120000 -0.529391
9.130000 -0.542711
9.140000 -0.555694
9.150000 -0.568341
9.160000 -0.580653
9.170000 -0.592631
9.180000 -0.604278
9.190000 -0.615595
9.200000 -0.626584
9.210000 -0.637246
9.220000 -0.647585
9.230000 -0.657602
9.240000 -0.667299
9.250000 -0.676679
9.260000 -0.685744
9.270000 -0.694497
9.280000 -0.702942
9.290000 -0.711079
9.300000 -0.718914
9.310000 -0.726447
9.320000 -0.733684
9.330000 -0.740626
9.340000 -0.747277
9.350000 -0.753640
9.360000 -0.759720
9.370000 -0.765518
9.380000 -0.771039
9.390000 -0.776286
9.400000 -0.781263
9.410000 -0.785974
9.420000 -0.790422
9.430000 -0.794612
9.440000 -0.798546
9.450000 -0.802229
9.460000 -0.805666
9.470000 -0.808858
9.480000 -0.811812
9.490000 -0.814531
9.500000 -0.817018
9.510000 -0.819278
9.520000 -0.821315
9.530000 -0.823134
9.540000 -0.824738
9.550000 -0.826131
9.560000 -0.827318
9.570000 -0.828302
9.580000 -0.829089
9.590000 -0.829681
9.600000 -0.830084
9.610000 -0.830301
9.620000 -0.830337
9.630000 -0.830196
9.640000 -0.829882
9.650000 -0.829399
9.660000 -0.828751
9.670000 -0.827943
9.680000 -0.826978
9.690000 -0.825861
9.700000 -0.824595
9.710000 -0.823185
9.720000 -0.821635
9.730000 -0.819949
9.740000 -0.818130
9.750000 -0.816183
9.760000 -0.814111
9.770000 -0.811919
9.780000 -0.809611
9.790000 -0.807189
9.800000 -0.804659
9.810000 -0.802023
9.820000 -0.799285
9.830000 -0.796450
9.840000 -0.793520
9.850000 -0.790499
9.860000 -0.787391
9.870000 -0.784200
9.880000 -0.780928
9.890000 -0.777580
9.900000 -0.774157
9.910000 -0.770665
9.920000 -0.767106
9.930000 -0.763483
9.940000 -0.759800
9.950000 -0.756059
9.960000 -0.752264
9.970000 -0.748418
9.980000 -0.744524
9.990000 -0.740584
10.000000 -0.736601
10.010000 -0.732579
10.020000 -0.728521
10.030000 -0.724427
10.040000 -0.720303
10.050000 -0.716149
10.060000 -0.711969
10.070000 -0.707766
10.080000 -0.703541
10.090000 -0.699296
10.100000 -0.695036
10.110000 -0.690761
10.120000 -0.686473
10.130000 -0.682176
10.140000 -0.677871
10.150000 -0.673561
10.160000 -0.669247
10.170000 -0.664931
10.180000 -0.660615
10.190000 -0.656301
10.200000 -0.651992
10.210000 -0.647688
10.220000 -0.643392
10.230000 -0.639104
10.240000 -0.634828
10.250000 -0.630564
10.260000 -0.626313
10.270000 -0.622078
10.280000 -0.617860
10.290000 -0.613660
10.300000 -0.609479
10.310000 -0.605319
10.320000 -0.601181
10.330000 -0.597067
10.340000 -0.592976
10.350000 -0.588911
10.360000 -0.584873
10.370000 -0.580862
10.380000 -0.576880
10.390000 -0.572927
10.400000 -0.569004
10.410000 -0.565112
10.420000 -0.561253
10.430000 -0.557426
10.440000 -0.553632
10.450000 -0.549873
10.460000 -0.546149
10.470000 -0.542460
10.480000 -0.538806
10.490000 -0.535190
10.500000 -0.531610
10.510000 -0.528068
10.520000 -0.524564
10.530000 -0.521098
10.540000 -0.517671
10.550000 -0.514282
10.560000 -0.510933
10.570000 -0.507624
10.580000 -0.504354
10.590000 -0.501124
10.600000 -0.497935
10.610000 -0.494786
10.620000 -0.491677
10.630000 -0.488609
10.640000 -0.485581
10.650000 -0.482594
10.660000 -0.479648
10.670000 -0.476742
10.680000 -0.473877
10.690000 -0.471053
10.700000 -0.468268
10.710000 -0.465524
10.720000 -0.462821
10.730000 -0.460157
10.740000 -0.457533
10.750000 -0.454949
10.760000 -0.452404
10.770000 -0.449899
10.780000 -0.447432
10.790000 -0.445004
10.800000 -0.442614
10.810000 -0.440263
10.820000 -0.437949
10.830000 -0.435672
10.840000 -0.433433
10.850000 -0.431230
10.860000 -0.429063
10.870000 -0.426932
10.880000 -0.424837
10.890000 -0.422776
10.900000 -0.420750
10.910000 -0.418758
10.920000 -0.416799
10.930000 -0.414874
10.940000 -0.412980
10.950000 -0.411119
10.960000 -0.409289
10.970000 -0.407490
10.980000 -0.405722
10.990000 -0.403983
11.000000 -0.402273
11.010000 -0.400592
11.020000 -0.398939
11.030000 -0.397313
11.040000 -0.395714
11.050000 -0.394140
11.060000 -0.392592
11.070000 -0.391069
11.080000 -0.389570
11.090000 -0.388094
11.100000 -0.386641
11.110000 -0.385210
11.120000 -0.383800
11.130000 -0.382411
11.140000 -0.381041
11.150000 -0.379691
11.160000 -0.378359
11.170000 -0.377044
11.180000 -0.375746
11.190000 -0.374464
11.200000 -0.373197
11.210000 -0.371945
11.220000 -0.370706
11.230000 -0.369480
11.240000 -0.368266
11.250000 -0.367064
11.260000 -0.365871
11.270000 -0.364688
11.280000 -0.363513
11.290000 -0.362346
11.300000 -0.361186
11.310000 -0.360032
11.320000 -0.358883
11.330000 -0.357737
11.340000 -0.356596
11.350000 -0.355456
11.360000 -0.354318
11.370000 -0.353180
11.380000 -0.352042
11.390000 -0.350902
11.400000 -0.349759
11.410000 -0.348614
11.420000 -0.347463
11.430000 -0.346308
11.440000 -0.345146
11.450000 -0.343976
11.460000 -0.342798
11.470000 -0.341610
11.480000 -0.340412
11.490000 -0.339203
11.500000 -0.337980
11.510000 -0.336744
11.520000 -0.335493
11.530000 -0.334227
11.540000 -0.332943
11.550000 -0.331641
11.560000 -0.330320
11.570000 -0.328979
11.580000 -0.327617
11.590000 -0.326232
11.600000 -0.324824
11.610000 -0.323390
11.620000 -0.321931
11.630000 -0.320445
11.640000 -0.318931
11.650000 -0.317387
11.660000 -0.315813
11.670000 -0.314208
11.680000 -0.312570
11.690000 -0.310898
11.700000 -0.309190
11.710000 -0.307447
11.720000 -0.305666
11.730000 -0.303847
11.740000 -0.301988
11.750000 -0.300088
11.760000 -0.298146
11.770000 -0.296161
11.780000 -0.294131
11.790000 -0.292056
11.800000 -0.289934
11.810000 -0.287765
11.820000 -0.285547
11.830000 -0.283279
11.840000 -0.280959
11.850000 -0.278587
11.860000 -0.276162
11.870000 -0.273683
11.880000 -0.271148
11.890000 -0.268556
11.900000 -0.265907
11.910000 -0.263199
11.920000 -0.260432
11.930000 -0.257603
11.940000 -0.254713
11.950000 -0.251761
11.960000 -0.248745
11.970000 -0.245664
11.980000 -0.242517
11.990000 -0.239305
12.000000 -0.236025
12.010000 -0.232677
12.020000 -0.229260
12.030000 -0.225774
12.040000 -0.222217
12.050000 -0.218589
12.060000 -0.214889
12.070000 -0.211116
12.080000 -0.207271
12.090000 -0.203351
12.100000 -0.199357
12.110000 -0.195289
12.120000 -0.191144
12.130000 -0.186924
12.140000 -0.182628
12.150000 -0.178255
12.160000 -0.173805
12.170000 -0.169277
12.180000 -0.164672
12.190000 -0.159989
12.200000 -0.155228
12.210000 -0.150389
12.220000 -0.145472
12.230000 -0.140476
12.240000 -0.135402
12.250000 -0.130250
12.260000 -0.125020
12.270000 -0.119712
12.280000 -0.114326
12.290000 -0.108863
12.300000 -0.103322
12.310000 -0.097705
12.320000 -0.092011
12.330000 -0.086242
12.340000 -0.080397
12.350000 -0.074477
12.360000 -0.068483
12.370000 -0.062416
12.380000 -0.056277
12.390000 -0.050065
12.400000 -0.043782
12.410000 -0.037430
12.420000 -0.031008
12.430000 -0.024519
12.440000 -0.017963
12.450000 -0.011341
12.460000 -0.004654
12.470000 0.002095
12.480000 0.008907
12.490000 0.015778
12.500000 0.022709
12.510000 0.029697
12.520000 0.036741
12.530000 0.043839
12.540000 0.050989
12.550000 0.058190
12.560000 0.065440
12.570000 0.072737
12.580000 0.080079
12.590000 0.087464
12.600000 0.094890
12.610000 0.102355
12.620000 0.109856
12.630000 0.117392
12.640000 0.124961
12.650000 0.132559
12.660000 0.140186
12.670000 0.147837
12.680000 0.155511
12.690000 0.163205
12.700000 0.170917
12.710000 0.178645
12.720000 0.186384
12.730000 0.194134
12.740000 0.201891
12.750000 0.209652
12.760000 0.217414
12.770000 0.225176
12.780000 0.232933
12.790000 0.240683
12.800000 0.248423
12.810000 0.256151
12.820000 0.263862
12.830000 0.271555
12.840000 0.279226
12.850000 0.286872
12.860000 0.294489
12.870000 0.302076
12.880000 0.309629
12.890000 0.317144
12.900000 0.324618
12.910000 0.332049
12.920000 0.339433
12.930000 0.346768
12.940000 0.354049
12.950000 0.361274
12.960000 0.368439
12.970000 0.375542
12.980000 0.382579
12.990000 0.389547
13.000000 0.396443
13.010000 0.403264
13.020000 0.410006
13.030000 0.416667
13.040000 0.423244
13.050000 0.429733
13.060000 0.436132
13.070000 0.442436
13.080000 0.448645
13.090000 0.454753
13.100000 0.460759
13.110000 0.466660
13.120000 0.472452
13.130000 0.478133
13.140000 0.483700
13.150000 0.489150
13.160000 0.494481
13.170000 0.499690
13.180000 0.504774
13.190000 0.509730
13.200000 0.514557
13.210000 0.519252
13.220000 0.523811
13.230000 0.528234
13.240000 0.532517
13.250000 0.536659
13.260000 0.540656
13.270000 0.544508
13.280000 0.548212
13.290000 0.551765
13.300000 0.555167
13.310000 0.558415
13.320000 0.561507
13.330000 0.564442
13.340000 0.567218
13.350000 0.569833
13.360000 0.572286
13.370000 0.574576
13.380000 0.576701
13.390000 0.578659
13.400000 0.580451
13.410000 0.582074
13.420000 0.583528
13.430000 0.584811
13.440000 0.585923
13.450000 0.586863
13.460000 0.587630
13.470000 0.588224
13.480000 0.588644
13.490000 0.588890
13.500000 0.588961
13.510000 0.588857
13.520000 0.588578
13.530000 0.588124
13.540000 0.587495
13.550000 0.586690
13.560000 0.585711
13.570000 0.584556
13.580000 0.583227
13.590000 0.581725
13.600000 0.580048
13.610000 0.578199
13.620000 0.576177
13.630000 0.573984
13.640000 0.571620
13.650000 0.569086
13.660000 0.566384
13.670000 0.563514
13.680000 0.560477
13.690000 0.557275
13.700000 0.553909
13.710000 0.550380
13.720000 0.546691
13.730000 0.542842
13.740000 0.538834
13.750000 0.534671
13.760000 0.530353
13.770000 0.525883
13.780000 0.521262
13.790000 0.516492
13.800000 0.511576
13.810000 0.506515
13.820000 0.501312
13.830000 0.495969
13.840000 0.490488
13.850000 0.484872
13.860000 0.479122
13.870000 0.473243
13.880000 0.467235
13.890000 0.461102
13.900000 0.454846
13.910000 0.448470
13.920000 0.441977
13.930000 0.435370
13.940000 0.428651
13.950000 0.421823
13.960000 0.414890
13.970000 0.407853
13.980000 0.400717
13.990000 0.393484
14.000000 0.386158
14.010000 0.378740
14.020000 0.371236
14.030000 0.363646
14.040000 0.355976
14.050000 0.348228
14.060000 0.340405
14.070000 0.332511
14.080000 0.324548
14.090000 0.316521
14.100000 0.308432
14.110000 0.300285
14.120000 0.292083
14.130000 0.283829
14.140000 0.275527
14.150000 0.267181
14.160000 0.258792
14.170000 0.250366
14.180000 0.241904
14.190000 0.233411
14.200000 0.224890
14.210000 0.216344
14.220000 0.207776
14.230000 0.199191
14.240000 0.190590
14.250000 0.181978
14.260000 0.173358
14.270000 0.164732
14.280000 0.156104
14.290000 0.147478
14.300000 0.138857
14.310000 0.130243
14.320000 0.121640
14.330000 0.113052
14.340000 0.104480
14.350000 0.095929
14.360000 0.087400
14.370000 0.078898
14.380000 0.070425
14.390000 0.061984
14.400000 0.053578
14.410000 0.045210
14.420000 0.036883
14.430000 0.028599
14.440000 0.020361
14.450000 0.012172
14.460000 0.004034
14.470000 -0.004050
14.480000 -0.012077
14.490000 -0.020045
14.500000 -0.027951
14.510000 -0.035794
14.520000 -0.043570
14.530000 -0.051278
14.540000 -0.058915
14.550000 -0.066479
14.560000 -0.073968
14.570000 -0.081379
14.580000 -0.088712
14.590000 -0.095963
14.600000 -0.103131
14.610000 -0.110214
14.620000 -0.117211
14.630000 -0.124119
14.640000 -0.130936
14.650000 -0.137662
14.660000 -0.144295
14.670000 -0.150832
14.680000 -0.157274
14.690000 -0.163618
14.700000 -0.169862
14.710000 -0.176007
14.720000 -0.182050
14.730000 -0.187991
14.740000 -0.193827
14.750000 -0.199560
14.760000 -0.205186
14.770000 -0.210707
14.780000 -0.216120
14.790000 -0.221424
14.800000 -0.226621
14.810000 -0.231707
14.820000 -0.236684
14.830000 -0.241550
14.840000 -0.246306
14.850000 -0.250950
14.860000 -0.255482
14.870000 -0.259902
14.880000 -0.264210
14.890000 -0.268406
14.900000 -0.272490
14.910000 -0.276461
14.920000 -0.280319
14.930000 -0.284065
14.940000 -0.287699
14.950000 -0.291221
14.960000 -0.294631
14.970000 -0.297930
14.980000 -0.301117
14.990000 -0.304193
15.000000 -0.307160
