1230.000000 -10.000000 -0.033692
1230.000000 -9.990000 -0.033745
1230.000000 -9.980000 -0.033797
1230.000000 -9.970000 -0.033847
1230.000000 -9.960000 -0.033895
1230.000000 -9.950000 -0.033941
1230.000000 -9.940000 -0.033985
1230.000000 -9.930000 -0.034027
1230.000000 -9.920000 -0.034068
1230.000000 -9.910000 -0.034108
1230.000000 -9.900000 -0.034145
1230.000000 -9.890000 -0.034182
1230.000000 -9.880000 -0.034217
1230.000000 -9.870000 -0.034250
1230.000000 -9.860000 -0.034282
1230.000000 -9.850000 -0.034313
1230.000000 -9.840000 -0.034343
1230.000000 -9.830000 -0.034372
1230.000000 -9.820000 -0.034400
1230.000000 -9.810000 -0.034426
1230.000000 -9.800000 -0.034452
1230.000000 -9.790000 -0.034476
1230.000000 -9.780000 -0.034500
1230.000000 -9.770000 -0.034523
1230.000000 -9.760000 -0.034546
1230.000000 -9.750000 -0.034567
1230.000000 -9.740000 -0.034588
1230.000000 -9.730000 -0.034608
1230.000000 -9.720000 -0.034628
1230.000000 -9.710000 -0.034647
1230.000000 -9.700000 -0.034666
1230.000000 -9.690000 -0.034684
1230.000000 -9.680000 -0.034703
1230.000000 -9.670000 -0.034720
1230.000000 -9.660000 -0.034738
1230.000000 -9.650000 -0.034755
1230.000000 -9.640000 -0.034772
1230.000000 -9.630000 -0.034789
1230.000000 -9.620000 -0.034806
1230.000000 -9.610000 -0.034823
1230.000000 -9.600000 -0.034840
1230.000000 -9.590000 -0.034857
1230.000000 -9.580000 -0.034874
1230.000000 -9.570000 -0.034892
1230.000000 -9.560000 -0.034909
1230.000000 -9.550000 -0.034927
1230.000000 -9.540000 -0.034945
1230.000000 -9.530000 -0.034964
1230.000000 -9.520000 -0.034983
1230.000000 -9.510000 -0.035002
1230.000000 -9.500000 -0.035022
1230.000000 -9.490000 -0.035042
1230.000000 -9.480000 -0.035063
1230.000000 -9.470000 -0.035084
1230.000000 -9.460000 -0.035106
1230.000000 -9.450000 -0.035128
1230.000000 -9.440000 -0.035152
1230.000000 -9.430000 -0.035175
1230.000000 -9.420000 -0.035200
1230.000000 -9.410000 -0.035226
1230.000000 -9.400000 -0.035252
1230.000000 -9.390000 -0.035279
1230.000000 -9.380000 -0.035307
1230.000000 -9.370000 -0.035336
1230.000000 -9.360000 -0.035366
1230.000000 -9.350000 -0.035397
1230.000000 -9.340000 -0.035429
1230.000000 -9.330000 -0.035461
1230.000000 -9.320000 -0.035495
1230.000000 -9.310000 -0.035530
1230.000000 -9.300000 -0.035566
1230.000000 -9.290000 -0.035603
1230.000000 -9.280000 -0.035642
1230.000000 -9.270000 -0.035681
1230.000000 -9.260000 -0.035722
1230.000000 -9.250000 -0.035764
1230.000000 -9.240000 -0.035807
1230.000000 -9.230000 -0.035851
1230.000000 -9.220000 -0.035896
1230.000000 -9.210000 -0.035943
1230.000000 -9.200000 -0.035991
1230.000000 -9.190000 -0.036041
1230.000000 -9.180000 -0.036092
1230.000000 -9.170000 -0.036144
1230.000000 -9.160000 -0.036197
1230.000000 -9.150000 -0.036252
1230.000000 -9.140000 -0.036308
1230.000000 -9.130000 -0.036365
1230.000000 -9.120000 -0.036424
1230.000000 -9.110000 -0.036484
1230.000000 -9.100000 -0.036546
1230.000000 -9.090000 -0.036609
1230.000000 -9.080000 -0.036673
1230.000000 -9.070000 -0.036739
1230.000000 -9.060000 -0.036806
1230.000000 -9.050000 -0.036875
1230.000000 -9.040000 -0.036945
1230.000000 -9.030000 -0.037016
1230.000000 -9.020000 -0.037089
1230.000000 -9.010000 -0.037163
1230.000000 -9.000000 -0.037239
1230.000000 -8.990000 -0.037316
1230.000000 -8.980000 -0.037394
1230.000000 -8.970000 -0.037474
1230.000000 -8.960000 -0.037555
1230.000000 -8.950000 -0.037638
1230.000000 -8.940000 -0.037722
1230.000000 -8.930000 -0.037807
1230.000000 -8.920000 -0.037893
1230.000000 -8.910000 -0.037981
1230.000000 -8.900000 -0.038070
1230.000000 -8.890000 -0.038161
1230.000000 -8.880000 -0.038252
1230.000000 -8.870000 -0.038345
1230.000000 -8.860000 -0.038439
1230.000000 -8.850000 -0.038535
1230.000000 -8.840000 -0.038631
1230.000000 -8.830000 -0.038729
1230.000000 -8.820000 -0.038828
1230.000000 -8.810000 -0.038927
1230.000000 -8.800000 -0.039028
1230.000000 -8.790000 -0.039130
1230.000000 -8.780000 -0.039234
1230.000000 -8.770000 -0.039338
1230.000000 -8.760000 -0.039443
1230.000000 -8.750000 -0.039549
1230.000000 -8.740000 -0.039655
1230.000000 -8.730000 -0.039763
1230.000000 -8.720000 -0.039872
1230.000000 -8.710000 -0.039981
1230.000000 -8.700000 -0.040091
1230.000000 -8.690000 -0.040201
1230.000000 -8.680000 -0.040313
1230.000000 -8.670000 -0.040425
1230.000000 -8.660000 -0.040537
1230.000000 -8.650000 -0.040650
1230.000000 -8.640000 -0.040764
1230.000000 -8.630000 -0.040878
1230.000000 -8.620000 -0.040992
1230.000000 -8.610000 -0.041106
1230.000000 -8.600000 -0.041221
1230.000000 -8.590000 -0.041336
1230.000000 -8.580000 -0.041451
1230.000000 -8.570000 -0.041566
1230.000000 -8.560000 -0.041681
1230.000000 -8.550000 -0.041797
1230.000000 -8.540000 -0.041911
1230.000000 -8.530000 -0.042026
1230.000000 -8.520000 -0.042141
1230.000000 -8.510000 -0.042255
1230.000000 -8.500000 -0.042369
1230.000000 -8.490000 -0.042482
1230.000000 -8.480000 -0.042594
1230.000000 -8.470000 -0.042706
1230.000000 -8.460000 -0.042817
1230.000000 -8.450000 -0.042928
1230.000000 -8.440000 -0.043037
1230.000000 -8.430000 -0.043146
1230.000000 -8.420000 -0.043253
1230.000000 -8.410000 -0.043359
1230.000000 -8.400000 -0.043464
1230.000000 -8.390000 -0.043568
1230.000000 -8.380000 -0.043670
1230.000000 -8.370000 -0.043770
1230.000000 -8.360000 -0.043869
1230.000000 -8.350000 -0.043966
1230.000000 -8.340000 -0.044061
1230.000000 -8.330000 -0.044154
1230.000000 -8.320000 -0.044244
1230.000000 -8.310000 -0.044333
1230.000000 -8.300000 -0.044419
1230.000000 -8.290000 -0.044503
1230.000000 -8.280000 -0.044584
1230.000000 -8.270000 -0.044662
1230.000000 -8.260000 -0.044737
1230.000000 -8.250000 -0.044810
1230.000000 -8.240000 -0.044879
1230.000000 -8.230000 -0.044945
1230.000000 -8.220000 -0.045007
1230.000000 -8.210000 -0.045066
1230.000000 -8.200000 -0.045121
1230.000000 -8.190000 -0.045172
1230.000000 -8.180000 -0.045219
1230.000000 -8.170000 -0.045262
1230.000000 -8.160000 -0.045301
1230.000000 -8.150000 -0.045335
1230.000000 -8.140000 -0.045365
1230.000000 -8.130000 -0.045389
1230.000000 -8.120000 -0.045409
1230.000000 -8.110000 -0.045423
1230.000000 -8.100000 -0.045432
1230.000000 -8.090000 -0.045436
1230.000000 -8.080000 -0.045433
1230.000000 -8.070000 -0.045425
1230.000000 -8.060000 -0.045411
1230.000000 -8.050000 -0.045390
1230.000000 -8.040000 -0.045363
1230.000000 -8.030000 -0.045329
1230.000000 -8.020000 -0.045288
1230.000000 -8.010000 -0.045240
1230.000000 -8.000000 -0.045185
1230.000000 -7.990000 -0.045122
1230.000000 -7.980000 -0.045052
1230.000000 -7.970000 -0.044973
1230.000000 -7.960000 -0.044887
1230.000000 -7.950000 -0.044791
1230.000000 -7.940000 -0.044688
1230.000000 -7.930000 -0.044575
1230.000000 -7.920000 -0.044453
1230.000000 -7.910000 -0.044322
1230.000000 -7.900000 -0.044181
1230.000000 -7.890000 -0.044031
1230.000000 -7.880000 -0.043870
1230.000000 -7.870000 -0.043699
1230.000000 -7.860000 -0.043517
1230.000000 -7.850000 -0.043324
1230.000000 -7.840000 -0.043121
1230.000000 -7.830000 -0.042905
1230.000000 -7.820000 -0.042678
1230.000000 -7.810000 -0.042440
1230.000000 -7.800000 -0.042188
1230.000000 -7.790000 -0.041925
1230.000000 -7.780000 -0.041648
1230.000000 -7.770000 -0.041359
1230.000000 -7.760000 -0.041055
1230.000000 -7.750000 -0.040739
1230.000000 -7.740000 -0.040408
1230.000000 -7.730000 -0.040063
1230.000000 -7.720000 -0.039703
1230.000000 -7.710000 -0.039328
1230.000000 -7.700000 -0.038938
1230.000000 -7.690000 -0.038533
1230.000000 -7.680000 -0.038111
1230.000000 -7.670000 -0.037674
1230.000000 -7.660000 -0.037219
1230.000000 -7.650000 -0.036748
1230.000000 -7.640000 -0.036260
1230.000000 -7.630000 -0.035754
1230.000000 -7.620000 -0.035230
1230.000000 -7.610000 -0.034687
1230.000000 -7.600000 -0.034126
1230.000000 -7.590000 -0.033546
1230.000000 -7.580000 -0.032947
1230.000000 -7.570000 -0.032328
1230.000000 -7.560000 -0.031689
1230.000000 -7.550000 -0.031029
1230.000000 -7.540000 -0.030349
1230.000000 -7.530000 -0.029647
1230.000000 -7.520000 -0.028924
1230.000000 -7.510000 -0.028179
1230.000000 -7.500000 -0.027411
1230.000000 -7.490000 -0.026621
1230.000000 -7.480000 -0.025807
1230.000000 -7.470000 -0.024970
1230.000000 -7.460000 -0.024109
1230.000000 -7.450000 -0.023224
1230.000000 -7.440000 -0.022314
1230.000000 -7.430000 -0.021379
1230.000000 -7.420000 -0.020418
1230.000000 -7.410000 -0.019431
1230.000000 -7.400000 -0.018418
1230.000000 -7.390000 -0.017379
1230.000000 -7.380000 -0.016312
1230.000000 -7.370000 -0.015217
1230.000000 -7.360000 -0.014095
1230.000000 -7.350000 -0.012944
1230.000000 -7.340000 -0.011764
1230.000000 -7.330000 -0.010556
1230.000000 -7.320000 -0.009317
1230.000000 -7.310000 -0.008049
1230.000000 -7.300000 -0.006750
1230.000000 -7.290000 -0.005420
1230.000000 -7.280000 -0.004058
1230.000000 -7.270000 -0.002666
1230.000000 -7.260000 -0.001241
1230.000000 -7.250000 0.000217
1230.000000 -7.240000 0.001707
1230.000000 -7.230000 0.003231
1230.000000 -7.220000 0.004788
1230.000000 -7.210000 0.006380
1230.000000 -7.200000 0.008006
1230.000000 -7.190000 0.009666
1230.000000 -7.180000 0.011363
1230.000000 -7.170000 0.013094
1230.000000 -7.160000 0.014862
1230.000000 -7.150000 0.016666
1230.000000 -7.140000 0.018507
1230.000000 -7.130000 0.020385
1230.000000 -7.120000 0.022301
1230.000000 -7.110000 0.024254
1230.000000 -7.100000 0.026245
1230.000000 -7.090000 0.028275
1230.000000 -7.080000 0.030344
1230.000000 -7.070000 0.032452
1230.000000 -7.060000 0.034599
1230.000000 -7.050000 0.036786
1230.000000 -7.040000 0.039013
1230.000000 -7.030000 0.041280
1230.000000 -7.020000 0.043588
1230.000000 -7.010000 0.045936
1230.000000 -7.000000 0.048326
1230.000000 -6.990000 0.050756
1230.000000 -6.980000 0.053228
1230.000000 -6.970000 0.055742
1230.000000 -6.960000 0.058298
1230.000000 -6.950000 0.060895
1230.000000 -6.940000 0.063535
1230.000000 -6.930000 0.066217
1230.000000 -6.920000 0.068941
1230.000000 -6.910000 0.071708
1230.000000 -6.900000 0.074517
1230.000000 -6.890000 0.077369
1230.000000 -6.880000 0.080264
1230.000000 -6.870000 0.083201
1230.000000 -6.860000 0.086182
1230.000000 -6.850000 0.089205
1230.000000 -6.840000 0.092270
1230.000000 -6.830000 0.095378
1230.000000 -6.820000 0.098529
1230.000000 -6.810000 0.101722
1230.000000 -6.800000 0.104958
1230.000000 -6.790000 0.108236
1230.000000 -6.780000 0.111556
1230.000000 -6.770000 0.114917
1230.000000 -6.760000 0.118320
1230.000000 -6.750000 0.121765
1230.000000 -6.740000 0.125250
1230.000000 -6.730000 0.128777
1230.000000 -6.720000 0.132344
1230.000000 -6.710000 0.135951
1230.000000 -6.700000 0.139597
1230.000000 -6.690000 0.143283
1230.000000 -6.680000 0.147008
1230.000000 -6.670000 0.150771
1230.000000 -6.660000 0.154572
1230.000000 -6.650000 0.158410
1230.000000 -6.640000 0.162285
1230.000000 -6.630000 0.166196
1230.000000 -6.620000 0.170143
1230.000000 -6.610000 0.174124
1230.000000 -6.600000 0.178140
1230.000000 -6.590000 0.182189
1230.000000 -6.580000 0.186270
1230.000000 -6.570000 0.190384
1230.000000 -6.560000 0.194528
1230.000000 -6.550000 0.198703
1230.000000 -6.540000 0.202907
1230.000000 -6.530000 0.207140
1230.000000 -6.520000 0.211399
1230.000000 -6.510000 0.215685
1230.000000 -6.500000 0.219997
1230.000000 -6.490000 0.224332
1230.000000 -6.480000 0.228691
1230.000000 -6.470000 0.233072
1230.000000 -6.460000 0.237474
1230.000000 -6.450000 0.241895
1230.000000 -6.440000 0.246335
1230.000000 -6.430000 0.250791
1230.000000 -6.420000 0.255264
1230.000000 -6.410000 0.259751
1230.000000 -6.400000 0.264250
1230.000000 -6.390000 0.268762
1230.000000 -6.380000 0.273283
1230.000000 -6.370000 0.277814
1230.000000 -6.360000 0.282351
1230.000000 -6.350000 0.286894
1230.000000 -6.340000 0.291441
1230.000000 -6.330000 0.295990
1230.000000 -6.320000 0.300540
1230.000000 -6.310000 0.305089
1230.000000 -6.300000 0.309635
1230.000000 -6.290000 0.314177
1230.000000 -6.280000 0.318713
1230.000000 -6.270000 0.323240
1230.000000 -6.260000 0.327758
1230.000000 -6.250000 0.332264
1230.000000 -6.240000 0.336757
1230.000000 -6.230000 0.341234
1230.000000 -6.220000 0.345693
1230.000000 -6.210000 0.350133
1230.000000 -6.200000 0.354552
1230.000000 -6.190000 0.358947
1230.000000 -6.180000 0.363316
1230.000000 -6.170000 0.367659
1230.000000 -6.160000 0.371971
1230.000000 -6.150000 0.376252
1230.000000 -6.140000 0.380499
1230.000000 -6.130000 0.384710
1230.000000 -6.120000 0.388883
1230.000000 -6.110000 0.393016
1230.000000 -6.100000 0.397106
1230.000000 -6.090000 0.401152
1230.000000 -6.080000 0.405151
1230.000000 -6.070000 0.409101
1230.000000 -6.060000 0.412999
1230.000000 -6.050000 0.416845
1230.000000 -6.040000 0.420634
1230.000000 -6.030000 0.424366
1230.000000 -6.020000 0.428037
1230.000000 -6.010000 0.431646
1230.000000 -6.000000 0.435190
1230.000000 -5.990000 0.438668
1230.000000 -5.980000 0.442076
1230.000000 -5.970000 0.445413
1230.000000 -5.960000 0.448676
1230.000000 -5.950000 0.451864
1230.000000 -5.940000 0.454973
1230.000000 -5.930000 0.458002
1230.000000 -5.920000 0.460949
1230.000000 -5.910000 0.463811
1230.000000 -5.900000 0.466586
1230.000000 -5.890000 0.469273
1230.000000 -5.880000 0.471868
1230.000000 -5.870000 0.474370
1230.000000 -5.860000 0.476777
1230.000000 -5.850000 0.479086
1230.000000 -5.840000 0.481296
1230.000000 -5.830000 0.483405
1230.000000 -5.820000 0.485410
1230.000000 -5.810000 0.487310
1230.000000 -5.800000 0.489103
1230.000000 -5.790000 0.490786
1230.000000 -5.780000 0.492359
1230.000000 -5.770000 0.493818
1230.000000 -5.760000 0.495163
1230.000000 -5.750000 0.496391
1230.000000 -5.740000 0.497501
1230.000000 -5.730000 0.498491
1230.000000 -5.720000 0.499360
1230.000000 -5.710000 0.500105
1230.000000 -5.700000 0.500726
1230.000000 -5.690000 0.501221
1230.000000 -5.680000 0.501588
1230.000000 -5.670000 0.501826
1230.000000 -5.660000 0.501934
1230.000000 -5.650000 0.501910
1230.000000 -5.640000 0.501753
1230.000000 -5.630000 0.501462
1230.000000 -5.620000 0.501036
1230.000000 -5.610000 0.500474
1230.000000 -5.600000 0.499774
1230.000000 -5.590000 0.498936
1230.000000 -5.580000 0.497959
1230.000000 -5.570000 0.496842
1230.000000 -5.560000 0.495584
1230.000000 -5.550000 0.494184
1230.000000 -5.540000 0.492643
1230.000000 -5.530000 0.490958
1230.000000 -5.520000 0.489131
1230.000000 -5.510000 0.487160
1230.000000 -5.500000 0.485044
1230.000000 -5.490000 0.482785
1230.000000 -5.480000 0.480381
1230.000000 -5.470000 0.477832
1230.000000 -5.460000 0.475138
1230.000000 -5.450000 0.472299
1230.000000 -5.440000 0.469316
1230.000000 -5.430000 0.466187
1230.000000 -5.420000 0.462915
1230.000000 -5.410000 0.459497
1230.000000 -5.400000 0.455936
1230.000000 -5.390000 0.452232
1230.000000 -5.380000 0.448384
1230.000000 -5.370000 0.444394
1230.000000 -5.360000 0.440262
1230.000000 -5.350000 0.435989
1230.000000 -5.340000 0.431576
1230.000000 -5.330000 0.427023
1230.000000 -5.320000 0.422331
1230.000000 -5.310000 0.417502
1230.000000 -5.300000 0.412537
1230.000000 -5.290000 0.407436
1230.000000 -5.280000 0.402200
1230.000000 -5.270000 0.396832
1230.000000 -5.260000 0.391332
1230.000000 -5.250000 0.385703
1230.000000 -5.240000 0.379944
1230.000000 -5.230000 0.374059
1230.000000 -5.220000 0.368048
1230.000000 -5.210000 0.361914
1230.000000 -5.200000 0.355657
1230.000000 -5.190000 0.349281
1230.000000 -5.180000 0.342786
1230.000000 -5.170000 0.336175
1230.000000 -5.160000 0.329450
1230.000000 -5.150000 0.322613
1230.000000 -5.140000 0.315666
1230.000000 -5.130000 0.308611
1230.000000 -5.120000 0.301451
1230.000000 -5.110000 0.294187
1230.000000 -5.100000 0.286823
1230.000000 -5.090000 0.279361
1230.000000 -5.080000 0.271802
1230.000000 -5.070000 0.264151
1230.000000 -5.060000 0.256408
1230.000000 -5.050000 0.248578
1230.000000 -5.040000 0.240662
1230.000000 -5.030000 0.232664
1230.000000 -5.020000 0.224586
1230.000000 -5.010000 0.216431
1230.000000 -5.000000 0.208202
1230.000000 -4.990000 0.199902
1230.000000 -4.980000 0.191533
1230.000000 -4.970000 0.183099
1230.000000 -4.960000 0.174603
1230.000000 -4.950000 0.166047
1230.000000 -4.940000 0.157435
1230.000000 -4.930000 0.148771
1230.000000 -4.920000 0.140056
1230.000000 -4.910000 0.131294
1230.000000 -4.900000 0.122489
1230.000000 -4.890000 0.113643
1230.000000 -4.880000 0.104760
1230.000000 -4.870000 0.095844
1230.000000 -4.860000 0.086896
1230.000000 -4.850000 0.077921
1230.000000 -4.840000 0.068921
1230.000000 -4.830000 0.059901
1230.000000 -4.820000 0.050863
1230.000000 -4.810000 0.041811
1230.000000 -4.800000 0.032747
1230.000000 -4.790000 0.023676
1230.000000 -4.780000 0.014601
1230.000000 -4.770000 0.005524
1230.000000 -4.760000 -0.003551
1230.000000 -4.750000 -0.012621
1230.000000 -4.740000 -0.021682
1230.000000 -4.730000 -0.030731
1230.000000 -4.720000 -0.039764
1230.000000 -4.710000 -0.048780
1230.000000 -4.700000 -0.057774
1230.000000 -4.690000 -0.066743
1230.000000 -4.680000 -0.075685
1230.000000 -4.670000 -0.084595
1230.000000 -4.660000 -0.093471
1230.000000 -4.650000 -0.102310
1230.000000 -4.640000 -0.111108
1230.000000 -4.630000 -0.119864
1230.000000 -4.620000 -0.128572
1230.000000 -4.610000 -0.137232
1230.000000 -4.600000 -0.145839
1230.000000 -4.590000 -0.154390
1230.000000 -4.580000 -0.162884
1230.000000 -4.570000 -0.171317
1230.000000 -4.560000 -0.179686
1230.000000 -4.550000 -0.187988
1230.000000 -4.540000 -0.196221
1230.000000 -4.530000 -0.204383
1230.000000 -4.520000 -0.212470
1230.000000 -4.510000 -0.220480
1230.000000 -4.500000 -0.228411
1230.000000 -4.490000 -0.236259
1230.000000 -4.480000 -0.244023
1230.000000 -4.470000 -0.251701
1230.000000 -4.460000 -0.259289
1230.000000 -4.450000 -0.266786
1230.000000 -4.440000 -0.274190
1230.000000 -4.430000 -0.281498
1230.000000 -4.420000 -0.288708
1230.000000 -4.410000 -0.295819
1230.000000 -4.400000 -0.302827
1230.000000 -4.390000 -0.309733
1230.000000 -4.380000 -0.316532
1230.000000 -4.370000 -0.323225
1230.000000 -4.360000 -0.329809
1230.000000 -4.350000 -0.336282
1230.000000 -4.340000 -0.342643
1230.000000 -4.330000 -0.348890
1230.000000 -4.320000 -0.355022
1230.000000 -4.310000 -0.361038
1230.000000 -4.300000 -0.366936
1230.000000 -4.290000 -0.372714
1230.000000 -4.280000 -0.378373
1230.000000 -4.270000 -0.383910
1230.000000 -4.260000 -0.389324
1230.000000 -4.250000 -0.394615
1230.000000 -4.240000 -0.399782
1230.000000 -4.230000 -0.404823
1230.000000 -4.220000 -0.409738
1230.000000 -4.210000 -0.414527
1230.000000 -4.200000 -0.419188
1230.000000 -4.190000 -0.423720
1230.000000 -4.180000 -0.428125
1230.000000 -4.170000 -0.432400
1230.000000 -4.160000 -0.436546
1230.000000 -4.150000 -0.440562
1230.000000 -4.140000 -0.444448
1230.000000 -4.130000 -0.448204
1230.000000 -4.120000 -0.451829
1230.000000 -4.110000 -0.455324
1230.000000 -4.100000 -0.458688
1230.000000 -4.090000 -0.461922
1230.000000 -4.080000 -0.465026
1230.000000 -4.070000 -0.468000
1230.000000 -4.060000 -0.470844
1230.000000 -4.050000 -0.473558
1230.000000 -4.040000 -0.476143
1230.000000 -4.030000 -0.478599
1230.000000 -4.020000 -0.480926
1230.000000 -4.010000 -0.483126
1230.000000 -4.000000 -0.485199
1230.000000 -3.990000 -0.487145
1230.000000 -3.980000 -0.488965
1230.000000 -3.970000 -0.490660
1230.000000 -3.960000 -0.492231
1230.000000 -3.950000 -0.493678
1230.000000 -3.940000 -0.495002
1230.000000 -3.930000 -0.496205
1230.000000 -3.920000 -0.497287
1230.000000 -3.910000 -0.498250
1230.000000 -3.900000 -0.499093
1230.000000 -3.890000 -0.499820
1230.000000 -3.880000 -0.500430
1230.000000 -3.870000 -0.500925
1230.000000 -3.860000 -0.501307
1230.000000 -3.850000 -0.501575
1230.000000 -3.840000 -0.501733
1230.000000 -3.830000 -0.501781
1230.000000 -3.820000 -0.501720
1230.000000 -3.810000 -0.501553
1230.000000 -3.800000 -0.501280
1230.000000 -3.790000 -0.500903
1230.000000 -3.780000 -0.500424
1230.000000 -3.770000 -0.499844
1230.000000 -3.760000 -0.499165
1230.000000 -3.750000 -0.498388
1230.000000 -3.740000 -0.497515
1230.000000 -3.730000 -0.496547
1230.000000 -3.720000 -0.495487
1230.000000 -3.710000 -0.494337
1230.000000 -3.700000 -0.493097
1230.000000 -3.690000 -0.491769
1230.000000 -3.680000 -0.490356
1230.000000 -3.670000 -0.488859
1230.000000 -3.660000 -0.487280
1230.000000 -3.650000 -0.485621
1230.000000 -3.640000 -0.483884
1230.000000 -3.630000 -0.482070
1230.000000 -3.620000 -0.480181
1230.000000 -3.610000 -0.478220
1230.000000 -3.600000 -0.476187
1230.000000 -3.590000 -0.474085
1230.000000 -3.580000 -0.471917
1230.000000 -3.570000 -0.469683
1230.000000 -3.560000 -0.467385
1230.000000 -3.550000 -0.465026
1230.000000 -3.540000 -0.462607
1230.000000 -3.530000 -0.460131
1230.000000 -3.520000 -0.457598
1230.000000 -3.510000 -0.455012
1230.000000 -3.500000 -0.452374
1230.000000 -3.490000 -0.449685
1230.000000 -3.480000 -0.446948
1230.000000 -3.470000 -0.444165
1230.000000 -3.460000 -0.441337
1230.000000 -3.450000 -0.438466
1230.000000 -3.440000 -0.435554
1230.000000 -3.430000 -0.432603
1230.000000 -3.420000 -0.429615
1230.000000 -3.410000 -0.426591
1230.000000 -3.400000 -0.423534
1230.000000 -3.390000 -0.420444
1230.000000 -3.380000 -0.417325
1230.000000 -3.370000 -0.414177
1230.000000 -3.360000 -0.411002
1230.000000 -3.350000 -0.407803
1230.000000 -3.340000 -0.404580
1230.000000 -3.330000 -0.401335
1230.000000 -3.320000 -0.398070
1230.000000 -3.310000 -0.394788
1230.000000 -3.300000 -0.391488
1230.000000 -3.290000 -0.388173
1230.000000 -3.280000 -0.384845
1230.000000 -3.270000 -0.381504
1230.000000 -3.260000 -0.378153
1230.000000 -3.250000 -0.374794
1230.000000 -3.240000 -0.371426
1230.000000 -3.230000 -0.368053
1230.000000 -3.220000 -0.364675
1230.000000 -3.210000 -0.361293
1230.000000 -3.200000 -0.357910
1230.000000 -3.190000 -0.354527
1230.000000 -3.180000 -0.351144
1230.000000 -3.170000 -0.347763
1230.000000 -3.160000 -0.344386
1230.000000 -3.150000 -0.341014
1230.000000 -3.140000 -0.337647
1230.000000 -3.130000 -0.334288
1230.000000 -3.120000 -0.330937
1230.000000 -3.110000 -0.327595
1230.000000 -3.100000 -0.324264
1230.000000 -3.090000 -0.320944
1230.000000 -3.080000 -0.317637
1230.000000 -3.070000 -0.314344
1230.000000 -3.060000 -0.311066
1230.000000 -3.050000 -0.307804
1230.000000 -3.040000 -0.304558
1230.000000 -3.030000 -0.301330
1230.000000 -3.020000 -0.298121
1230.000000 -3.010000 -0.294931
1230.000000 -3.000000 -0.291761
1230.000000 -2.990000 -0.288613
1230.000000 -2.980000 -0.285486
1230.000000 -2.970000 -0.282383
1230.000000 -2.960000 -0.279303
1230.000000 -2.950000 -0.276247
1230.000000 -2.940000 -0.273216
1230.000000 -2.930000 -0.270211
1230.000000 -2.920000 -0.267232
1230.000000 -2.910000 -0.264281
1230.000000 -2.900000 -0.261357
1230.000000 -2.890000 -0.258461
1230.000000 -2.880000 -0.255594
1230.000000 -2.870000 -0.252756
1230.000000 -2.860000 -0.249949
1230.000000 -2.850000 -0.247172
1230.000000 -2.840000 -0.244426
1230.000000 -2.830000 -0.241711
1230.000000 -2.820000 -0.239029
1230.000000 -2.810000 -0.236378
1230.000000 -2.800000 -0.233761
1230.000000 -2.790000 -0.231177
1230.000000 -2.780000 -0.228626
1230.000000 -2.770000 -0.226110
1230.000000 -2.760000 -0.223628
1230.000000 -2.750000 -0.221181
1230.000000 -2.740000 -0.218769
1230.000000 -2.730000 -0.216392
1230.000000 -2.720000 -0.214051
1230.000000 -2.710000 -0.211747
1230.000000 -2.700000 -0.209479
1230.000000 -2.690000 -0.207247
1230.000000 -2.680000 -0.205053
1230.000000 -2.670000 -0.202895
1230.000000 -2.660000 -0.200776
1230.000000 -2.650000 -0.198694
1230.000000 -2.640000 -0.196650
1230.000000 -2.630000 -0.194644
1230.000000 -2.620000 -0.192677
1230.000000 -2.610000 -0.190749
1230.000000 -2.600000 -0.188860
1230.000000 -2.590000 -0.187010
1230.000000 -2.580000 -0.185199
1230.000000 -2.570000 -0.183429
1230.000000 -2.560000 -0.181698
1230.000000 -2.550000 -0.180007
1230.000000 -2.540000 -0.178356
1230.000000 -2.530000 -0.176747
1230.000000 -2.520000 -0.175178
1230.000000 -2.510000 -0.173650
1230.000000 -2.500000 -0.172163
1230.000000 -2.490000 -0.170718
1230.000000 -2.480000 -0.169314
1230.000000 -2.470000 -0.167953
1230.000000 -2.460000 -0.166634
1230.000000 -2.450000 -0.165357
1230.000000 -2.440000 -0.164123
1230.000000 -2.430000 -0.162932
1230.000000 -2.420000 -0.161784
1230.000000 -2.410000 -0.160680
1230.000000 -2.400000 -0.159620
1230.000000 -2.390000 -0.158603
1230.000000 -2.380000 -0.157631
1230.000000 -2.370000 -0.156704
1230.000000 -2.360000 -0.155822
1230.000000 -2.350000 -0.154986
1230.000000 -2.340000 -0.154195
1230.000000 -2.330000 -0.153450
1230.000000 -2.320000 -0.152752
1230.000000 -2.310000 -0.152101
1230.000000 -2.300000 -0.151496
1230.000000 -2.290000 -0.150940
1230.000000 -2.280000 -0.150432
1230.000000 -2.270000 -0.149972
1230.000000 -2.260000 -0.149561
1230.000000 -2.250000 -0.149199
1230.000000 -2.240000 -0.148888
1230.000000 -2.230000 -0.148627
1230.000000 -2.220000 -0.148417
1230.000000 -2.210000 -0.148258
1230.000000 -2.200000 -0.148152
1230.000000 -2.190000 -0.148097
1230.000000 -2.180000 -0.148097
1230.000000 -2.170000 -0.148149
1230.000000 -2.160000 -0.148257
1230.000000 -2.150000 -0.148419
1230.000000 -2.140000 -0.148637
1230.000000 -2.130000 -0.148911
1230.000000 -2.120000 -0.149243
1230.000000 -2.110000 -0.149632
1230.000000 -2.100000 -0.150079
1230.000000 -2.090000 -0.150586
1230.000000 -2.080000 -0.151153
1230.000000 -2.070000 -0.151780
1230.000000 -2.060000 -0.152469
1230.000000 -2.050000 -0.153221
1230.000000 -2.040000 -0.154035
1230.000000 -2.030000 -0.154914
1230.000000 -2.020000 -0.155858
1230.000000 -2.010000 -0.156868
1230.000000 -2.000000 -0.157945
1230.000000 -1.990000 -0.159089
1230.000000 -1.980000 -0.160302
1230.000000 -1.970000 -0.161585
1230.000000 -1.960000 -0.162939
1230.000000 -1.950000 -0.164365
1230.000000 -1.940000 -0.165863
1230.000000 -1.930000 -0.167435
1230.000000 -1.920000 -0.169083
1230.000000 -1.910000 -0.170806
1230.000000 -1.900000 -0.172607
1230.000000 -1.890000 -0.174486
1230.000000 -1.880000 -0.176445
1230.000000 -1.870000 -0.178484
1230.000000 -1.860000 -0.180606
1230.000000 -1.850000 -0.182811
1230.000000 -1.840000 -0.185100
1230.000000 -1.830000 -0.187475
1230.000000 -1.820000 -0.189937
1230.000000 -1.810000 -0.192487
1230.000000 -1.800000 -0.195127
1230.000000 -1.790000 -0.197859
1230.000000 -1.780000 -0.200682
1230.000000 -1.770000 -0.203599
1230.000000 -1.760000 -0.206612
1230.000000 -1.750000 -0.209721
1230.000000 -1.740000 -0.212928
1230.000000 -1.730000 -0.216234
1230.000000 -1.720000 -0.219642
1230.000000 -1.710000 -0.223152
1230.000000 -1.700000 -0.226766
1230.000000 -1.690000 -0.230485
1230.000000 -1.680000 -0.234311
1230.000000 -1.670000 -0.238246
1230.000000 -1.660000 -0.242290
1230.000000 -1.650000 -0.246447
1230.000000 -1.640000 -0.250716
1230.000000 -1.630000 -0.255100
1230.000000 -1.620000 -0.259600
1230.000000 -1.610000 -0.264219
1230.000000 -1.600000 -0.268957
1230.000000 -1.590000 -0.273816
1230.000000 -1.580000 -0.278797
1230.000000 -1.570000 -0.283904
1230.000000 -1.560000 -0.289136
1230.000000 -1.550000 -0.294496
1230.000000 -1.540000 -0.299985
1230.000000 -1.530000 -0.305605
1230.000000 -1.520000 -0.311357
1230.000000 -1.510000 -0.317244
1230.000000 -1.500000 -0.323267
1230.000000 -1.490000 -0.329427
1230.000000 -1.480000 -0.335726
1230.000000 -1.470000 -0.342165
1230.000000 -1.460000 -0.348747
1230.000000 -1.450000 -0.355473
1230.000000 -1.440000 -0.362345
1230.000000 -1.430000 -0.369363
1230.000000 -1.420000 -0.376530
1230.000000 -1.410000 -0.383848
1230.000000 -1.400000 -0.391317
1230.000000 -1.390000 -0.398939
1230.000000 -1.380000 -0.406716
1230.000000 -1.370000 -0.414650
1230.000000 -1.360000 -0.422741
1230.000000 -1.350000 -0.430991
1230.000000 -1.340000 -0.439402
1230.000000 -1.330000 -0.447974
1230.000000 -1.320000 -0.456710
1230.000000 -1.310000 -0.465610
1230.000000 -1.300000 -0.474677
1230.000000 -1.290000 -0.483910
1230.000000 -1.280000 -0.493311
1230.000000 -1.270000 -0.502882
1230.000000 -1.260000 -0.512624
1230.000000 -1.250000 -0.522537
1230.000000 -1.240000 -0.532623
1230.000000 -1.230000 -0.542882
1230.000000 -1.220000 -0.553316
1230.000000 -1.210000 -0.563926
1230.000000 -1.200000 -0.574711
1230.000000 -1.190000 -0.585674
1230.000000 -1.180000 -0.596814
1230.000000 -1.170000 -0.608133
1230.000000 -1.160000 -0.619630
1230.000000 -1.150000 -0.631307
1230.000000 -1.140000 -0.643163
1230.000000 -1.130000 -0.655200
1230.000000 -1.120000 -0.667417
1230.000000 -1.110000 -0.679814
1230.000000 -1.100000 -0.692393
1230.000000 -1.090000 -0.705152
1230.000000 -1.080000 -0.718091
1230.000000 -1.070000 -0.731211
1230.000000 -1.060000 -0.744512
1230.000000 -1.050000 -0.757992
1230.000000 -1.040000 -0.771652
1230.000000 -1.030000 -0.785491
1230.000000 -1.020000 -0.799508
1230.000000 -1.010000 -0.813702
1230.000000 -1.000000 -0.828073
1230.000000 -0.990000 -0.842621
1230.000000 -0.980000 -0.857342
1230.000000 -0.970000 -0.872238
1230.000000 -0.960000 -0.887305
1230.000000 -0.950000 -0.902543
1230.000000 -0.940000 -0.917951
1230.000000 -0.930000 -0.933526
1230.000000 -0.920000 -0.949267
1230.000000 -0.910000 -0.965172
1230.000000 -0.900000 -0.981238
1230.000000 -0.890000 -0.997465
1230.000000 -0.880000 -1.013848
1230.000000 -0.870000 -1.030387
1230.000000 -0.860000 -1.047077
1230.000000 -0.850000 -1.063918
1230.000000 -0.840000 -1.080905
1230.000000 -0.830000 -1.098035
1230.000000 -0.820000 -1.115306
1230.000000 -0.810000 -1.132715
1230.000000 -0.800000 -1.150257
1230.000000 -0.790000 -1.167929
1230.000000 -0.780000 -1.185727
1230.000000 -0.770000 -1.203648
1230.000000 -0.760000 -1.221687
1230.000000 -0.750000 -1.239841
1230.000000 -0.740000 -1.258104
1230.000000 -0.730000 -1.276472
1230.000000 -0.720000 -1.294941
1230.000000 -0.710000 -1.313506
1230.000000 -0.700000 -1.332161
1230.000000 -0.690000 -1.350902
1230.000000 -0.680000 -1.369724
1230.000000 -0.670000 -1.388620
1230.000000 -0.660000 -1.407585
1230.000000 -0.650000 -1.426613
1230.000000 -0.640000 -1.445699
1230.000000 -0.630000 -1.464836
1230.000000 -0.620000 -1.484019
1230.000000 -0.610000 -1.503240
1230.000000 -0.600000 -1.522493
1230.000000 -0.590000 -1.541771
1230.000000 -0.580000 -1.561068
1230.000000 -0.570000 -1.580376
1230.000000 -0.560000 -1.599689
1230.000000 -0.550000 -1.618998
1230.000000 -0.540000 -1.638297
1230.000000 -0.530000 -1.657578
1230.000000 -0.520000 -1.676833
1230.000000 -0.510000 -1.696055
1230.000000 -0.500000 -1.715235
1230.000000 -0.490000 -1.734365
1230.000000 -0.480000 -1.753436
1230.000000 -0.470000 -1.772442
1230.000000 -0.460000 -1.791372
1230.000000 -0.450000 -1.810218
1230.000000 -0.440000 -1.828972
1230.000000 -0.430000 -1.847625
1230.000000 -0.420000 -1.866167
1230.000000 -0.410000 -1.884590
1230.000000 -0.400000 -1.902885
1230.000000 -0.390000 -1.921041
1230.000000 -0.380000 -1.939050
1230.000000 -0.370000 -1.956902
1230.000000 -0.360000 -1.974588
1230.000000 -0.350000 -1.992098
1230.000000 -0.340000 -2.009422
1230.000000 -0.330000 -2.026551
1230.000000 -0.320000 -2.043475
1230.000000 -0.310000 -2.060183
1230.000000 -0.300000 -2.076667
1230.000000 -0.290000 -2.092915
1230.000000 -0.280000 -2.108918
1230.000000 -0.270000 -2.124666
1230.000000 -0.260000 -2.140149
1230.000000 -0.250000 -2.155356
1230.000000 -0.240000 -2.170278
1230.000000 -0.230000 -2.184904
1230.000000 -0.220000 -2.199224
1230.000000 -0.210000 -2.213228
1230.000000 -0.200000 -2.226906
1230.000000 -0.190000 -2.240248
1230.000000 -0.180000 -2.253244
1230.000000 -0.170000 -2.265883
1230.000000 -0.160000 -2.278157
1230.000000 -0.150000 -2.290053
1230.000000 -0.140000 -2.301564
1230.000000 -0.130000 -2.312678
1230.000000 -0.120000 -2.323387
1230.000000 -0.110000 -2.333680
1230.000000 -0.100000 -2.343547
1230.000000 -0.090000 -2.352980
1230.000000 -0.080000 -2.361969
1230.000000 -0.070000 -2.370504
1230.000000 -0.060000 -2.378577
1230.000000 -0.050000 -2.386177
1230.000000 -0.040000 -2.393297
1230.000000 -0.030000 -2.399926
1230.000000 -0.020000 -2.406058
1230.000000 -0.010000 -2.411682
1230.000000 -0.000000 -2.416791
1230.000000 0.010000 -2.421376
1230.000000 0.020000 -2.425429
1230.000000 0.030000 -2.428943
1230.000000 0.040000 -2.431909
1230.000000 0.050000 -2.434320
1230.000000 0.060000 -2.436169
1230.000000 0.070000 -2.437449
1230.000000 0.080000 -2.438152
1230.000000 0.090000 -2.438273
1230.000000 0.100000 -2.437804
1230.000000 0.110000 -2.436739
1230.000000 0.120000 -2.435073
1230.000000 0.130000 -2.432799
1230.000000 0.140000 -2.429912
1230.000000 0.150000 -2.426407
1230.000000 0.160000 -2.422279
1230.000000 0.170000 -2.417523
1230.000000 0.180000 -2.412135
1230.000000 0.190000 -2.406110
1230.000000 0.200000 -2.399445
1230.000000 0.210000 -2.392135
1230.000000 0.220000 -2.384179
1230.000000 0.230000 -2.375572
1230.000000 0.240000 -2.366312
1230.000000 0.250000 -2.356397
1230.000000 0.260000 -2.345825
1230.000000 0.270000 -2.334593
1230.000000 0.280000 -2.322700
1230.000000 0.290000 -2.310146
1230.000000 0.300000 -2.296929
1230.000000 0.310000 -2.283050
1230.000000 0.320000 -2.268507
1230.000000 0.330000 -2.253300
1230.000000 0.340000 -2.237432
1230.000000 0.350000 -2.220902
1230.000000 0.360000 -2.203711
1230.000000 0.370000 -2.185862
1230.000000 0.380000 -2.167355
1230.000000 0.390000 -2.148194
1230.000000 0.400000 -2.128380
1230.000000 0.410000 -2.107918
1230.000000 0.420000 -2.086809
1230.000000 0.430000 -2.065058
1230.000000 0.440000 -2.042669
1230.000000 0.450000 -2.019645
1230.000000 0.460000 -1.995992
1230.000000 0.470000 -1.971715
1230.000000 0.480000 -1.946818
1230.000000 0.490000 -1.921308
1230.000000 0.500000 -1.895190
1230.000000 0.510000 -1.868471
1230.000000 0.520000 -1.841158
1230.000000 0.530000 -1.813257
1230.000000 0.540000 -1.784776
1230.000000 0.550000 -1.755723
1230.000000 0.560000 -1.726105
1230.000000 0.570000 -1.695931
1230.000000 0.580000 -1.665209
1230.000000 0.590000 -1.633949
1230.000000 0.600000 -1.602159
1230.000000 0.610000 -1.569849
1230.000000 0.620000 -1.537030
1230.000000 0.630000 -1.503710
1230.000000 0.640000 -1.469901
1230.000000 0.650000 -1.435612
1230.000000 0.660000 -1.400856
1230.000000 0.670000 -1.365644
1230.000000 0.680000 -1.329986
1230.000000 0.690000 -1.293894
1230.000000 0.700000 -1.257382
1230.000000 0.710000 -1.220460
1230.000000 0.720000 -1.183141
1230.000000 0.730000 -1.145438
1230.000000 0.740000 -1.107365
1230.000000 0.750000 -1.068933
1230.000000 0.760000 -1.030157
1230.000000 0.770000 -0.991050
1230.000000 0.780000 -0.951625
1230.000000 0.790000 -0.911897
1230.000000 0.800000 -0.871880
1230.000000 0.810000 -0.831588
1230.000000 0.820000 -0.791035
1230.000000 0.830000 -0.750236
1230.000000 0.840000 -0.709206
1230.000000 0.850000 -0.667960
1230.000000 0.860000 -0.626512
1230.000000 0.870000 -0.584877
1230.000000 0.880000 -0.543072
1230.000000 0.890000 -0.501110
1230.000000 0.900000 -0.459008
1230.000000 0.910000 -0.416780
1230.000000 0.920000 -0.374443
1230.000000 0.930000 -0.332012
1230.000000 0.940000 -0.289502
1230.000000 0.950000 -0.246930
1230.000000 0.960000 -0.204310
1230.000000 0.970000 -0.161659
1230.000000 0.980000 -0.118992
1230.000000 0.990000 -0.076325
1230.000000 1.000000 -0.033673
1230.000000 1.010000 0.008947
1230.000000 1.020000 0.051520
1230.000000 1.030000 0.094031
1230.000000 1.040000 0.136463
1230.000000 1.050000 0.178802
1230.000000 1.060000 0.221032
1230.000000 1.070000 0.263138
1230.000000 1.080000 0.305103
1230.000000 1.090000 0.346914
1230.000000 1.100000 0.388555
1230.000000 1.110000 0.430011
1230.000000 1.120000 0.471267
1230.000000 1.130000 0.512308
1230.000000 1.140000 0.553120
1230.000000 1.150000 0.593689
1230.000000 1.160000 0.634000
1230.000000 1.170000 0.674038
1230.000000 1.180000 0.713791
1230.000000 1.190000 0.753244
1230.000000 1.200000 0.792384
1230.000000 1.210000 0.831197
1230.000000 1.220000 0.869669
1230.000000 1.230000 0.907789
1230.000000 1.240000 0.945543
1230.000000 1.250000 0.982919
1230.000000 1.260000 1.019904
1230.000000 1.270000 1.056487
1230.000000 1.280000 1.092654
1230.000000 1.290000 1.128396
1230.000000 1.300000 1.163700
1230.000000 1.310000 1.198555
1230.000000 1.320000 1.232951
1230.000000 1.330000 1.266876
1230.000000 1.340000 1.300321
1230.000000 1.350000 1.333276
1230.000000 1.360000 1.365730
1230.000000 1.370000 1.397675
1230.000000 1.380000 1.429102
1230.000000 1.390000 1.460000
1230.000000 1.400000 1.490362
1230.000000 1.410000 1.520180
1230.000000 1.420000 1.549446
1230.000000 1.430000 1.578151
1230.000000 1.440000 1.606289
1230.000000 1.450000 1.633853
1230.000000 1.460000 1.660836
1230.000000 1.470000 1.687231
1230.000000 1.480000 1.713033
1230.000000 1.490000 1.738235
1230.000000 1.500000 1.762833
1230.000000 1.510000 1.786821
1230.000000 1.520000 1.810194
1230.000000 1.530000 1.832948
1230.000000 1.540000 1.855079
1230.000000 1.550000 1.876584
1230.000000 1.560000 1.897458
1230.000000 1.570000 1.917698
1230.000000 1.580000 1.937302
1230.000000 1.590000 1.956267
1230.000000 1.600000 1.974591
1230.000000 1.610000 1.992272
1230.000000 1.620000 2.009309
1230.000000 1.630000 2.025700
1230.000000 1.640000 2.041445
1230.000000 1.650000 2.056543
1230.000000 1.660000 2.070993
1230.000000 1.670000 2.084796
1230.000000 1.680000 2.097952
1230.000000 1.690000 2.110461
1230.000000 1.700000 2.122326
1230.000000 1.710000 2.133546
1230.000000 1.720000 2.144123
1230.000000 1.730000 2.154060
1230.000000 1.740000 2.163358
1230.000000 1.750000 2.172020
1230.000000 1.760000 2.180048
1230.000000 1.770000 2.187446
1230.000000 1.780000 2.194217
1230.000000 1.790000 2.200363
1230.000000 1.800000 2.205890
1230.000000 1.810000 2.210801
1230.000000 1.820000 2.215099
1230.000000 1.830000 2.218791
1230.000000 1.840000 2.221880
1230.000000 1.850000 2.224371
1230.000000 1.860000 2.226270
1230.000000 1.870000 2.227582
1230.000000 1.880000 2.228313
1230.000000 1.890000 2.228469
1230.000000 1.900000 2.228055
1230.000000 1.910000 2.227078
1230.000000 1.920000 2.225545
1230.000000 1.930000 2.223462
1230.000000 1.940000 2.220837
1230.000000 1.950000 2.217675
1230.000000 1.960000 2.213984
1230.000000 1.970000 2.209773
1230.000000 1.980000 2.205047
1230.000000 1.990000 2.199816
1230.000000 2.000000 2.194086
1230.000000 2.010000 2.187865
1230.000000 2.020000 2.181163
1230.000000 2.030000 2.173987
1230.000000 2.040000 2.166345
1230.000000 2.050000 2.158245
1230.000000 2.060000 2.149698
1230.000000 2.070000 2.140710
1230.000000 2.080000 2.131292
1230.000000 2.090000 2.121451
1230.000000 2.100000 2.111197
1230.000000 2.110000 2.100538
1230.000000 2.120000 2.089484
1230.000000 2.130000 2.078045
1230.000000 2.140000 2.066228
1230.000000 2.150000 2.054044
1230.000000 2.160000 2.041502
1230.000000 2.170000 2.028611
1230.000000 2.180000 2.015381
1230.000000 2.190000 2.001820
1230.000000 2.200000 1.987939
1230.000000 2.210000 1.973747
1230.000000 2.220000 1.959253
1230.000000 2.230000 1.944466
1230.000000 2.240000 1.929397
1230.000000 2.250000 1.914055
1230.000000 2.260000 1.898449
1230.000000 2.270000 1.882588
1230.000000 2.280000 1.866482
1230.000000 2.290000 1.850141
1230.000000 2.300000 1.833573
1230.000000 2.310000 1.816788
1230.000000 2.320000 1.799796
1230.000000 2.330000 1.782605
1230.000000 2.340000 1.765224
1230.000000 2.350000 1.747664
1230.000000 2.360000 1.729932
1230.000000 2.370000 1.712038
1230.000000 2.380000 1.693991
1230.000000 2.390000 1.675799
1230.000000 2.400000 1.657472
1230.000000 2.410000 1.639017
1230.000000 2.420000 1.620444
1230.000000 2.430000 1.601762
1230.000000 2.440000 1.582978
1230.000000 2.450000 1.564100
1230.000000 2.460000 1.545138
1230.000000 2.470000 1.526099
1230.000000 2.480000 1.506991
1230.000000 2.490000 1.487823
1230.000000 2.500000 1.468601
1230.000000 2.510000 1.449334
1230.000000 2.520000 1.430029
1230.000000 2.530000 1.410694
1230.000000 2.540000 1.391336
1230.000000 2.550000 1.371962
1230.000000 2.560000 1.352579
1230.000000 2.570000 1.333195
1230.000000 2.580000 1.313815
1230.000000 2.590000 1.294448
1230.000000 2.600000 1.275099
1230.000000 2.610000 1.255775
1230.000000 2.620000 1.236482
1230.000000 2.630000 1.217226
1230.000000 2.640000 1.198014
1230.000000 2.650000 1.178850
1230.000000 2.660000 1.159742
1230.000000 2.670000 1.140695
1230.000000 2.680000 1.121714
1230.000000 2.690000 1.102804
1230.000000 2.700000 1.083971
1230.000000 2.710000 1.065219
1230.000000 2.720000 1.046555
1230.000000 2.730000 1.027982
1230.000000 2.740000 1.009505
1230.000000 2.750000 0.991129
1230.000000 2.760000 0.972857
1230.000000 2.770000 0.954695
1230.000000 2.780000 0.936646
1230.000000 2.790000 0.918715
1230.000000 2.800000 0.900905
1230.000000 2.810000 0.883219
1230.000000 2.820000 0.865662
1230.000000 2.830000 0.848236
1230.000000 2.840000 0.830945
1230.000000 2.850000 0.813792
1230.000000 2.860000 0.796781
1230.000000 2.870000 0.779913
1230.000000 2.880000 0.763192
1230.000000 2.890000 0.746620
1230.000000 2.900000 0.730200
1230.000000 2.910000 0.713934
1230.000000 2.920000 0.697825
1230.000000 2.930000 0.681873
1230.000000 2.940000 0.666082
1230.000000 2.950000 0.650453
1230.000000 2.960000 0.634989
1230.000000 2.970000 0.619689
1230.000000 2.980000 0.604557
1230.000000 2.990000 0.589593
1230.000000 3.000000 0.574798
1230.000000 3.010000 0.560175
1230.000000 3.020000 0.545723
1230.000000 3.030000 0.531444
1230.000000 3.040000 0.517338
1230.000000 3.050000 0.503407
1230.000000 3.060000 0.489651
1230.000000 3.070000 0.476070
1230.000000 3.080000 0.462665
1230.000000 3.090000 0.449436
1230.000000 3.100000 0.436383
1230.000000 3.110000 0.423507
1230.000000 3.120000 0.410808
1230.000000 3.130000 0.398285
1230.000000 3.140000 0.385939
1230.000000 3.150000 0.373768
1230.000000 3.160000 0.361774
1230.000000 3.170000 0.349955
1230.000000 3.180000 0.338312
1230.000000 3.190000 0.326843
1230.000000 3.200000 0.315548
1230.000000 3.210000 0.304426
1230.000000 3.220000 0.293477
1230.000000 3.230000 0.282700
1230.000000 3.240000 0.272093
1230.000000 3.250000 0.261657
1230.000000 3.260000 0.251389
1230.000000 3.270000 0.241290
1230.000000 3.280000 0.231358
1230.000000 3.290000 0.221591
1230.000000 3.300000 0.211989
1230.000000 3.310000 0.202550
1230.000000 3.320000 0.193273
1230.000000 3.330000 0.184156
1230.000000 3.340000 0.175199
1230.000000 3.350000 0.166400
1230.000000 3.360000 0.157757
1230.000000 3.370000 0.149269
1230.000000 3.380000 0.140934
1230.000000 3.390000 0.132750
1230.000000 3.400000 0.124717
1230.000000 3.410000 0.116833
1230.000000 3.420000 0.109095
1230.000000 3.430000 0.101502
1230.000000 3.440000 0.094052
1230.000000 3.450000 0.086744
1230.000000 3.460000 0.079576
1230.000000 3.470000 0.072545
1230.000000 3.480000 0.065651
1230.000000 3.490000 0.058892
1230.000000 3.500000 0.052264
1230.000000 3.510000 0.045768
1230.000000 3.520000 0.039400
1230.000000 3.530000 0.033159
1230.000000 3.540000 0.027043
1230.000000 3.550000 0.021051
1230.000000 3.560000 0.015179
1230.000000 3.570000 0.009427
1230.000000 3.580000 0.003792
1230.000000 3.590000 -0.001728
1230.000000 3.600000 -0.007134
1230.000000 3.610000 -0.012428
1230.000000 3.620000 -0.017613
1230.000000 3.630000 -0.022690
1230.000000 3.640000 -0.027661
1230.000000 3.650000 -0.032529
1230.000000 3.660000 -0.037294
1230.000000 3.670000 -0.041960
1230.000000 3.680000 -0.046527
1230.000000 3.690000 -0.050998
1230.000000 3.700000 -0.055375
1230.000000 3.710000 -0.059660
1230.000000 3.720000 -0.063854
1230.000000 3.730000 -0.067959
1230.000000 3.740000 -0.071977
1230.000000 3.750000 -0.075911
1230.000000 3.760000 -0.079761
1230.000000 3.770000 -0.083530
1230.000000 3.780000 -0.087220
1230.000000 3.790000 -0.090831
1230.000000 3.800000 -0.094367
1230.000000 3.810000 -0.097829
1230.000000 3.820000 -0.101219
1230.000000 3.830000 -0.104537
1230.000000 3.840000 -0.107787
1230.000000 3.850000 -0.110970
1230.000000 3.860000 -0.114087
1230.000000 3.870000 -0.117141
1230.000000 3.880000 -0.120132
1230.000000 3.890000 -0.123063
1230.000000 3.900000 -0.125935
1230.000000 3.910000 -0.128749
1230.000000 3.920000 -0.131508
1230.000000 3.930000 -0.134213
1230.000000 3.940000 -0.136866
1230.000000 3.950000 -0.139467
1230.000000 3.960000 -0.142019
1230.000000 3.970000 -0.144524
1230.000000 3.980000 -0.146981
1230.000000 3.990000 -0.149394
1230.000000 4.000000 -0.151763
1230.000000 4.010000 -0.154090
1230.000000 4.020000 -0.156377
1230.000000 4.030000 -0.158624
1230.000000 4.040000 -0.160834
1230.000000 4.050000 -0.163007
1230.000000 4.060000 -0.165145
1230.000000 4.070000 -0.167249
1230.000000 4.080000 -0.169320
1230.000000 4.090000 -0.171361
1230.000000 4.100000 -0.173372
1230.000000 4.110000 -0.175354
1230.000000 4.120000 -0.177308
1230.000000 4.130000 -0.179237
1230.000000 4.140000 -0.181140
1230.000000 4.150000 -0.183020
1230.000000 4.160000 -0.184878
1230.000000 4.170000 -0.186714
1230.000000 4.180000 -0.188530
1230.000000 4.190000 -0.190327
1230.000000 4.200000 -0.192106
1230.000000 4.210000 -0.193869
1230.000000 4.220000 -0.195616
1230.000000 4.230000 -0.197348
1230.000000 4.240000 -0.199067
1230.000000 4.250000 -0.200773
1230.000000 4.260000 -0.202468
1230.000000 4.270000 -0.204152
1230.000000 4.280000 -0.205828
1230.000000 4.290000 -0.207495
1230.000000 4.300000 -0.209154
1230.000000 4.310000 -0.210808
1230.000000 4.320000 -0.212456
1230.000000 4.330000 -0.214099
1230.000000 4.340000 -0.215740
1230.000000 4.350000 -0.217377
1230.000000 4.360000 -0.219014
1230.000000 4.370000 -0.220649
1230.000000 4.380000 -0.222285
1230.000000 4.390000 -0.223922
1230.000000 4.400000 -0.225562
1230.000000 4.410000 -0.227204
1230.000000 4.420000 -0.228850
1230.000000 4.430000 -0.230501
1230.000000 4.440000 -0.232158
1230.000000 4.450000 -0.233820
1230.000000 4.460000 -0.235491
1230.000000 4.470000 -0.237169
1230.000000 4.480000 -0.238856
1230.000000 4.490000 -0.240553
1230.000000 4.500000 -0.242261
1230.000000 4.510000 -0.243980
1230.000000 4.520000 -0.245711
1230.000000 4.530000 -0.247455
1230.000000 4.540000 -0.249212
1230.000000 4.550000 -0.250984
1230.000000 4.560000 -0.252772
1230.000000 4.570000 -0.254575
1230.000000 4.580000 -0.256395
1230.000000 4.590000 -0.258233
1230.000000 4.600000 -0.260089
1230.000000 4.610000 -0.261964
1230.000000 4.620000 -0.263859
1230.000000 4.630000 -0.265774
1230.000000 4.640000 -0.267710
1230.000000 4.650000 -0.269668
1230.000000 4.660000 -0.271648
1230.000000 4.670000 -0.273652
1230.000000 4.680000 -0.275680
1230.000000 4.690000 -0.277732
1230.000000 4.700000 -0.279810
1230.000000 4.710000 -0.281913
1230.000000 4.720000 -0.284043
1230.000000 4.730000 -0.286200
1230.000000 4.740000 -0.288385
1230.000000 4.750000 -0.290599
1230.000000 4.760000 -0.292842
1230.000000 4.770000 -0.295114
1230.000000 4.780000 -0.297417
1230.000000 4.790000 -0.299751
1230.000000 4.800000 -0.302117
1230.000000 4.810000 -0.304514
1230.000000 4.820000 -0.306945
1230.000000 4.830000 -0.309409
1230.000000 4.840000 -0.311907
1230.000000 4.850000 -0.314439
1230.000000 4.860000 -0.317006
1230.000000 4.870000 -0.319609
1230.000000 4.880000 -0.322248
1230.000000 4.890000 -0.324924
1230.000000 4.900000 -0.327637
1230.000000 4.910000 -0.330387
1230.000000 4.920000 -0.333176
1230.000000 4.930000 -0.336003
1230.000000 4.940000 -0.338870
1230.000000 4.950000 -0.341776
1230.000000 4.960000 -0.344723
1230.000000 4.970000 -0.347709
1230.000000 4.980000 -0.350737
1230.000000 4.990000 -0.353806
1230.000000 5.000000 -0.356917
1230.000000 5.010000 -0.360070
1230.000000 5.020000 -0.363266
1230.000000 5.030000 -0.366505
1230.000000 5.040000 -0.369787
1230.000000 5.050000 -0.373113
1230.000000 5.060000 -0.376482
1230.000000 5.070000 -0.379896
1230.000000 5.080000 -0.383355
1230.000000 5.090000 -0.386858
1230.000000 5.100000 -0.390406
1230.000000 5.110000 -0.394000
1230.000000 5.120000 -0.397640
1230.000000 5.130000 -0.401325
1230.000000 5.140000 -0.405056
1230.000000 5.150000 -0.408834
1230.000000 5.160000 -0.412658
1230.000000 5.170000 -0.416528
1230.000000 5.180000 -0.420445
1230.000000 5.190000 -0.424409
1230.000000 5.200000 -0.428420
1230.000000 5.210000 -0.432477
1230.000000 5.220000 -0.436581
1230.000000 5.230000 -0.440732
1230.000000 5.240000 -0.444930
1230.000000 5.250000 -0.449174
1230.000000 5.260000 -0.453465
1230.000000 5.270000 -0.457803
1230.000000 5.280000 -0.462188
1230.000000 5.290000 -0.466618
1230.000000 5.300000 -0.471095
1230.000000 5.310000 -0.475618
1230.000000 5.320000 -0.480186
1230.000000 5.330000 -0.484799
1230.000000 5.340000 -0.489458
1230.000000 5.350000 -0.494162
1230.000000 5.360000 -0.498909
1230.000000 5.370000 -0.503701
1230.000000 5.380000 -0.508536
1230.000000 5.390000 -0.513414
1230.000000 5.400000 -0.518335
1230.000000 5.410000 -0.523297
1230.000000 5.420000 -0.528301
1230.000000 5.430000 -0.533345
1230.000000 5.440000 -0.538430
1230.000000 5.450000 -0.543553
1230.000000 5.460000 -0.548715
1230.000000 5.470000 -0.553915
1230.000000 5.480000 -0.559151
1230.000000 5.490000 -0.564424
1230.000000 5.500000 -0.569731
1230.000000 5.510000 -0.575073
1230.000000 5.520000 -0.580447
1230.000000 5.530000 -0.585853
1230.000000 5.540000 -0.591290
1230.000000 5.550000 -0.596757
1230.000000 5.560000 -0.602252
1230.000000 5.570000 -0.607773
1230.000000 5.580000 -0.613321
1230.000000 5.590000 -0.618892
1230.000000 5.600000 -0.624486
1230.000000 5.610000 -0.630102
1230.000000 5.620000 -0.635737
1230.000000 5.630000 -0.641390
1230.000000 5.640000 -0.647060
1230.000000 5.650000 -0.652744
1230.000000 5.660000 -0.658441
1230.000000 5.670000 -0.664148
1230.000000 5.680000 -0.669865
1230.000000 5.690000 -0.675589
1230.000000 5.700000 -0.681317
1230.000000 5.710000 -0.687049
1230.000000 5.720000 -0.692781
1230.000000 5.730000 -0.698511
1230.000000 5.740000 -0.704238
1230.000000 5.750000 -0.709957
1230.000000 5.760000 -0.715669
1230.000000 5.770000 -0.721368
1230.000000 5.780000 -0.727054
1230.000000 5.790000 -0.732723
1230.000000 5.800000 -0.738373
1230.000000 5.810000 -0.744001
1230.000000 5.820000 -0.749604
1230.000000 5.830000 -0.755179
1230.000000 5.840000 -0.760723
1230.000000 5.850000 -0.766233
1230.000000 5.860000 -0.771706
1230.000000 5.870000 -0.777138
1230.000000 5.880000 -0.782527
1230.000000 5.890000 -0.787869
1230.000000 5.900000 -0.793160
1230.000000 5.910000 -0.798398
1230.000000 5.920000 -0.803578
1230.000000 5.930000 -0.808698
1230.000000 5.940000 -0.813752
1230.000000 5.950000 -0.818738
1230.000000 5.960000 -0.823652
1230.000000 5.970000 -0.828489
1230.000000 5.980000 -0.833247
1230.000000 5.990000 -0.837920
1230.000000 6.000000 -0.842505
1230.000000 6.010000 -0.846998
1230.000000 6.020000 -0.851394
1230.000000 6.030000 -0.855689
1230.000000 6.040000 -0.859879
1230.000000 6.050000 -0.863960
1230.000000 6.060000 -0.867926
1230.000000 6.070000 -0.871774
1230.000000 6.080000 -0.875500
1230.000000 6.090000 -0.879098
1230.000000 6.100000 -0.882563
1230.000000 6.110000 -0.885892
1230.000000 6.120000 -0.889079
1230.000000 6.130000 -0.892120
1230.000000 6.140000 -0.895010
1230.000000 6.150000 -0.897743
1230.000000 6.160000 -0.900316
1230.000000 6.170000 -0.902723
1230.000000 6.180000 -0.904960
1230.000000 6.190000 -0.907021
1230.000000 6.200000 -0.908901
1230.000000 6.210000 -0.910595
1230.000000 6.220000 -0.912099
1230.000000 6.230000 -0.913406
1230.000000 6.240000 -0.914513
1230.000000 6.250000 -0.915414
1230.000000 6.260000 -0.916104
1230.000000 6.270000 -0.916578
1230.000000 6.280000 -0.916831
1230.000000 6.290000 -0.916857
1230.000000 6.300000 -0.916652
1230.000000 6.310000 -0.916211
1230.000000 6.320000 -0.915528
1230.000000 6.330000 -0.914598
1230.000000 6.340000 -0.913417
1230.000000 6.350000 -0.911979
1230.000000 6.360000 -0.910279
1230.000000 6.370000 -0.908314
1230.000000 6.380000 -0.906076
1230.000000 6.390000 -0.903563
1230.000000 6.400000 -0.900768
1230.000000 6.410000 -0.897687
1230.000000 6.420000 -0.894316
1230.000000 6.430000 -0.890650
1230.000000 6.440000 -0.886684
1230.000000 6.450000 -0.882414
1230.000000 6.460000 -0.877834
1230.000000 6.470000 -0.872942
1230.000000 6.480000 -0.867732
1230.000000 6.490000 -0.862201
1230.000000 6.500000 -0.856343
1230.000000 6.510000 -0.850156
1230.000000 6.520000 -0.843635
1230.000000 6.530000 -0.836776
1230.000000 6.540000 -0.829576
1230.000000 6.550000 -0.822032
1230.000000 6.560000 -0.814138
1230.000000 6.570000 -0.805893
1230.000000 6.580000 -0.797293
1230.000000 6.590000 -0.788334
1230.000000 6.600000 -0.779014
1230.000000 6.610000 -0.769331
1230.000000 6.620000 -0.759280
1230.000000 6.630000 -0.748860
1230.000000 6.640000 -0.738069
1230.000000 6.650000 -0.726903
1230.000000 6.660000 -0.715361
1230.000000 6.670000 -0.703441
1230.000000 6.680000 -0.691141
1230.000000 6.690000 -0.678460
1230.000000 6.700000 -0.665396
1230.000000 6.710000 -0.651948
1230.000000 6.720000 -0.638115
1230.000000 6.730000 -0.623896
1230.000000 6.740000 -0.609289
1230.000000 6.750000 -0.594296
1230.000000 6.760000 -0.578915
1230.000000 6.770000 -0.563147
1230.000000 6.780000 -0.546991
1230.000000 6.790000 -0.530448
1230.000000 6.800000 -0.513518
1230.000000 6.810000 -0.496202
1230.000000 6.820000 -0.478501
1230.000000 6.830000 -0.460416
1230.000000 6.840000 -0.441949
1230.000000 6.850000 -0.423101
1230.000000 6.860000 -0.403873
1230.000000 6.870000 -0.384269
1230.000000 6.880000 -0.364290
1230.000000 6.890000 -0.343939
1230.000000 6.900000 -0.323218
1230.000000 6.910000 -0.302130
1230.000000 6.920000 -0.280679
1230.000000 6.930000 -0.258868
1230.000000 6.940000 -0.236701
1230.000000 6.950000 -0.214181
1230.000000 6.960000 -0.191313
1230.000000 6.970000 -0.168102
1230.000000 6.980000 -0.144550
1230.000000 6.990000 -0.120664
1230.000000 7.000000 -0.096449
1230.000000 7.010000 -0.071910
1230.000000 7.020000 -0.047051
1230.000000 7.030000 -0.021880
1230.000000 7.040000 0.003598
1230.000000 7.050000 0.029376
1230.000000 7.060000 0.055450
1230.000000 7.070000 0.081810
1230.000000 7.080000 0.108451
1230.000000 7.090000 0.135366
1230.000000 7.100000 0.162548
1230.000000 7.110000 0.189987
1230.000000 7.120000 0.217678
1230.000000 7.130000 0.245612
1230.000000 7.140000 0.273781
1230.000000 7.150000 0.302176
1230.000000 7.160000 0.330789
1230.000000 7.170000 0.359610
1230.000000 7.180000 0.388632
1230.000000 7.190000 0.417845
1230.000000 7.200000 0.447239
1230.000000 7.210000 0.476805
1230.000000 7.220000 0.506534
1230.000000 7.230000 0.536415
1230.000000 7.240000 0.566438
1230.000000 7.250000 0.596593
1230.000000 7.260000 0.626870
1230.000000 7.270000 0.657258
1230.000000 7.280000 0.687746
1230.000000 7.290000 0.718324
1230.000000 7.300000 0.748981
1230.000000 7.310000 0.779705
1230.000000 7.320000 0.810486
1230.000000 7.330000 0.841312
1230.000000 7.340000 0.872171
1230.000000 7.350000 0.903053
1230.000000 7.360000 0.933945
1230.000000 7.370000 0.964836
1230.000000 7.380000 0.995713
1230.000000 7.390000 1.026566
1230.000000 7.400000 1.057382
1230.000000 7.410000 1.088148
1230.000000 7.420000 1.118854
1230.000000 7.430000 1.149487
1230.000000 7.440000 1.180034
1230.000000 7.450000 1.210483
1230.000000 7.460000 1.240823
1230.000000 7.470000 1.271041
1230.000000 7.480000 1.301124
1230.000000 7.490000 1.331061
1230.000000 7.500000 1.360839
1230.000000 7.510000 1.390446
1230.000000 7.520000 1.419870
1230.000000 7.530000 1.449098
1230.000000 7.540000 1.478119
1230.000000 7.550000 1.506919
1230.000000 7.560000 1.535488
1230.000000 7.570000 1.563813
1230.000000 7.580000 1.591883
1230.000000 7.590000 1.619684
1230.000000 7.600000 1.647207
1230.000000 7.610000 1.674438
1230.000000 7.620000 1.701366
1230.000000 7.630000 1.727980
1230.000000 7.640000 1.754269
1230.000000 7.650000 1.780220
1230.000000 7.660000 1.805824
1230.000000 7.670000 1.831068
1230.000000 7.680000 1.855943
1230.000000 7.690000 1.880437
1230.000000 7.700000 1.904539
1230.000000 7.710000 1.928241
1230.000000 7.720000 1.951530
1230.000000 7.730000 1.974398
1230.000000 7.740000 1.996834
1230.000000 7.750000 2.018829
1230.000000 7.760000 2.040372
1230.000000 7.770000 2.061456
1230.000000 7.780000 2.082071
1230.000000 7.790000 2.102207
1230.000000 7.800000 2.121857
1230.000000 7.810000 2.141012
1230.000000 7.820000 2.159664
1230.000000 7.830000 2.177804
1230.000000 7.840000 2.195426
1230.000000 7.850000 2.212521
1230.000000 7.860000 2.229083
1230.000000 7.870000 2.245104
1230.000000 7.880000 2.260578
1230.000000 7.890000 2.275499
1230.000000 7.900000 2.289860
1230.000000 7.910000 2.303655
1230.000000 7.920000 2.316879
1230.000000 7.930000 2.329527
1230.000000 7.940000 2.341593
1230.000000 7.950000 2.353073
1230.000000 7.960000 2.363962
1230.000000 7.970000 2.374256
1230.000000 7.980000 2.383952
1230.000000 7.990000 2.393045
1230.000000 8.000000 2.401532
1230.000000 8.010000 2.409411
1230.000000 8.020000 2.416678
1230.000000 8.030000 2.423332
1230.000000 8.040000 2.429370
1230.000000 8.050000 2.434791
1230.000000 8.060000 2.439592
1230.000000 8.070000 2.443773
1230.000000 8.080000 2.447333
1230.000000 8.090000 2.450272
1230.000000 8.100000 2.452588
1230.000000 8.110000 2.454283
1230.000000 8.120000 2.455356
1230.000000 8.130000 2.455809
1230.000000 8.140000 2.455642
1230.000000 8.150000 2.454856
1230.000000 8.160000 2.453453
1230.000000 8.170000 2.451435
1230.000000 8.180000 2.448804
1230.000000 8.190000 2.445563
1230.000000 8.200000 2.441714
1230.000000 8.210000 2.437260
1230.000000 8.220000 2.432204
1230.000000 8.230000 2.426551
1230.000000 8.240000 2.420303
1230.000000 8.250000 2.413466
1230.000000 8.260000 2.406044
1230.000000 8.270000 2.398040
1230.000000 8.280000 2.389461
1230.000000 8.290000 2.380312
1230.000000 8.300000 2.370597
1230.000000 8.310000 2.360323
1230.000000 8.320000 2.349495
1230.000000 8.330000 2.338120
1230.000000 8.340000 2.326205
1230.000000 8.350000 2.313755
1230.000000 8.360000 2.300779
1230.000000 8.370000 2.287282
1230.000000 8.380000 2.273273
1230.000000 8.390000 2.258758
1230.000000 8.400000 2.243746
1230.000000 8.410000 2.228245
1230.000000 8.420000 2.212263
1230.000000 8.430000 2.195807
1230.000000 8.440000 2.178887
1230.000000 8.450000 2.161512
1230.000000 8.460000 2.143690
1230.000000 8.470000 2.125430
1230.000000 8.480000 2.106741
1230.000000 8.490000 2.087634
1230.000000 8.500000 2.068116
1230.000000 8.510000 2.048199
1230.000000 8.520000 2.027891
1230.000000 8.530000 2.007202
1230.000000 8.540000 1.986143
1230.000000 8.550000 1.964724
1230.000000 8.560000 1.942955
1230.000000 8.570000 1.920845
1230.000000 8.580000 1.898406
1230.000000 8.590000 1.875649
1230.000000 8.600000 1.852582
1230.000000 8.610000 1.829218
1230.000000 8.620000 1.805567
1230.000000 8.630000 1.781639
1230.000000 8.640000 1.757446
1230.000000 8.650000 1.732997
1230.000000 8.660000 1.708305
1230.000000 8.670000 1.683380
1230.000000 8.680000 1.658232
1230.000000 8.690000 1.632874
1230.000000 8.700000 1.607315
1230.000000 8.710000 1.581567
1230.000000 8.720000 1.555640
1230.000000 8.730000 1.529546
1230.000000 8.740000 1.503295
1230.000000 8.750000 1.476898
1230.000000 8.760000 1.450367
1230.000000 8.770000 1.423711
1230.000000 8.780000 1.396942
1230.000000 8.790000 1.370071
1230.000000 8.800000 1.343107
1230.000000 8.810000 1.316063
1230.000000 8.820000 1.288947
1230.000000 8.830000 1.261771
1230.000000 8.840000 1.234545
1230.000000 8.850000 1.207280
1230.000000 8.860000 1.179985
1230.000000 8.870000 1.152671
1230.000000 8.880000 1.125347
1230.000000 8.890000 1.098025
1230.000000 8.900000 1.070712
1230.000000 8.910000 1.043420
1230.000000 8.920000 1.016158
1230.000000 8.930000 0.988935
1230.000000 8.940000 0.961760
1230.000000 8.950000 0.934643
1230.000000 8.960000 0.907593
1230.000000 8.970000 0.880619
1230.000000 8.980000 0.853730
1230.000000 8.990000 0.826933
1230.000000 9.000000 0.800239
1230.000000 9.010000 0.773654
1230.000000 9.020000 0.747188
1230.000000 9.030000 0.720849
1230.000000 9.040000 0.694643
1230.000000 9.050000 0.668580
1230.000000 9.060000 0.642666
1230.000000 9.070000 0.616909
1230.000000 9.080000 0.591316
1230.000000 9.090000 0.565895
1230.000000 9.100000 0.540651
1230.000000 9.110000 0.515592
1230.000000 9.120000 0.490725
1230.000000 9.130000 0.466055
1230.000000 9.140000 0.441589
1230.000000 9.150000 0.417333
1230.000000 9.160000 0.393292
1230.000000 9.170000 0.369472
1230.000000 9.180000 0.345879
1230.000000 9.190000 0.322518
1230.000000 9.200000 0.299394
1230.000000 9.210000 0.276512
1230.000000 9.220000 0.253876
1230.000000 9.230000 0.231491
1230.000000 9.240000 0.209361
1230.000000 9.250000 0.187491
1230.000000 9.260000 0.165884
1230.000000 9.270000 0.144545
1230.000000 9.280000 0.123476
1230.000000 9.290000 0.102681
1230.000000 9.300000 0.082163
1230.000000 9.310000 0.061926
1230.000000 9.320000 0.041972
1230.000000 9.330000 0.022303
1230.000000 9.340000 0.002923
1230.000000 9.350000 -0.016166
1230.000000 9.360000 -0.034963
1230.000000 9.370000 -0.053465
1230.000000 9.380000 -0.071671
1230.000000 9.390000 -0.089578
1230.000000 9.400000 -0.107186
1230.000000 9.410000 -0.124493
1230.000000 9.420000 -0.141499
1230.000000 9.430000 -0.158201
1230.000000 9.440000 -0.174600
1230.000000 9.450000 -0.190695
1230.000000 9.460000 -0.206485
1230.000000 9.470000 -0.221970
1230.000000 9.480000 -0.237149
1230.000000 9.490000 -0.252024
1230.000000 9.500000 -0.266594
1230.000000 9.510000 -0.280859
1230.000000 9.520000 -0.294819
1230.000000 9.530000 -0.308476
1230.000000 9.540000 -0.321830
1230.000000 9.550000 -0.334882
1230.000000 9.560000 -0.347632
1230.000000 9.570000 -0.360082
1230.000000 9.580000 -0.372234
1230.000000 9.590000 -0.384088
1230.000000 9.600000 -0.395645
1230.000000 9.610000 -0.406909
1230.000000 9.620000 -0.417879
1230.000000 9.630000 -0.428558
1230.000000 9.640000 -0.438949
1230.000000 9.650000 -0.449052
1230.000000 9.660000 -0.458870
1230.000000 9.670000 -0.468405
1230.000000 9.680000 -0.477660
1230.000000 9.690000 -0.486637
1230.000000 9.700000 -0.495338
1230.000000 9.710000 -0.503767
1230.000000 9.720000 -0.511924
1230.000000 9.730000 -0.519815
1230.000000 9.740000 -0.527440
1230.000000 9.750000 -0.534803
1230.000000 9.760000 -0.541908
1230.000000 9.770000 -0.548756
1230.000000 9.780000 -0.555352
1230.000000 9.790000 -0.561697
1230.000000 9.800000 -0.567796
1230.000000 9.810000 -0.573652
1230.000000 9.820000 -0.579267
1230.000000 9.830000 -0.584646
1230.000000 9.840000 -0.589791
1230.000000 9.850000 -0.594707
1230.000000 9.860000 -0.599396
1230.000000 9.870000 -0.603862
1230.000000 9.880000 -0.608109
1230.000000 9.890000 -0.612140
1230.000000 9.900000 -0.615958
1230.000000 9.910000 -0.619568
1230.000000 9.920000 -0.622973
1230.000000 9.930000 -0.626177
1230.000000 9.940000 -0.629183
1230.000000 9.950000 -0.631995
1230.000000 9.960000 -0.634617
1230.000000 9.970000 -0.637052
1230.000000 9.980000 -0.639305
1230.000000 9.990000 -0.641378
1230.000000 10.000000 -0.643276
1230.000000 10.010000 -0.645003
1230.000000 10.020000 -0.646561
1230.000000 10.030000 -0.647956
1230.000000 10.040000 -0.649190
1230.000000 10.050000 -0.650267
1230.000000 10.060000 -0.651192
1230.000000 10.070000 -0.651967
1230.000000 10.080000 -0.652596
1230.000000 10.090000 -0.653084
1230.000000 10.100000 -0.653433
1230.000000 10.110000 -0.653647
1230.000000 10.120000 -0.653731
1230.000000 10.130000 -0.653687
1230.000000 10.140000 -0.653519
1230.000000 10.150000 -0.653230
1230.000000 10.160000 -0.652825
1230.000000 10.170000 -0.652306
1230.000000 10.180000 -0.651677
1230.000000 10.190000 -0.650942
1230.000000 10.200000 -0.650103
1230.000000 10.210000 -0.649164
1230.000000 10.220000 -0.648129
1230.000000 10.230000 -0.647001
1230.000000 10.240000 -0.645783
1230.000000 10.250000 -0.644478
1230.000000 10.260000 -0.643089
1230.000000 10.270000 -0.641620
1230.000000 10.280000 -0.640073
1230.000000 10.290000 -0.638452
1230.000000 10.300000 -0.636760
1230.000000 10.310000 -0.634999
1230.000000 10.320000 -0.633173
1230.000000 10.330000 -0.631284
1230.000000 10.340000 -0.629335
1230.000000 10.350000 -0.627329
1230.000000 10.360000 -0.625269
1230.000000 10.370000 -0.623157
1230.000000 10.380000 -0.620997
1230.000000 10.390000 -0.618790
1230.000000 10.400000 -0.616539
1230.000000 10.410000 -0.614247
1230.000000 10.420000 -0.611916
1230.000000 10.430000 -0.609549
1230.000000 10.440000 -0.607147
1230.000000 10.450000 -0.604714
1230.000000 10.460000 -0.602252
1230.000000 10.470000 -0.599762
1230.000000 10.480000 -0.597247
1230.000000 10.490000 -0.594709
1230.000000 10.500000 -0.592150
1230.000000 10.510000 -0.589572
1230.000000 10.520000 -0.586977
1230.000000 10.530000 -0.584368
1230.000000 10.540000 -0.581745
1230.000000 10.550000 -0.579111
1230.000000 10.560000 -0.576467
1230.000000 10.570000 -0.573816
1230.000000 10.580000 -0.571158
1230.000000 10.590000 -0.568497
1230.000000 10.600000 -0.565832
1230.000000 10.610000 -0.563166
1230.000000 10.620000 -0.560501
1230.000000 10.630000 -0.557837
1230.000000 10.640000 -0.555176
1230.000000 10.650000 -0.552520
1230.000000 10.660000 -0.549870
1230.000000 10.670000 -0.547227
1230.000000 10.680000 -0.544592
1230.000000 10.690000 -0.541967
1230.000000 10.700000 -0.539352
1230.000000 10.710000 -0.536750
1230.000000 10.720000 -0.534160
1230.000000 10.730000 -0.531584
1230.000000 10.740000 -0.529024
1230.000000 10.750000 -0.526479
1230.000000 10.760000 -0.523951
1230.000000 10.770000 -0.521441
1230.000000 10.780000 -0.518949
1230.000000 10.790000 -0.516477
1230.000000 10.800000 -0.514025
1230.000000 10.810000 -0.511594
1230.000000 10.820000 -0.509185
1230.000000 10.830000 -0.506797
1230.000000 10.840000 -0.504433
1230.000000 10.850000 -0.502092
1230.000000 10.860000 -0.499775
1230.000000 10.870000 -0.497482
1230.000000 10.880000 -0.495215
1230.000000 10.890000 -0.492973
1230.000000 10.900000 -0.490757
1230.000000 10.910000 -0.488567
1230.000000 10.920000 -0.486404
1230.000000 10.930000 -0.484267
1230.000000 10.940000 -0.482159
1230.000000 10.950000 -0.480077
1230.000000 10.960000 -0.478024
1230.000000 10.970000 -0.475999
1230.000000 10.980000 -0.474002
1230.000000 10.990000 -0.472033
1230.000000 11.000000 -0.470093
1230.000000 11.010000 -0.468181
1230.000000 11.020000 -0.466299
1230.000000 11.030000 -0.464445
1230.000000 11.040000 -0.462620
1230.000000 11.050000 -0.460823
1230.000000 11.060000 -0.459056
1230.000000 11.070000 -0.457318
1230.000000 11.080000 -0.455608
1230.000000 11.090000 -0.453927
1230.000000 11.100000 -0.452275
1230.000000 11.110000 -0.450651
1230.000000 11.120000 -0.449055
1230.000000 11.130000 -0.447488
1230.000000 11.140000 -0.445948
1230.000000 11.150000 -0.444436
1230.000000 11.160000 -0.442952
1230.000000 11.170000 -0.441495
1230.000000 11.180000 -0.440065
1230.000000 11.190000 -0.438662
1230.000000 11.200000 -0.437286
1230.000000 11.210000 -0.435935
1230.000000 11.220000 -0.434610
1230.000000 11.230000 -0.433311
1230.000000 11.240000 -0.432037
1230.000000 11.250000 -0.430787
1230.000000 11.260000 -0.429561
1230.000000 11.270000 -0.428360
1230.000000 11.280000 -0.427181
1230.000000 11.290000 -0.426026
1230.000000 11.300000 -0.424893
1230.000000 11.310000 -0.423782
1230.000000 11.320000 -0.422692
1230.000000 11.330000 -0.421623
1230.000000 11.340000 -0.420574
1230.000000 11.350000 -0.419545
1230.000000 11.360000 -0.418536
1230.000000 11.370000 -0.417544
1230.000000 11.380000 -0.416571
1230.000000 11.390000 -0.415615
1230.000000 11.400000 -0.414676
1230.000000 11.410000 -0.413753
1230.000000 11.420000 -0.412845
1230.000000 11.430000 -0.411952
1230.000000 11.440000 -0.411073
1230.000000 11.450000 -0.410206
1230.000000 11.460000 -0.409353
1230.000000 11.470000 -0.408511
1230.000000 11.480000 -0.407680
1230.000000 11.490000 -0.406860
1230.000000 11.500000 -0.406049
1230.000000 11.510000 -0.405246
1230.000000 11.520000 -0.404451
1230.000000 11.530000 -0.403663
1230.000000 11.540000 -0.402882
1230.000000 11.550000 -0.402105
1230.000000 11.560000 -0.401333
1230.000000 11.570000 -0.400564
1230.000000 11.580000 -0.399798
1230.000000 11.590000 -0.399033
1230.000000 11.600000 -0.398269
1230.000000 11.610000 -0.397505
1230.000000 11.620000 -0.396740
1230.000000 11.630000 -0.395972
1230.000000 11.640000 -0.395202
1230.000000 11.650000 -0.394427
1230.000000 11.660000 -0.393646
1230.000000 11.670000 -0.392860
1230.000000 11.680000 -0.392066
1230.000000 11.690000 -0.391265
1230.000000 11.700000 -0.390453
1230.000000 11.710000 -0.389631
1230.000000 11.720000 -0.388798
1230.000000 11.730000 -0.387952
1230.000000 11.740000 -0.387092
1230.000000 11.750000 -0.386218
1230.000000 11.760000 -0.385327
1230.000000 11.770000 -0.384420
1230.000000 11.780000 -0.383494
1230.000000 11.790000 -0.382548
1230.000000 11.800000 -0.381582
1230.000000 11.810000 -0.380594
1230.000000 11.820000 -0.379584
1230.000000 11.830000 -0.378549
1230.000000 11.840000 -0.377489
1230.000000 11.850000 -0.376402
1230.000000 11.860000 -0.375287
1230.000000 11.870000 -0.374144
1230.000000 11.880000 -0.372970
1230.000000 11.890000 -0.371765
1230.000000 11.900000 -0.370527
1230.000000 11.910000 -0.369255
1230.000000 11.920000 -0.367948
1230.000000 11.930000 -0.366605
1230.000000 11.940000 -0.365224
1230.000000 11.950000 -0.363805
1230.000000 11.960000 -0.362345
1230.000000 11.970000 -0.360844
1230.000000 11.980000 -0.359300
1230.000000 11.990000 -0.357713
1230.000000 12.000000 -0.356080
1230.000000 12.010000 -0.354402
1230.000000 12.020000 -0.352675
1230.000000 12.030000 -0.350900
1230.000000 12.040000 -0.349076
1230.000000 12.050000 -0.347200
1230.000000 12.060000 -0.345271
1230.000000 12.070000 -0.343290
1230.000000 12.080000 -0.341253
1230.000000 12.090000 -0.339161
1230.000000 12.100000 -0.337011
1230.000000 12.110000 -0.334803
1230.000000 12.120000 -0.332536
1230.000000 12.130000 -0.330209
1230.000000 12.140000 -0.327820
1230.000000 12.150000 -0.325369
1230.000000 12.160000 -0.322853
1230.000000 12.170000 -0.320273
1230.000000 12.180000 -0.317628
1230.000000 12.190000 -0.314915
1230.000000 12.200000 -0.312135
1230.000000 12.210000 -0.309285
1230.000000 12.220000 -0.306367
1230.000000 12.230000 -0.303377
1230.000000 12.240000 -0.300316
1230.000000 12.250000 -0.297183
1230.000000 12.260000 -0.293977
1230.000000 12.270000 -0.290696
1230.000000 12.280000 -0.287341
1230.000000 12.290000 -0.283910
1230.000000 12.300000 -0.280403
1230.000000 12.310000 -0.276819
1230.000000 12.320000 -0.273158
1230.000000 12.330000 -0.269418
1230.000000 12.340000 -0.265600
1230.000000 12.350000 -0.261702
1230.000000 12.360000 -0.257725
1230.000000 12.370000 -0.253667
1230.000000 12.380000 -0.249529
1230.000000 12.390000 -0.245310
1230.000000 12.400000 -0.241009
1230.000000 12.410000 -0.236627
1230.000000 12.420000 -0.232163
1230.000000 12.430000 -0.227617
1230.000000 12.440000 -0.222989
1230.000000 12.450000 -0.218278
1230.000000 12.460000 -0.213485
1230.000000 12.470000 -0.208610
1230.000000 12.480000 -0.203653
1230.000000 12.490000 -0.198613
1230.000000 12.500000 -0.193491
1230.000000 12.510000 -0.188288
1230.000000 12.520000 -0.183003
1230.000000 12.530000 -0.177637
1230.000000 12.540000 -0.172190
1230.000000 12.550000 -0.166662
1230.000000 12.560000 -0.161054
1230.000000 12.570000 -0.155367
1230.000000 12.580000 -0.149602
1230.000000 12.590000 -0.143758
1230.000000 12.600000 -0.137836
1230.000000 12.610000 -0.131838
1230.000000 12.620000 -0.125764
1230.000000 12.630000 -0.119615
1230.000000 12.640000 -0.113392
1230.000000 12.650000 -0.107095
1230.000000 12.660000 -0.100727
1230.000000 12.670000 -0.094288
1230.000000 12.680000 -0.087779
1230.000000 12.690000 -0.081202
1230.000000 12.700000 -0.074557
1230.000000 12.710000 -0.067847
1230.000000 12.720000 -0.061072
1230.000000 12.730000 -0.054235
1230.000000 12.740000 -0.047336
1230.000000 12.750000 -0.040377
1230.000000 12.760000 -0.033360
1230.000000 12.770000 -0.026287
1230.000000 12.780000 -0.019159
1230.000000 12.790000 -0.011979
1230.000000 12.800000 -0.004747
1230.000000 12.810000 0.002533
1230.000000 12.820000 0.009861
1230.000000 12.830000 0.017233
1230.000000 12.840000 0.024648
1230.000000 12.850000 0.032104
1230.000000 12.860000 0.039599
1230.000000 12.870000 0.047129
1230.000000 12.880000 0.054694
1230.000000 12.890000 0.062290
1230.000000 12.900000 0.069915
1230.000000 12.910000 0.077567
1230.000000 12.920000 0.085242
1230.000000 12.930000 0.092940
1230.000000 12.940000 0.100656
1230.000000 12.950000 0.108389
1230.000000 12.960000 0.116136
1230.000000 12.970000 0.123893
1230.000000 12.980000 0.131659
1230.000000 12.990000 0.139431
1230.000000 13.000000 0.147204
1230.000000 13.010000 0.154978
1230.000000 13.020000 0.162749
1230.000000 13.030000 0.170513
1230.000000 13.040000 0.178269
1230.000000 13.050000 0.186012
1230.000000 13.060000 0.193741
1230.000000 13.070000 0.201451
1230.000000 13.080000 0.209141
1230.000000 13.090000 0.216806
1230.000000 13.100000 0.224445
1230.000000 13.110000 0.232053
1230.000000 13.120000 0.239627
1230.000000 13.130000 0.247165
1230.000000 13.140000 0.254664
1230.000000 13.150000 0.262119
1230.000000 13.160000 0.269529
1230.000000 13.170000 0.276889
1230.000000 13.180000 0.284197
1230.000000 13.190000 0.291450
1230.000000 13.200000 0.298644
1230.000000 13.210000 0.305777
1230.000000 13.220000 0.312844
1230.000000 13.230000 0.319844
1230.000000 13.240000 0.326772
1230.000000 13.250000 0.333627
1230.000000 13.260000 0.340404
1230.000000 13.270000 0.347100
1230.000000 13.280000 0.353713
1230.000000 13.290000 0.360240
1230.000000 13.300000 0.366677
1230.000000 13.310000 0.373022
1230.000000 13.320000 0.379271
1230.000000 13.330000 0.385422
1230.000000 13.340000 0.391472
1230.000000 13.350000 0.397418
1230.000000 13.360000 0.403257
1230.000000 13.370000 0.408986
1230.000000 13.380000 0.414603
1230.000000 13.390000 0.420105
1230.000000 13.400000 0.425489
1230.000000 13.410000 0.430752
1230.000000 13.420000 0.435893
1230.000000 13.430000 0.440908
1230.000000 13.440000 0.445796
1230.000000 13.450000 0.450553
1230.000000 13.460000 0.455178
1230.000000 13.470000 0.459668
1230.000000 13.480000 0.464021
1230.000000 13.490000 0.468235
1230.000000 13.500000 0.472307
1230.000000 13.510000 0.476236
1230.000000 13.520000 0.480019
1230.000000 13.530000 0.483656
1230.000000 13.540000 0.487143
1230.000000 13.550000 0.490480
1230.000000 13.560000 0.493664
1230.000000 13.570000 0.496694
1230.000000 13.580000 0.499569
1230.000000 13.590000 0.502286
1230.000000 13.600000 0.504845
1230.000000 13.610000 0.507244
1230.000000 13.620000 0.509482
1230.000000 13.630000 0.511558
1230.000000 13.640000 0.513471
1230.000000 13.650000 0.515220
1230.000000 13.660000 0.516804
1230.000000 13.670000 0.518221
1230.000000 13.680000 0.519473
1230.000000 13.690000 0.520557
1230.000000 13.700000 0.521473
1230.000000 13.710000 0.522221
1230.000000 13.720000 0.522800
1230.000000 13.730000 0.523210
1230.000000 13.740000 0.523452
1230.000000 13.750000 0.523523
1230.000000 13.760000 0.523426
1230.000000 13.770000 0.523159
1230.000000 13.780000 0.522724
1230.000000 13.790000 0.522119
1230.000000 13.800000 0.521345
1230.000000 13.810000 0.520404
1230.000000 13.820000 0.519295
1230.000000 13.830000 0.518018
1230.000000 13.840000 0.516576
1230.000000 13.850000 0.514967
1230.000000 13.860000 0.513194
1230.000000 13.870000 0.511256
1230.000000 13.880000 0.509156
1230.000000 13.890000 0.506894
1230.000000 13.900000 0.504471
1230.000000 13.910000 0.501888
1230.000000 13.920000 0.499148
1230.000000 13.930000 0.496250
1230.000000 13.940000 0.493197
1230.000000 13.950000 0.489991
1230.000000 13.960000 0.486632
1230.000000 13.970000 0.483123
1230.000000 13.980000 0.479466
1230.000000 13.990000 0.475662
1230.000000 14.000000 0.471713
1230.000000 14.010000 0.467621
1230.000000 14.020000 0.463388
1230.000000 14.030000 0.459017
1230.000000 14.040000 0.454510
1230.000000 14.050000 0.449868
1230.000000 14.060000 0.445095
1230.000000 14.070000 0.440192
1230.000000 14.080000 0.435162
1230.000000 14.090000 0.430008
1230.000000 14.100000 0.424732
1230.000000 14.110000 0.419336
1230.000000 14.120000 0.413824
1230.000000 14.130000 0.408198
1230.000000 14.140000 0.402461
1230.000000 14.150000 0.396616
1230.000000 14.160000 0.390665
1230.000000 14.170000 0.384611
1230.000000 14.180000 0.378458
1230.000000 14.190000 0.372208
1230.000000 14.200000 0.365865
1230.000000 14.210000 0.359431
1230.000000 14.220000 0.352909
1230.000000 14.230000 0.346303
1230.000000 14.240000 0.339616
1230.000000 14.250000 0.332850
1230.000000 14.260000 0.326010
1230.000000 14.270000 0.319097
1230.000000 14.280000 0.312116
1230.000000 14.290000 0.305070
1230.000000 14.300000 0.297962
1230.000000 14.310000 0.290795
1230.000000 14.320000 0.283572
1230.000000 14.330000 0.276297
1230.000000 14.340000 0.268973
1230.000000 14.350000 0.261604
1230.000000 14.360000 0.254192
1230.000000 14.370000 0.246741
1230.000000 14.380000 0.239254
1230.000000 14.390000 0.231734
1230.000000 14.400000 0.224186
1230.000000 14.410000 0.216611
1230.000000 14.420000 0.209014
1230.000000 14.430000 0.201397
1230.000000 14.440000 0.193763
1230.000000 14.450000 0.186117
1230.000000 14.460000 0.178461
1230.000000 14.470000 0.170799
1230.000000 14.480000 0.163132
1230.000000 14.490000 0.155466
1230.000000 14.500000 0.147802
1230.000000 14.510000 0.140144
1230.000000 14.520000 0.132495
1230.000000 14.530000 0.124858
1230.000000 14.540000 0.117235
1230.000000 14.550000 0.109630
1230.000000 14.560000 0.102047
1230.000000 14.570000 0.094486
1230.000000 14.580000 0.086952
1230.000000 14.590000 0.079448
1230.000000 14.600000 0.071975
1230.000000 14.610000 0.064537
1230.000000 14.620000 0.057136
1230.000000 14.630000 0.049776
1230.000000 14.640000 0.042458
1230.000000 14.650000 0.035185
1230.000000 14.660000 0.027959
1230.000000 14.670000 0.020784
1230.000000 14.680000 0.013661
1230.000000 14.690000 0.006593
1230.000000 14.700000 -0.000419
1230.000000 14.710000 -0.007371
1230.000000 14.720000 -0.014261
1230.000000 14.730000 -0.021089
1230.000000 14.740000 -0.027851
1230.000000 14.750000 -0.034545
1230.000000 14.760000 -0.041170
1230.000000 14.770000 -0.047723
1230.000000 14.780000 -0.054204
1230.000000 14.790000 -0.060609
1230.000000 14.800000 -0.066938
1230.000000 14.810000 -0.073188
1230.000000 14.820000 -0.079359
1230.000000 14.830000 -0.085449
1230.000000 14.840000 -0.091455
1230.000000 14.850000 -0.097378
1230.000000 14.860000 -0.103215
1230.000000 14.870000 -0.108965
1230.000000 14.880000 -0.114627
1230.000000 14.890000 -0.120200
1230.000000 14.900000 -0.125682
1230.000000 14.910000 -0.131074
1230.000000 14.920000 -0.136373
1230.000000 14.930000 -0.141579
1230.000000 14.940000 -0.146691
1230.000000 14.950000 -0.151708
1230.000000 14.960000 -0.156629
1230.000000 14.970000 -0.161455
1230.000000 14.980000 -0.166183
1230.000000 14.990000 -0.170815
1230.000000 15.000000 -0.175348
