-10.000000 -0.002106
-9.990000 -0.002321
-9.980000 -0.002534
-9.970000 -0.002745
-9.960000 -0.002954
-9.950000 -0.003160
-9.940000 -0.003365
-9.930000 -0.003567
-9.920000 -0.003766
-9.910000 -0.003963
-9.900000 -0.004158
-9.890000 -0.004351
-9.880000 -0.004541
-9.870000 -0.004729
-9.860000 -0.004915
-9.850000 -0.005098
-9.840000 -0.005279
-9.830000 -0.005457
-9.820000 -0.005633
-9.810000 -0.005807
-9.800000 -0.005978
-9.790000 -0.006147
-9.780000 -0.006314
-9.770000 -0.006478
-9.760000 -0.006640
-9.750000 -0.006800
-9.740000 -0.006957
-9.730000 -0.007112
-9.720000 -0.007265
-9.710000 -0.007415
-9.700000 -0.007563
-9.690000 -0.007709
-9.680000 -0.007852
-9.670000 -0.007994
-9.660000 -0.008133
-9.650000 -0.008270
-9.640000 -0.008405
-9.630000 -0.008537
-9.620000 -0.008668
-9.610000 -0.008796
-9.600000 -0.008922
-9.590000 -0.009047
-9.580000 -0.009169
-9.570000 -0.009289
-9.560000 -0.009408
-9.550000 -0.009524
-9.540000 -0.009638
-9.530000 -0.009751
-9.520000 -0.009862
-9.510000 -0.009970
-9.500000 -0.010078
-9.490000 -0.010183
-9.480000 -0.010286
-9.470000 -0.010388
-9.460000 -0.010489
-9.450000 -0.010587
-9.440000 -0.010684
-9.430000 -0.010780
-9.420000 -0.010874
-9.410000 -0.010966
-9.400000 -0.011057
-9.390000 -0.011147
-9.380000 -0.011235
-9.370000 -0.011322
-9.360000 -0.011408
-9.350000 -0.011492
-9.340000 -0.011575
-9.330000 -0.011657
-9.320000 -0.011738
-9.310000 -0.011818
-9.300000 -0.011897
-9.290000 -0.011974
-9.280000 -0.012051
-9.270000 -0.012127
-9.260000 -0.012201
-9.250000 -0.012275
-9.240000 -0.012348
-9.230000 -0.012421
-9.220000 -0.012492
-9.210000 -0.012563
-9.200000 -0.012633
-9.190000 -0.012703
-9.180000 -0.012772
-9.170000 -0.012840
-9.160000 -0.012908
-9.150000 -0.012975
-9.140000 -0.013042
-9.130000 -0.013108
-9.120000 -0.013175
-9.110000 -0.013240
-9.100000 -0.013306
-9.090000 -0.013371
-9.080000 -0.013436
-9.070000 -0.013501
-9.060000 -0.013566
-9.050000 -0.013630
-9.040000 -0.013695
-9.030000 -0.013759
-9.020000 -0.013823
-9.010000 -0.013888
-9.000000 -0.013952
-8.990000 -0.014017
-8.980000 -0.014081
-8.970000 -0.014146
-8.960000 -0.014211
-8.950000 -0.014276
-8.940000 -0.014342
-8.930000 -0.014407
-8.920000 -0.014473
-8.910000 -0.014540
-8.900000 -0.014606
-8.890000 -0.014673
-8.880000 -0.014741
-8.870000 -0.014809
-8.860000 -0.014877
-8.850000 -0.014946
-8.840000 -0.015015
-8.830000 -0.015085
-8.820000 -0.015155
-8.810000 -0.015226
-8.800000 -0.015297
-8.790000 -0.015369
-8.780000 -0.015442
-8.770000 -0.015515
-8.760000 -0.015589
-8.750000 -0.015663
-8.740000 -0.015738
-8.730000 -0.015814
-8.720000 -0.015891
-8.710000 -0.015968
-8.700000 -0.016045
-8.690000 -0.016124
-8.680000 -0.016203
-8.670000 -0.016283
-8.660000 -0.016364
-8.650000 -0.016445
-8.640000 -0.016527
-8.630000 -0.016610
-8.620000 -0.016693
-8.610000 -0.016777
-8.600000 -0.016862
-8.590000 -0.016947
-8.580000 -0.017034
-8.570000 -0.017120
-8.560000 -0.017208
-8.550000 -0.017295
-8.540000 -0.017384
-8.530000 -0.017473
-8.520000 -0.017563
-8.510000 -0.017653
-8.500000 -0.017743
-8.490000 -0.017834
-8.480000 -0.017926
-8.470000 -0.018018
-8.460000 -0.018110
-8.450000 -0.018203
-8.440000 -0.018295
-8.430000 -0.018389
-8.420000 -0.018482
-8.410000 -0.018575
-8.400000 -0.018669
-8.390000 -0.018762
-8.380000 -0.018856
-8.370000 -0.018949
-8.360000 -0.019042
-8.350000 -0.019135
-8.340000 -0.019228
-8.330000 -0.019320
-8.320000 -0.019412
-8.310000 -0.019504
-8.300000 -0.019595
-8.290000 -0.019685
-8.280000 -0.019775
-8.270000 -0.019864
-8.260000 -0.019951
-8.250000 -0.020038
-8.240000 -0.020124
-8.230000 -0.020208
-8.220000 -0.020291
-8.210000 -0.020373
-8.200000 -0.020453
-8.190000 -0.020532
-8.180000 -0.020609
-8.170000 -0.020684
-8.160000 -0.020756
-8.150000 -0.020827
-8.140000 -0.020896
-8.130000 -0.020962
-8.120000 -0.021025
-8.110000 -0.021086
-8.100000 -0.021144
-8.090000 -0.021199
-8.080000 -0.021250
-8.070000 -0.021299
-8.060000 -0.021344
-8.050000 -0.021385
-8.040000 -0.021422
-8.030000 -0.021456
-8.020000 -0.021485
-8.010000 -0.021510
-8.000000 -0.021530
-7.990000 -0.021545
-7.980000 -0.021556
-7.970000 -0.021561
-7.960000 -0.021561
-7.950000 -0.021556
-7.940000 -0.021544
-7.930000 -0.021527
-7.920000 -0.021503
-7.910000 -0.021473
-7.900000 -0.021436
-7.890000 -0.021392
-7.880000 -0.021341
-7.870000 -0.021282
-7.860000 -0.021216
-7.850000 -0.021141
-7.840000 -0.021059
-7.830000 -0.020968
-7.820000 -0.020868
-7.810000 -0.020759
-7.800000 -0.020640
-7.790000 -0.020512
-7.780000 -0.020374
-7.770000 -0.020226
-7.760000 -0.020067
-7.750000 -0.019898
-7.740000 -0.019717
-7.730000 -0.019525
-7.720000 -0.019321
-7.710000 -0.019104
-7.700000 -0.018875
-7.690000 -0.018634
-7.680000 -0.018379
-7.670000 -0.018110
-7.660000 -0.017828
-7.650000 -0.017531
-7.640000 -0.017220
-7.630000 -0.016894
-7.620000 -0.016552
-7.610000 -0.016195
-7.600000 -0.015821
-7.590000 -0.015431
-7.580000 -0.015024
-7.570000 -0.014600
-7.560000 -0.014157
-7.550000 -0.013697
-7.540000 -0.013218
-7.530000 -0.012720
-7.520000 -0.012203
-7.510000 -0.011665
-7.500000 -0.011108
-7.490000 -0.010530
-7.480000 -0.009930
-7.470000 -0.009309
-7.460000 -0.008666
-7.450000 -0.008000
-7.440000 -0.007311
-7.430000 -0.006599
-7.420000 -0.005863
-7.410000 -0.005102
-7.400000 -0.004317
-7.390000 -0.003506
-7.380000 -0.002670
-7.370000 -0.001807
-7.360000 -0.000917
-7.350000 -0.000000
-7.340000 0.000945
-7.330000 0.001918
-7.320000 0.002919
-7.310000 0.003950
-7.300000 0.005011
-7.290000 0.006102
-7.280000 0.007223
-7.270000 0.008376
-7.260000 0.009560
-7.250000 0.010777
-7.240000 0.012026
-7.230000 0.013309
-7.220000 0.014625
-7.210000 0.015975
-7.200000 0.017360
-7.190000 0.018780
-7.180000 0.020235
-7.170000 0.021727
-7.160000 0.023255
-7.150000 0.024820
-7.140000 0.026423
-7.130000 0.028064
-7.120000 0.029743
-7.110000 0.031461
-7.100000 0.033218
-7.090000 0.035015
-7.080000 0.036852
-7.070000 0.038729
-7.060000 0.040648
-7.050000 0.042608
-7.040000 0.044609
-7.030000 0.046653
-7.020000 0.048739
-7.010000 0.050869
-7.000000 0.053041
-6.990000 0.055257
-6.980000 0.057517
-6.970000 0.059821
-6.960000 0.062170
-6.950000 0.064563
-6.940000 0.067002
-6.930000 0.069485
-6.920000 0.072015
-6.910000 0.074590
-6.900000 0.077211
-6.890000 0.079878
-6.880000 0.082592
-6.870000 0.085352
-6.860000 0.088158
-6.850000 0.091012
-6.840000 0.093912
-6.830000 0.096859
-6.820000 0.099853
-6.810000 0.102893
-6.800000 0.105981
-6.790000 0.109115
-6.780000 0.112297
-6.770000 0.115525
-6.760000 0.118799
-6.750000 0.122121
-6.740000 0.125488
-6.730000 0.128902
-6.720000 0.132361
-6.710000 0.135866
-6.700000 0.139417
-6.690000 0.143013
-6.680000 0.146653
-6.670000 0.150338
-6.660000 0.154067
-6.650000 0.157839
-6.640000 0.161654
-6.630000 0.165512
-6.620000 0.169412
-6.610000 0.173354
-6.600000 0.177336
-6.590000 0.181359
-6.580000 0.185421
-6.570000 0.189522
-6.560000 0.193662
-6.550000 0.197838
-6.540000 0.202051
-6.530000 0.206300
-6.520000 0.210584
-6.510000 0.214901
-6.500000 0.219252
-6.490000 0.223634
-6.480000 0.228048
-6.470000 0.232491
-6.460000 0.236963
-6.450000 0.241462
-6.440000 0.245988
-6.430000 0.250538
-6.420000 0.255113
-6.410000 0.259710
-6.400000 0.264329
-6.390000 0.268967
-6.380000 0.273624
-6.370000 0.278298
-6.360000 0.282987
-6.350000 0.287690
-6.340000 0.292406
-6.330000 0.297133
-6.320000 0.301868
-6.310000 0.306612
-6.300000 0.311361
-6.290000 0.316114
-6.280000 0.320869
-6.270000 0.325625
-6.260000 0.330380
-6.250000 0.335131
-6.240000 0.339878
-6.230000 0.344617
-6.220000 0.349348
-6.210000 0.354067
-6.200000 0.358774
-6.190000 0.363465
-6.180000 0.368140
-6.170000 0.372795
-6.160000 0.377429
-6.150000 0.382039
-6.140000 0.386624
-6.130000 0.391182
-6.120000 0.395709
-6.110000 0.400204
-6.100000 0.404664
-6.090000 0.409088
-6.080000 0.413473
-6.070000 0.417816
-6.060000 0.422116
-6.050000 0.426370
-6.040000 0.430575
-6.030000 0.434731
-6.020000 0.438833
-6.010000 0.442880
-6.000000 0.446869
-5.990000 0.450798
-5.980000 0.454665
-5.970000 0.458467
-5.960000 0.462202
-5.950000 0.465868
-5.940000 0.469462
-5.930000 0.472982
-5.920000 0.476425
-5.910000 0.479789
-5.900000 0.483073
-5.890000 0.486273
-5.880000 0.489387
-5.870000 0.492413
-5.860000 0.495348
-5.850000 0.498191
-5.840000 0.500940
-5.830000 0.503591
-5.820000 0.506143
-5.810000 0.508594
-5.800000 0.510941
-5.790000 0.513183
-5.780000 0.515317
-5.770000 0.517342
-5.760000 0.519254
-5.750000 0.521053
-5.740000 0.522737
-5.730000 0.524303
-5.720000 0.525749
-5.710000 0.527074
-5.700000 0.528277
-5.690000 0.529354
-5.680000 0.530306
-5.670000 0.531129
-5.660000 0.531823
-5.650000 0.532385
-5.640000 0.532815
-5.630000 0.533111
-5.620000 0.533271
-5.610000 0.533294
-5.600000 0.533180
-5.590000 0.532926
-5.580000 0.532532
-5.570000 0.531996
-5.560000 0.531318
-5.550000 0.530496
-5.540000 0.529530
-5.530000 0.528418
-5.520000 0.527161
-5.510000 0.525757
-5.500000 0.524205
-5.490000 0.522506
-5.480000 0.520658
-5.470000 0.518662
-5.460000 0.516516
-5.450000 0.514221
-5.440000 0.511776
-5.430000 0.509182
-5.420000 0.506437
-5.410000 0.503543
-5.400000 0.500499
-5.390000 0.497305
-5.380000 0.493962
-5.370000 0.490471
-5.360000 0.486830
-5.350000 0.483041
-5.340000 0.479105
-5.330000 0.475021
-5.320000 0.470791
-5.310000 0.466416
-5.300000 0.461896
-5.290000 0.457232
-5.280000 0.452425
-5.270000 0.447477
-5.260000 0.442388
-5.250000 0.437159
-5.240000 0.431793
-5.230000 0.426290
-5.220000 0.420651
-5.210000 0.414879
-5.200000 0.408975
-5.190000 0.402940
-5.180000 0.396776
-5.170000 0.390486
-5.160000 0.384070
-5.150000 0.377531
-5.140000 0.370871
-5.130000 0.364092
-5.120000 0.357196
-5.110000 0.350184
-5.100000 0.343061
-5.090000 0.335827
-5.080000 0.328485
-5.070000 0.321038
-5.060000 0.313487
-5.050000 0.305836
-5.040000 0.298088
-5.030000 0.290244
-5.020000 0.282308
-5.010000 0.274281
-5.000000 0.266168
-4.990000 0.257971
-4.980000 0.249692
-4.970000 0.241335
-4.960000 0.232903
-4.950000 0.224398
-4.940000 0.215824
-4.930000 0.207184
-4.920000 0.198480
-4.910000 0.189717
-4.900000 0.180897
-4.890000 0.172022
-4.880000 0.163098
-4.870000 0.154126
-4.860000 0.145110
-4.850000 0.136054
-4.840000 0.126960
-4.830000 0.117833
-4.820000 0.108674
-4.810000 0.099488
-4.800000 0.090278
-4.790000 0.081048
-4.780000 0.071800
-4.770000 0.062538
-4.760000 0.053266
-4.750000 0.043986
-4.740000 0.034703
-4.730000 0.025419
-4.720000 0.016138
-4.710000 0.006864
-4.700000 -0.002401
-4.690000 -0.011653
-4.680000 -0.020889
-4.670000 -0.030106
-4.660000 -0.039299
-4.650000 -0.048467
-4.640000 -0.057605
-4.630000 -0.066711
-4.620000 -0.075781
-4.610000 -0.084813
-4.600000 -0.093802
-4.590000 -0.102746
-4.580000 -0.111643
-4.570000 -0.120488
-4.560000 -0.129279
-4.550000 -0.138013
-4.540000 -0.146687
-4.530000 -0.155298
-4.520000 -0.163844
-4.510000 -0.172321
-4.500000 -0.180726
-4.490000 -0.189058
-4.480000 -0.197313
-4.470000 -0.205490
-4.460000 -0.213584
-4.450000 -0.221594
-4.440000 -0.229518
-4.430000 -0.237352
-4.420000 -0.245096
-4.410000 -0.252745
-4.400000 -0.260299
-4.390000 -0.267754
-4.380000 -0.275110
-4.370000 -0.282363
-4.360000 -0.289512
-4.350000 -0.296556
-4.340000 -0.303491
-4.330000 -0.310316
-4.320000 -0.317030
-4.310000 -0.323631
-4.300000 -0.330117
-4.290000 -0.336487
-4.280000 -0.342739
-4.270000 -0.348872
-4.260000 -0.354885
-4.250000 -0.360775
-4.240000 -0.366543
-4.230000 -0.372187
-4.220000 -0.377705
-4.210000 -0.383098
-4.200000 -0.388363
-4.190000 -0.393500
-4.180000 -0.398509
-4.170000 -0.403388
-4.160000 -0.408136
-4.150000 -0.412754
-4.140000 -0.417241
-4.130000 -0.421596
-4.120000 -0.425819
-4.110000 -0.429909
-4.100000 -0.433867
-4.090000 -0.437691
-4.080000 -0.441383
-4.070000 -0.444941
-4.060000 -0.448366
-4.050000 -0.451658
-4.040000 -0.454817
-4.030000 -0.457843
-4.020000 -0.460736
-4.010000 -0.463497
-4.000000 -0.466126
-3.990000 -0.468624
-3.980000 -0.470990
-3.970000 -0.473226
-3.960000 -0.475332
-3.950000 -0.477309
-3.940000 -0.479157
-3.930000 -0.480877
-3.920000 -0.482470
-3.910000 -0.483937
-3.900000 -0.485279
-3.890000 -0.486496
-3.880000 -0.487590
-3.870000 -0.488561
-3.860000 -0.489412
-3.850000 -0.490142
-3.840000 -0.490754
-3.830000 -0.491247
-3.820000 -0.491625
-3.810000 -0.491887
-3.800000 -0.492036
-3.790000 -0.492072
-3.780000 -0.491997
-3.770000 -0.491813
-3.760000 -0.491521
-3.750000 -0.491122
-3.740000 -0.490619
-3.730000 -0.490012
-3.720000 -0.489303
-3.710000 -0.488495
-3.700000 -0.487588
-3.690000 -0.486584
-3.680000 -0.485485
-3.670000 -0.484293
-3.660000 -0.483010
-3.650000 -0.481637
-3.640000 -0.480176
-3.630000 -0.478629
-3.620000 -0.476997
-3.610000 -0.475284
-3.600000 -0.473489
-3.590000 -0.471616
-3.580000 -0.469666
-3.570000 -0.467642
-3.560000 -0.465544
-3.550000 -0.463375
-3.540000 -0.461137
-3.530000 -0.458832
-3.520000 -0.456461
-3.510000 -0.454027
-3.500000 -0.451532
-3.490000 -0.448977
-3.480000 -0.446364
-3.470000 -0.443696
-3.460000 -0.440974
-3.450000 -0.438200
-3.440000 -0.435376
-3.430000 -0.432505
-3.420000 -0.429587
-3.410000 -0.426625
-3.400000 -0.423620
-3.390000 -0.420575
-3.380000 -0.417492
-3.370000 -0.414371
-3.360000 -0.411216
-3.350000 -0.408028
-3.340000 -0.404808
-3.330000 -0.401559
-3.320000 -0.398283
-3.310000 -0.394980
-3.300000 -0.391653
-3.290000 -0.388304
-3.280000 -0.384934
-3.270000 -0.381545
-3.260000 -0.378138
-3.250000 -0.374716
-3.240000 -0.371280
-3.230000 -0.367831
-3.220000 -0.364371
-3.210000 -0.360902
-3.200000 -0.357425
-3.190000 -0.353942
-3.180000 -0.350454
-3.170000 -0.346962
-3.160000 -0.343469
-3.150000 -0.339975
-3.140000 -0.336482
-3.130000 -0.332991
-3.120000 -0.329504
-3.110000 -0.326022
-3.100000 -0.322546
-3.090000 -0.319077
-3.080000 -0.315617
-3.070000 -0.312167
-3.060000 -0.308728
-3.050000 -0.305301
-3.040000 -0.301888
-3.030000 -0.298489
-3.020000 -0.295105
-3.010000 -0.291738
-3.000000 -0.288388
-2.990000 -0.285057
-2.980000 -0.281746
-2.970000 -0.278455
-2.960000 -0.275185
-2.950000 -0.271937
-2.940000 -0.268713
-2.930000 -0.265512
-2.920000 -0.262336
-2.910000 -0.259186
-2.900000 -0.256061
-2.890000 -0.252964
-2.880000 -0.249895
-2.870000 -0.246853
-2.860000 -0.243841
-2.850000 -0.240859
-2.840000 -0.237906
-2.830000 -0.234985
-2.820000 -0.232095
-2.810000 -0.229237
-2.800000 -0.226411
-2.790000 -0.223619
-2.780000 -0.220860
-2.770000 -0.218135
-2.760000 -0.215444
-2.750000 -0.212788
-2.740000 -0.210167
-2.730000 -0.207582
-2.720000 -0.205033
-2.710000 -0.202521
-2.700000 -0.200045
-2.690000 -0.197606
-2.680000 -0.195204
-2.670000 -0.192841
-2.660000 -0.190515
-2.650000 -0.188227
-2.640000 -0.185978
-2.630000 -0.183768
-2.620000 -0.181597
-2.610000 -0.179465
-2.600000 -0.177372
-2.590000 -0.175320
-2.580000 -0.173307
-2.570000 -0.171334
-2.560000 -0.169402
-2.550000 -0.167510
-2.540000 -0.165659
-2.530000 -0.163849
-2.520000 -0.162080
-2.510000 -0.160353
-2.500000 -0.158667
-2.490000 -0.157023
-2.480000 -0.155420
-2.470000 -0.153860
-2.460000 -0.152341
-2.450000 -0.150866
-2.440000 -0.149432
-2.430000 -0.148042
-2.420000 -0.146694
-2.410000 -0.145390
-2.400000 -0.144129
-2.390000 -0.142912
-2.380000 -0.141739
-2.370000 -0.140609
-2.360000 -0.139524
-2.350000 -0.138483
-2.340000 -0.137487
-2.330000 -0.136536
-2.320000 -0.135631
-2.310000 -0.134770
-2.300000 -0.133956
-2.290000 -0.133188
-2.280000 -0.132466
-2.270000 -0.131791
-2.260000 -0.131163
-2.250000 -0.130582
-2.240000 -0.130049
-2.230000 -0.129565
-2.220000 -0.129128
-2.210000 -0.128741
-2.200000 -0.128403
-2.190000 -0.128115
-2.180000 -0.127877
-2.170000 -0.127690
-2.160000 -0.127555
-2.150000 -0.127470
-2.140000 -0.127438
-2.130000 -0.127459
-2.120000 -0.127533
-2.110000 -0.127662
-2.100000 -0.127844
-2.090000 -0.128082
-2.080000 -0.128375
-2.070000 -0.128725
-2.060000 -0.129132
-2.050000 -0.129597
-2.040000 -0.130120
-2.030000 -0.130703
-2.020000 -0.131345
-2.010000 -0.132049
-2.000000 -0.132814
-1.990000 -0.133641
-1.980000 -0.134532
-1.970000 -0.135487
-1.960000 -0.136506
-1.950000 -0.137592
-1.940000 -0.138745
-1.930000 -0.139965
-1.920000 -0.141255
-1.910000 -0.142614
-1.900000 -0.144044
-1.890000 -0.145546
-1.880000 -0.147120
-1.870000 -0.148769
-1.860000 -0.150493
-1.850000 -0.152294
-1.840000 -0.154172
-1.830000 -0.156128
-1.820000 -0.158164
-1.810000 -0.160282
-1.800000 -0.162481
-1.790000 -0.164765
-1.780000 -0.167133
-1.770000 -0.169587
-1.760000 -0.172129
-1.750000 -0.174759
-1.740000 -0.177480
-1.730000 -0.180293
-1.720000 -0.183198
-1.710000 -0.186198
-1.700000 -0.189293
-1.690000 -0.192486
-1.680000 -0.195778
-1.670000 -0.199170
-1.660000 -0.202664
-1.650000 -0.206261
-1.640000 -0.209963
-1.630000 -0.213771
-1.620000 -0.217688
-1.610000 -0.221714
-1.600000 -0.225851
-1.590000 -0.230101
-1.580000 -0.234465
-1.570000 -0.238945
-1.560000 -0.243543
-1.550000 -0.248260
-1.540000 -0.253098
-1.530000 -0.258059
-1.520000 -0.263144
-1.510000 -0.268355
-1.500000 -0.273694
-1.490000 -0.279161
-1.480000 -0.284760
-1.470000 -0.290492
-1.460000 -0.296357
-1.450000 -0.302359
-1.440000 -0.308499
-1.430000 -0.314778
-1.420000 -0.321197
-1.410000 -0.327760
-1.400000 -0.334467
-1.390000 -0.341319
-1.380000 -0.348319
-1.370000 -0.355469
-1.360000 -0.362769
-1.350000 -0.370221
-1.340000 -0.377828
-1.330000 -0.385589
-1.320000 -0.393508
-1.310000 -0.401585
-1.300000 -0.409822
-1.290000 -0.418220
-1.280000 -0.426781
-1.270000 -0.435507
-1.260000 -0.444397
-1.250000 -0.453454
-1.240000 -0.462680
-1.230000 -0.472074
-1.220000 -0.481639
-1.210000 -0.491376
-1.200000 -0.501285
-1.190000 -0.511368
-1.180000 -0.521625
-1.170000 -0.532059
-1.160000 -0.542668
-1.150000 -0.553456
-1.140000 -0.564421
-1.130000 -0.575565
-1.120000 -0.586889
-1.110000 -0.598392
-1.100000 -0.610076
-1.090000 -0.621941
-1.080000 -0.633988
-1.070000 -0.646216
-1.060000 -0.658626
-1.050000 -0.671217
-1.040000 -0.683991
-1.030000 -0.696946
-1.020000 -0.710083
-1.010000 -0.723402
-1.000000 -0.736902
-0.990000 -0.750582
-0.980000 -0.764442
-0.970000 -0.778482
-0.960000 -0.792701
-0.950000 -0.807097
-0.940000 -0.821671
-0.930000 -0.836420
-0.920000 -0.851344
-0.910000 -0.866441
-0.900000 -0.881709
-0.890000 -0.897148
-0.880000 -0.912756
-0.870000 -0.928531
-0.860000 -0.944470
-0.850000 -0.960572
-0.840000 -0.976834
-0.830000 -0.993255
-0.820000 -1.009831
-0.810000 -1.026561
-0.800000 -1.043440
-0.790000 -1.060468
-0.780000 -1.077639
-0.770000 -1.094952
-0.760000 -1.112402
-0.750000 -1.129987
-0.740000 -1.147702
-0.730000 -1.165545
-0.720000 -1.183510
-0.710000 -1.201594
-0.700000 -1.219793
-0.690000 -1.238101
-0.680000 -1.256516
-0.670000 -1.275031
-0.660000 -1.293642
-0.650000 -1.312344
-0.640000 -1.331132
-0.630000 -1.350000
-0.620000 -1.368943
-0.610000 -1.387955
-0.600000 -1.407030
-0.590000 -1.426163
-0.580000 -1.445347
-0.570000 -1.464576
-0.560000 -1.483844
-0.550000 -1.503143
-0.540000 -1.522467
-0.530000 -1.541810
-0.520000 -1.561164
-0.510000 -1.580522
-0.500000 -1.599876
-0.490000 -1.619219
-0.480000 -1.638544
-0.470000 -1.657843
-0.460000 -1.677107
-0.450000 -1.696329
-0.440000 -1.715501
-0.430000 -1.734613
-0.420000 -1.753659
-0.410000 -1.772629
-0.400000 -1.791514
-0.390000 -1.810307
-0.380000 -1.828997
-0.370000 -1.847575
-0.360000 -1.866034
-0.350000 -1.884363
-0.340000 -1.902553
-0.330000 -1.920595
-0.320000 -1.938480
-0.310000 -1.956197
-0.300000 -1.973737
-0.290000 -1.991090
-0.280000 -2.008247
-0.270000 -2.025198
-0.260000 -2.041932
-0.250000 -2.058440
-0.240000 -2.074712
-0.230000 -2.090738
-0.220000 -2.106508
-0.210000 -2.122011
-0.200000 -2.137237
-0.190000 -2.152177
-0.180000 -2.166820
-0.170000 -2.181156
-0.160000 -2.195175
-0.150000 -2.208867
-0.140000 -2.222221
-0.130000 -2.235228
-0.120000 -2.247877
-0.110000 -2.260159
-0.100000 -2.272064
-0.090000 -2.283580
-0.080000 -2.294700
-0.070000 -2.305413
-0.060000 -2.315709
-0.050000 -2.325578
-0.040000 -2.335012
-0.030000 -2.344000
-0.020000 -2.352534
-0.010000 -2.360604
0.000000 -2.368200
0.010000 -2.375315
0.020000 -2.381939
0.030000 -2.388063
0.040000 -2.393679
0.050000 -2.398779
0.060000 -2.403354
0.070000 -2.407397
0.080000 -2.410898
0.090000 -2.413852
0.100000 -2.416249
0.110000 -2.418083
0.120000 -2.419347
0.130000 -2.420034
0.140000 -2.420137
0.150000 -2.419650
0.160000 -2.418567
0.170000 -2.416881
0.180000 -2.414586
0.190000 -2.411678
0.200000 -2.408152
0.210000 -2.404001
0.220000 -2.399222
0.230000 -2.393810
0.240000 -2.387760
0.250000 -2.381070
0.260000 -2.373736
0.270000 -2.365753
0.280000 -2.357120
0.290000 -2.347833
0.300000 -2.337891
0.310000 -2.327291
0.320000 -2.316031
0.330000 -2.304111
0.340000 -2.291528
0.350000 -2.278282
0.360000 -2.264373
0.370000 -2.249801
0.380000 -2.234565
0.390000 -2.218667
0.400000 -2.202107
0.410000 -2.184887
0.420000 -2.167008
0.430000 -2.148472
0.440000 -2.129281
0.450000 -2.109438
0.460000 -2.088946
0.470000 -2.067808
0.480000 -2.046027
0.490000 -2.023609
0.500000 -2.000557
0.510000 -1.976875
0.520000 -1.952569
0.530000 -1.927644
0.540000 -1.902107
0.550000 -1.875962
0.560000 -1.849216
0.570000 -1.821876
0.580000 -1.793949
0.590000 -1.765443
0.600000 -1.736364
0.610000 -1.706722
0.620000 -1.676524
0.630000 -1.645779
0.640000 -1.614496
0.650000 -1.582684
0.660000 -1.550354
0.670000 -1.517513
0.680000 -1.484174
0.690000 -1.450345
0.700000 -1.416039
0.710000 -1.381265
0.720000 -1.346036
0.730000 -1.310362
0.740000 -1.274256
0.750000 -1.237730
0.760000 -1.200795
0.770000 -1.163464
0.780000 -1.125750
0.790000 -1.087667
0.800000 -1.049226
0.810000 -1.010442
0.820000 -0.971328
0.830000 -0.931897
0.840000 -0.892165
0.850000 -0.852144
0.860000 -0.811849
0.870000 -0.771296
0.880000 -0.730497
0.890000 -0.689468
0.900000 -0.648224
0.910000 -0.606780
0.920000 -0.565150
0.930000 -0.523351
0.940000 -0.481396
0.950000 -0.439303
0.960000 -0.397086
0.970000 -0.354760
0.980000 -0.312342
0.990000 -0.269846
1.000000 -0.227289
1.010000 -0.184686
1.020000 -0.142054
1.030000 -0.099406
1.040000 -0.056760
1.050000 -0.014132
1.060000 0.028464
1.070000 0.071012
1.080000 0.113496
1.090000 0.155900
1.100000 0.198209
1.110000 0.240408
1.120000 0.282480
1.130000 0.324412
1.140000 0.366187
1.150000 0.407790
1.160000 0.449207
1.170000 0.490423
1.180000 0.531423
1.190000 0.572192
1.200000 0.612716
1.210000 0.652980
1.220000 0.692972
1.230000 0.732675
1.240000 0.772078
1.250000 0.811165
1.260000 0.849924
1.270000 0.888342
1.280000 0.926406
1.290000 0.964102
1.300000 1.001419
1.310000 1.038343
1.320000 1.074863
1.330000 1.110967
1.340000 1.146644
1.350000 1.181881
1.360000 1.216669
1.370000 1.250996
1.380000 1.284851
1.390000 1.318224
1.400000 1.351106
1.410000 1.383486
1.420000 1.415355
1.430000 1.446705
1.440000 1.477525
1.450000 1.507808
1.460000 1.537545
1.470000 1.566729
1.480000 1.595352
1.490000 1.623406
1.500000 1.650885
1.510000 1.677781
1.520000 1.704089
1.530000 1.729802
1.540000 1.754915
1.550000 1.779422
1.560000 1.803319
1.570000 1.826600
1.580000 1.849261
1.590000 1.871298
1.600000 1.892707
1.610000 1.913485
1.620000 1.933629
1.630000 1.953135
1.640000 1.972002
1.650000 1.990227
1.660000 2.007809
1.670000 2.024745
1.680000 2.041036
1.690000 2.056679
1.700000 2.071674
1.710000 2.086022
1.720000 2.099722
1.730000 2.112774
1.740000 2.125179
1.750000 2.136939
1.760000 2.148054
1.770000 2.158527
1.780000 2.168358
1.790000 2.177550
1.800000 2.186106
1.810000 2.194028
1.820000 2.201320
1.830000 2.207984
1.840000 2.214024
1.850000 2.219444
1.860000 2.224247
1.870000 2.228439
1.880000 2.232024
1.890000 2.235006
1.900000 2.237391
1.910000 2.239183
1.920000 2.240389
1.930000 2.241014
1.940000 2.241063
1.950000 2.240544
1.960000 2.239462
1.970000 2.237824
1.980000 2.235636
1.990000 2.232906
2.000000 2.229640
2.010000 2.225846
2.020000 2.221531
2.030000 2.216703
2.040000 2.211369
2.050000 2.205538
2.060000 2.199216
2.070000 2.192414
2.080000 2.185137
2.090000 2.177396
2.100000 2.169199
2.110000 2.160553
2.120000 2.151469
2.130000 2.141954
2.140000 2.132018
2.150000 2.121669
2.160000 2.110917
2.170000 2.099770
2.180000 2.088239
2.190000 2.076331
2.200000 2.064057
2.210000 2.051426
2.220000 2.038446
2.230000 2.025129
2.240000 2.011482
2.250000 1.997516
2.260000 1.983239
2.270000 1.968662
2.280000 1.953794
2.290000 1.938644
2.300000 1.923222
2.310000 1.907537
2.320000 1.891599
2.330000 1.875417
2.340000 1.859001
2.350000 1.842359
2.360000 1.825502
2.370000 1.808438
2.380000 1.791177
2.390000 1.773728
2.400000 1.756100
2.410000 1.738302
2.420000 1.720343
2.430000 1.702232
2.440000 1.683978
2.450000 1.665589
2.460000 1.647075
2.470000 1.628444
2.480000 1.609704
2.490000 1.590864
2.500000 1.571932
2.510000 1.552917
2.520000 1.533826
2.530000 1.514668
2.540000 1.495451
2.550000 1.476181
2.560000 1.456868
2.570000 1.437518
2.580000 1.418140
2.590000 1.398739
2.600000 1.379325
2.610000 1.359903
2.620000 1.340480
2.630000 1.321064
2.640000 1.301662
2.650000 1.282279
2.660000 1.262922
2.670000 1.243598
2.680000 1.224313
2.690000 1.205072
2.700000 1.185882
2.710000 1.166748
2.720000 1.147676
2.730000 1.128672
2.740000 1.109741
2.750000 1.090888
2.760000 1.072118
2.770000 1.053435
2.780000 1.034846
2.790000 1.016354
2.800000 0.997965
2.810000 0.979681
2.820000 0.961508
2.830000 0.943450
2.840000 0.925510
2.850000 0.907692
2.860000 0.890001
2.870000 0.872439
2.880000 0.855010
2.890000 0.837717
2.900000 0.820564
2.910000 0.803553
2.920000 0.786687
2.930000 0.769969
2.940000 0.753401
2.950000 0.736986
2.960000 0.720726
2.970000 0.704624
2.980000 0.688681
2.990000 0.672900
3.000000 0.657282
3.010000 0.641829
3.020000 0.626543
3.030000 0.611424
3.040000 0.596475
3.050000 0.581697
3.060000 0.567090
3.070000 0.552657
3.080000 0.538397
3.090000 0.524311
3.100000 0.510401
3.110000 0.496666
3.120000 0.483108
3.130000 0.469727
3.140000 0.456522
3.150000 0.443495
3.160000 0.430646
3.170000 0.417973
3.180000 0.405478
3.190000 0.393161
3.200000 0.381020
3.210000 0.369056
3.220000 0.357268
3.230000 0.345656
3.240000 0.334219
3.250000 0.322957
3.260000 0.311869
3.270000 0.300954
3.280000 0.290211
3.290000 0.279640
3.300000 0.269239
3.310000 0.259008
3.320000 0.248946
3.330000 0.239050
3.340000 0.229321
3.350000 0.219757
3.360000 0.210357
3.370000 0.201119
3.380000 0.192041
3.390000 0.183124
3.400000 0.174364
3.410000 0.165761
3.420000 0.157313
3.430000 0.149019
3.440000 0.140876
3.450000 0.132884
3.460000 0.125040
3.470000 0.117343
3.480000 0.109791
3.490000 0.102382
3.500000 0.095115
3.510000 0.087988
3.520000 0.080999
3.530000 0.074145
3.540000 0.067426
3.550000 0.060840
3.560000 0.054384
3.570000 0.048056
3.580000 0.041855
3.590000 0.035779
3.600000 0.029826
3.610000 0.023993
3.620000 0.018279
3.630000 0.012683
3.640000 0.007201
3.650000 0.001832
3.660000 -0.003425
3.670000 -0.008574
3.680000 -0.013615
3.690000 -0.018551
3.700000 -0.023384
3.710000 -0.028115
3.720000 -0.032748
3.730000 -0.037283
3.740000 -0.041722
3.750000 -0.046068
3.760000 -0.050322
3.770000 -0.054487
3.780000 -0.058563
3.790000 -0.062554
3.800000 -0.066461
3.810000 -0.070286
3.820000 -0.074030
3.830000 -0.077696
3.840000 -0.081285
3.850000 -0.084800
3.860000 -0.088241
3.870000 -0.091612
3.880000 -0.094913
3.890000 -0.098146
3.900000 -0.101313
3.910000 -0.104416
3.920000 -0.107457
3.930000 -0.110437
3.940000 -0.113358
3.950000 -0.116221
3.960000 -0.119028
3.970000 -0.121782
3.980000 -0.124482
3.990000 -0.127132
4.000000 -0.129733
4.010000 -0.132285
4.020000 -0.134791
4.030000 -0.137253
4.040000 -0.139671
4.050000 -0.142047
4.060000 -0.144383
4.070000 -0.146680
4.080000 -0.148939
4.090000 -0.151162
4.100000 -0.153351
4.110000 -0.155507
4.120000 -0.157630
4.130000 -0.159723
4.140000 -0.161786
4.150000 -0.163822
4.160000 -0.165831
4.170000 -0.167814
4.180000 -0.169773
4.190000 -0.171709
4.200000 -0.173624
4.210000 -0.175518
4.220000 -0.177392
4.230000 -0.179249
4.240000 -0.181088
4.250000 -0.182912
4.260000 -0.184720
4.270000 -0.186516
4.280000 -0.188298
4.290000 -0.190069
4.300000 -0.191830
4.310000 -0.193581
4.320000 -0.195324
4.330000 -0.197060
4.340000 -0.198789
4.350000 -0.200513
4.360000 -0.202233
4.370000 -0.203949
4.380000 -0.205663
4.390000 -0.207375
4.400000 -0.209087
4.410000 -0.210800
4.420000 -0.212513
4.430000 -0.214229
4.440000 -0.215948
4.450000 -0.217671
4.460000 -0.219399
4.470000 -0.221132
4.480000 -0.222872
4.490000 -0.224620
4.500000 -0.226375
4.510000 -0.228140
4.520000 -0.229914
4.530000 -0.231699
4.540000 -0.233495
4.550000 -0.235304
4.560000 -0.237125
4.570000 -0.238960
4.580000 -0.240810
4.590000 -0.242674
4.600000 -0.244555
4.610000 -0.246452
4.620000 -0.248367
4.630000 -0.250299
4.640000 -0.252251
4.650000 -0.254222
4.660000 -0.256213
4.670000 -0.258224
4.680000 -0.260258
4.690000 -0.262313
4.700000 -0.264391
4.710000 -0.266493
4.720000 -0.268619
4.730000 -0.270769
4.740000 -0.272945
4.750000 -0.275146
4.760000 -0.277374
4.770000 -0.279630
4.780000 -0.281913
4.790000 -0.284224
4.800000 -0.286564
4.810000 -0.288934
4.820000 -0.291333
4.830000 -0.293763
4.840000 -0.296225
4.850000 -0.298717
4.860000 -0.301242
4.870000 -0.303800
4.880000 -0.306391
4.890000 -0.309015
4.900000 -0.311674
4.910000 -0.314367
4.920000 -0.317095
4.930000 -0.319859
4.940000 -0.322659
4.950000 -0.325495
4.960000 -0.328368
4.970000 -0.331279
4.980000 -0.334227
4.990000 -0.337213
5.000000 -0.340238
5.010000 -0.343301
5.020000 -0.346404
5.030000 -0.349546
5.040000 -0.352728
5.050000 -0.355951
5.060000 -0.359213
5.070000 -0.362517
5.080000 -0.365861
5.090000 -0.369247
5.100000 -0.372675
5.110000 -0.376144
5.120000 -0.379655
5.130000 -0.383209
5.140000 -0.386804
5.150000 -0.390443
5.160000 -0.394124
5.170000 -0.397848
5.180000 -0.401614
5.190000 -0.405424
5.200000 -0.409277
5.210000 -0.413172
5.220000 -0.417111
5.230000 -0.421093
5.240000 -0.425118
5.250000 -0.429186
5.260000 -0.433297
5.270000 -0.437451
5.280000 -0.441647
5.290000 -0.445886
5.300000 -0.450168
5.310000 -0.454491
5.320000 -0.458857
5.330000 -0.463264
5.340000 -0.467712
5.350000 -0.472202
5.360000 -0.476732
5.370000 -0.481302
5.380000 -0.485912
5.390000 -0.490562
5.400000 -0.495250
5.410000 -0.499977
5.420000 -0.504741
5.430000 -0.509542
5.440000 -0.514380
5.450000 -0.519254
5.460000 -0.524163
5.470000 -0.529106
5.480000 -0.534082
5.490000 -0.539091
5.500000 -0.544132
5.510000 -0.549203
5.520000 -0.554304
5.530000 -0.559434
5.540000 -0.564591
5.550000 -0.569774
5.560000 -0.574983
5.570000 -0.580216
5.580000 -0.585471
5.590000 -0.590748
5.600000 -0.596044
5.610000 -0.601359
5.620000 -0.606691
5.630000 -0.612038
5.640000 -0.617399
5.650000 -0.622772
5.660000 -0.628155
5.670000 -0.633546
5.680000 -0.638944
5.690000 -0.644347
5.700000 -0.649752
5.710000 -0.655158
5.720000 -0.660563
5.730000 -0.665963
5.740000 -0.671358
5.750000 -0.676744
5.760000 -0.682119
5.770000 -0.687482
5.780000 -0.692829
5.790000 -0.698157
5.800000 -0.703465
5.810000 -0.708749
5.820000 -0.714006
5.830000 -0.719235
5.840000 -0.724431
5.850000 -0.729592
5.860000 -0.734715
5.870000 -0.739796
5.880000 -0.744833
5.890000 -0.749823
5.900000 -0.754761
5.910000 -0.759644
5.920000 -0.764470
5.930000 -0.769234
5.940000 -0.773932
5.950000 -0.778562
5.960000 -0.783120
5.970000 -0.787601
5.980000 -0.792002
5.990000 -0.796319
6.000000 -0.800548
6.010000 -0.804684
6.020000 -0.808725
6.030000 -0.812665
6.040000 -0.816500
6.050000 -0.820226
6.060000 -0.823839
6.070000 -0.827335
6.080000 -0.830708
6.090000 -0.833955
6.100000 -0.837070
6.110000 -0.840050
6.120000 -0.842889
6.130000 -0.845584
6.140000 -0.848128
6.150000 -0.850519
6.160000 -0.852749
6.170000 -0.854816
6.180000 -0.856714
6.190000 -0.858438
6.200000 -0.859983
6.210000 -0.861344
6.220000 -0.862517
6.230000 -0.863496
6.240000 -0.864277
6.250000 -0.864853
6.260000 -0.865222
6.270000 -0.865376
6.280000 -0.865312
6.290000 -0.865024
6.300000 -0.864508
6.310000 -0.863758
6.320000 -0.862769
6.330000 -0.861537
6.340000 -0.860056
6.350000 -0.858321
6.360000 -0.856328
6.370000 -0.854072
6.380000 -0.851548
6.390000 -0.848751
6.400000 -0.845676
6.410000 -0.842319
6.420000 -0.838675
6.430000 -0.834740
6.440000 -0.830508
6.450000 -0.825976
6.460000 -0.821138
6.470000 -0.815992
6.480000 -0.810532
6.490000 -0.804754
6.500000 -0.798655
6.510000 -0.792230
6.520000 -0.785475
6.530000 -0.778387
6.540000 -0.770961
6.550000 -0.763195
6.560000 -0.755085
6.570000 -0.746628
6.580000 -0.737820
6.590000 -0.728658
6.600000 -0.719139
6.610000 -0.709261
6.620000 -0.699020
6.630000 -0.688415
6.640000 -0.677443
6.650000 -0.666101
6.660000 -0.654388
6.670000 -0.642302
6.680000 -0.629840
6.690000 -0.617002
6.700000 -0.603786
6.710000 -0.590190
6.720000 -0.576215
6.730000 -0.561858
6.740000 -0.547119
6.750000 -0.531998
6.760000 -0.516494
6.770000 -0.500607
6.780000 -0.484338
6.790000 -0.467687
6.800000 -0.450654
6.810000 -0.433239
6.820000 -0.415445
6.830000 -0.397272
6.840000 -0.378722
6.850000 -0.359795
6.860000 -0.340494
6.870000 -0.320822
6.880000 -0.300779
6.890000 -0.280369
6.900000 -0.259595
6.910000 -0.238459
6.920000 -0.216965
6.930000 -0.195116
6.940000 -0.172915
6.950000 -0.150367
6.960000 -0.127475
6.970000 -0.104244
6.980000 -0.080679
6.990000 -0.056785
7.000000 -0.032565
7.010000 -0.008027
7.020000 0.016825
7.030000 0.041986
7.040000 0.067448
7.050000 0.093207
7.060000 0.119255
7.070000 0.145585
7.080000 0.172192
7.090000 0.199067
7.100000 0.226204
7.110000 0.253595
7.120000 0.281232
7.130000 0.309108
7.140000 0.337213
7.150000 0.365540
7.160000 0.394081
7.170000 0.422826
7.180000 0.451766
7.190000 0.480893
7.200000 0.510196
7.210000 0.539667
7.220000 0.569296
7.230000 0.599072
7.240000 0.628987
7.250000 0.659029
7.260000 0.689188
7.270000 0.719454
7.280000 0.749816
7.290000 0.780263
7.300000 0.810784
7.310000 0.841369
7.320000 0.872006
7.330000 0.902684
7.340000 0.933391
7.350000 0.964116
7.360000 0.994847
7.370000 1.025572
7.380000 1.056280
7.390000 1.086959
7.400000 1.117597
7.410000 1.148182
7.420000 1.178702
7.430000 1.209144
7.440000 1.239497
7.450000 1.269748
7.460000 1.299885
7.470000 1.329896
7.480000 1.359769
7.490000 1.389492
7.500000 1.419051
7.510000 1.448436
7.520000 1.477633
7.530000 1.506630
7.540000 1.535417
7.550000 1.563979
7.560000 1.592306
7.570000 1.620385
7.580000 1.648204
7.590000 1.675752
7.600000 1.703016
7.610000 1.729985
7.620000 1.756648
7.630000 1.782993
7.640000 1.809009
7.650000 1.834683
7.660000 1.860006
7.670000 1.884966
7.680000 1.909553
7.690000 1.933755
7.700000 1.957562
7.710000 1.980965
7.720000 2.003951
7.730000 2.026513
7.740000 2.048638
7.750000 2.070319
7.760000 2.091546
7.770000 2.112309
7.780000 2.132599
7.790000 2.152408
7.800000 2.171726
7.810000 2.190546
7.820000 2.208859
7.830000 2.226658
7.840000 2.243934
7.850000 2.260680
7.860000 2.276890
7.870000 2.292556
7.880000 2.307671
7.890000 2.322229
7.900000 2.336225
7.910000 2.349651
7.920000 2.362503
7.930000 2.374776
7.940000 2.386464
7.950000 2.397562
7.960000 2.408066
7.970000 2.417973
7.980000 2.427277
7.990000 2.435976
8.000000 2.444067
8.010000 2.451546
8.020000 2.458410
8.030000 2.464659
8.040000 2.470288
8.050000 2.475297
8.060000 2.479684
8.070000 2.483449
8.080000 2.486589
8.090000 2.489105
8.100000 2.490997
8.110000 2.492265
8.120000 2.492908
8.130000 2.492929
8.140000 2.492327
8.150000 2.491104
8.160000 2.489262
8.170000 2.486803
8.180000 2.483728
8.190000 2.480041
8.200000 2.475744
8.210000 2.470840
8.220000 2.465333
8.230000 2.459226
8.240000 2.452523
8.250000 2.445228
8.260000 2.437347
8.270000 2.428883
8.280000 2.419841
8.290000 2.410228
8.300000 2.400048
8.310000 2.389307
8.320000 2.378012
8.330000 2.366168
8.340000 2.353782
8.350000 2.340861
8.360000 2.327412
8.370000 2.313442
8.380000 2.298958
8.390000 2.283969
8.400000 2.268481
8.410000 2.252504
8.420000 2.236044
8.430000 2.219112
8.440000 2.201714
8.450000 2.183861
8.460000 2.165560
8.470000 2.146822
8.480000 2.127655
8.490000 2.108068
8.500000 2.088073
8.510000 2.067677
8.520000 2.046891
8.530000 2.025725
8.540000 2.004189
8.550000 1.982293
8.560000 1.960048
8.570000 1.937463
8.580000 1.914550
8.590000 1.891319
8.600000 1.867780
8.610000 1.843945
8.620000 1.819823
8.630000 1.795426
8.640000 1.770765
8.650000 1.745851
8.660000 1.720694
8.670000 1.695306
8.680000 1.669697
8.690000 1.643879
8.700000 1.617862
8.710000 1.591658
8.720000 1.565277
8.730000 1.538732
8.740000 1.512031
8.750000 1.485188
8.760000 1.458212
8.770000 1.431114
8.780000 1.403905
8.790000 1.376597
8.800000 1.349199
8.810000 1.321723
8.820000 1.294179
8.830000 1.266578
8.840000 1.238929
8.850000 1.211244
8.860000 1.183533
8.870000 1.155807
8.880000 1.128074
8.890000 1.100345
8.900000 1.072630
8.910000 1.044939
8.920000 1.017282
8.930000 0.989667
8.940000 0.962105
8.950000 0.934605
8.960000 0.907176
8.970000 0.879826
8.980000 0.852565
8.990000 0.825402
9.000000 0.798344
9.010000 0.771402
9.020000 0.744581
9.030000 0.717892
9.040000 0.691342
9.050000 0.664938
9.060000 0.638688
9.070000 0.612600
9.080000 0.586680
9.090000 0.560937
9.100000 0.535377
9.110000 0.510006
9.120000 0.484832
9.130000 0.459860
9.140000 0.435097
9.150000 0.410549
9.160000 0.386222
9.170000 0.362121
9.180000 0.338252
9.190000 0.314621
9.200000 0.291231
9.210000 0.268088
9.220000 0.245198
9.230000 0.222564
9.240000 0.200190
9.250000 0.178082
9.260000 0.156242
9.270000 0.134675
9.280000 0.113385
9.290000 0.092374
9.300000 0.071646
9.310000 0.051204
9.320000 0.031051
9.330000 0.011189
9.340000 -0.008379
9.350000 -0.027650
9.360000 -0.046623
9.370000 -0.065295
9.380000 -0.083665
9.390000 -0.101732
9.400000 -0.119493
9.410000 -0.136947
9.420000 -0.154094
9.430000 -0.170933
9.440000 -0.187461
9.450000 -0.203680
9.460000 -0.219589
9.470000 -0.235186
9.480000 -0.250473
9.490000 -0.265449
9.500000 -0.280114
9.510000 -0.294468
9.520000 -0.308513
9.530000 -0.322248
9.540000 -0.335674
9.550000 -0.348793
9.560000 -0.361604
9.570000 -0.374110
9.580000 -0.386311
9.590000 -0.398210
9.600000 -0.409806
9.610000 -0.421103
9.620000 -0.432101
9.630000 -0.442803
9.640000 -0.453210
9.650000 -0.463325
9.660000 -0.473149
9.670000 -0.482685
9.680000 -0.491935
9.690000 -0.500903
9.700000 -0.509589
9.710000 -0.517997
9.720000 -0.526130
9.730000 -0.533990
9.740000 -0.541580
9.750000 -0.548903
9.760000 -0.555962
9.770000 -0.562760
9.780000 -0.569300
9.790000 -0.575586
9.800000 -0.581621
9.810000 -0.587407
9.820000 -0.592949
9.830000 -0.598250
9.840000 -0.603312
9.850000 -0.608141
9.860000 -0.612738
9.870000 -0.617109
9.880000 -0.621255
9.890000 -0.625182
9.900000 -0.628892
9.910000 -0.632390
9.920000 -0.635678
9.930000 -0.638762
9.940000 -0.641644
9.950000 -0.644328
9.960000 -0.646819
9.970000 -0.649119
9.980000 -0.651233
9.990000 -0.653164
10.000000 -0.654917
10.010000 -0.656495
10.020000 -0.657901
10.030000 -0.659141
10.040000 -0.660217
10.050000 -0.661133
10.060000 -0.661893
10.070000 -0.662501
10.080000 -0.662961
10.090000 -0.663276
10.100000 -0.663450
10.110000 -0.663487
10.120000 -0.663391
10.130000 -0.663164
10.140000 -0.662812
10.150000 -0.662336
10.160000 -0.661742
10.170000 -0.661032
10.180000 -0.660210
10.190000 -0.659280
10.200000 -0.658245
10.210000 -0.657108
10.220000 -0.655873
10.230000 -0.654543
10.240000 -0.653122
10.250000 -0.651612
10.260000 -0.650018
10.270000 -0.648342
10.280000 -0.646587
10.290000 -0.644757
10.300000 -0.642854
10.310000 -0.640882
10.320000 -0.638843
10.330000 -0.636742
10.340000 -0.634579
10.350000 -0.632359
10.360000 -0.630085
10.370000 -0.627758
10.380000 -0.625382
10.390000 -0.622959
10.400000 -0.620492
10.410000 -0.617983
10.420000 -0.615436
10.430000 -0.612852
10.440000 -0.610234
10.450000 -0.607584
10.460000 -0.604905
10.470000 -0.602199
10.480000 -0.599468
10.490000 -0.596714
10.500000 -0.593940
10.510000 -0.591147
10.520000 -0.588338
10.530000 -0.585514
10.540000 -0.582678
10.550000 -0.579831
10.560000 -0.576976
10.570000 -0.574113
10.580000 -0.571246
10.590000 -0.568374
10.600000 -0.565501
10.610000 -0.562628
10.620000 -0.559755
10.630000 -0.556886
10.640000 -0.554020
10.650000 -0.551161
10.660000 -0.548308
10.670000 -0.545463
10.680000 -0.542629
10.690000 -0.539805
10.700000 -0.536993
10.710000 -0.534194
10.720000 -0.531409
10.730000 -0.528640
10.740000 -0.525887
10.750000 -0.523151
10.760000 -0.520434
10.770000 -0.517736
10.780000 -0.515058
10.790000 -0.512401
10.800000 -0.509765
10.810000 -0.507152
10.820000 -0.504562
10.830000 -0.501996
10.840000 -0.499454
10.850000 -0.496937
10.860000 -0.494446
10.870000 -0.491980
10.880000 -0.489542
10.890000 -0.487130
10.900000 -0.484746
10.910000 -0.482390
10.920000 -0.480062
10.930000 -0.477763
10.940000 -0.475493
10.950000 -0.473251
10.960000 -0.471040
10.970000 -0.468858
10.980000 -0.466705
10.990000 -0.464583
11.000000 -0.462491
11.010000 -0.460429
11.020000 -0.458397
11.030000 -0.456396
11.040000 -0.454426
11.050000 -0.452485
11.060000 -0.450575
11.070000 -0.448696
11.080000 -0.446846
11.090000 -0.445027
11.100000 -0.443238
11.110000 -0.441479
11.120000 -0.439750
11.130000 -0.438050
11.140000 -0.436380
11.150000 -0.434739
11.160000 -0.433127
11.170000 -0.431543
11.180000 -0.429988
11.190000 -0.428462
11.200000 -0.426963
11.210000 -0.425491
11.220000 -0.424047
11.230000 -0.422629
11.240000 -0.421238
11.250000 -0.419872
11.260000 -0.418533
11.270000 -0.417218
11.280000 -0.415928
11.290000 -0.414662
11.300000 -0.413420
11.310000 -0.412201
11.320000 -0.411004
11.330000 -0.409830
11.340000 -0.408677
11.350000 -0.407545
11.360000 -0.406434
11.370000 -0.405342
11.380000 -0.404270
11.390000 -0.403216
11.400000 -0.402180
11.410000 -0.401161
11.420000 -0.400159
11.430000 -0.399172
11.440000 -0.398201
11.450000 -0.397244
11.460000 -0.396301
11.470000 -0.395371
11.480000 -0.394453
11.490000 -0.393547
11.500000 -0.392651
11.510000 -0.391766
11.520000 -0.390889
11.530000 -0.390020
11.540000 -0.389159
11.550000 -0.388304
11.560000 -0.387455
11.570000 -0.386611
11.580000 -0.385771
11.590000 -0.384933
11.600000 -0.384098
11.610000 -0.383264
11.620000 -0.382430
11.630000 -0.381595
11.640000 -0.380759
11.650000 -0.379920
11.660000 -0.379077
11.670000 -0.378229
11.680000 -0.377376
11.690000 -0.376516
11.700000 -0.375648
11.710000 -0.374771
11.720000 -0.373884
11.730000 -0.372987
11.740000 -0.372077
11.750000 -0.371154
11.760000 -0.370217
11.770000 -0.369265
11.780000 -0.368296
11.790000 -0.367309
11.800000 -0.366304
11.810000 -0.365279
11.820000 -0.364232
11.830000 -0.363164
11.840000 -0.362072
11.850000 -0.360956
11.860000 -0.359814
11.870000 -0.358645
11.880000 -0.357447
11.890000 -0.356221
11.900000 -0.354964
11.910000 -0.353675
11.920000 -0.352353
11.930000 -0.350997
11.940000 -0.349606
11.950000 -0.348178
11.960000 -0.346712
11.970000 -0.345208
11.980000 -0.343663
11.990000 -0.342076
12.000000 -0.340447
12.010000 -0.338774
12.020000 -0.337056
12.030000 -0.335291
12.040000 -0.333479
12.050000 -0.331618
12.060000 -0.329708
12.070000 -0.327746
12.080000 -0.325732
12.090000 -0.323664
12.100000 -0.321542
12.110000 -0.319364
12.120000 -0.317129
12.130000 -0.314836
12.140000 -0.312484
12.150000 -0.310072
12.160000 -0.307599
12.170000 -0.305063
12.180000 -0.302464
12.190000 -0.299800
12.200000 -0.297071
12.210000 -0.294276
12.220000 -0.291413
12.230000 -0.288482
12.240000 -0.285482
12.250000 -0.282411
12.260000 -0.279269
12.270000 -0.276056
12.280000 -0.272770
12.290000 -0.269410
12.300000 -0.265976
12.310000 -0.262467
12.320000 -0.258883
12.330000 -0.255222
12.340000 -0.251484
12.350000 -0.247669
12.360000 -0.243776
12.370000 -0.239804
12.380000 -0.235753
12.390000 -0.231622
12.400000 -0.227411
12.410000 -0.223121
12.420000 -0.218749
12.430000 -0.214297
12.440000 -0.209763
12.450000 -0.205149
12.460000 -0.200452
12.470000 -0.195675
12.480000 -0.190815
12.490000 -0.185875
12.500000 -0.180852
12.510000 -0.175749
12.520000 -0.170564
12.530000 -0.165298
12.540000 -0.159951
12.550000 -0.154524
12.560000 -0.149016
12.570000 -0.143429
12.580000 -0.137763
12.590000 -0.132019
12.600000 -0.126196
12.610000 -0.120295
12.620000 -0.114318
12.630000 -0.108266
12.640000 -0.102137
12.650000 -0.095935
12.660000 -0.089659
12.670000 -0.083311
12.680000 -0.076892
12.690000 -0.070403
12.700000 -0.063844
12.710000 -0.057218
12.720000 -0.050525
12.730000 -0.043767
12.740000 -0.036946
12.750000 -0.030062
12.760000 -0.023117
12.770000 -0.016113
12.780000 -0.009052
12.790000 -0.001934
12.800000 0.005237
12.810000 0.012461
12.820000 0.019735
12.830000 0.027057
12.840000 0.034426
12.850000 0.041840
12.860000 0.049296
12.870000 0.056792
12.880000 0.064327
12.890000 0.071897
12.900000 0.079501
12.910000 0.087136
12.920000 0.094800
12.930000 0.102490
12.940000 0.110204
12.950000 0.117940
12.960000 0.125695
12.970000 0.133465
12.980000 0.141250
12.990000 0.149045
13.000000 0.156848
13.010000 0.164657
13.020000 0.172468
13.030000 0.180279
13.040000 0.188087
13.050000 0.195889
13.060000 0.203682
13.070000 0.211464
13.080000 0.219230
13.090000 0.226979
13.100000 0.234706
13.110000 0.242410
13.120000 0.250087
13.130000 0.257734
13.140000 0.265347
13.150000 0.272924
13.160000 0.280462
13.170000 0.287958
13.180000 0.295408
13.190000 0.302809
13.200000 0.310158
13.210000 0.317453
13.220000 0.324689
13.230000 0.331864
13.240000 0.338974
13.250000 0.346017
13.260000 0.352990
13.270000 0.359888
13.280000 0.366710
13.290000 0.373452
13.300000 0.380112
13.310000 0.386685
13.320000 0.393169
13.330000 0.399562
13.340000 0.405860
13.350000 0.412060
13.360000 0.418159
13.370000 0.424155
13.380000 0.430045
13.390000 0.435826
13.400000 0.441495
13.410000 0.447050
13.420000 0.452487
13.430000 0.457805
13.440000 0.463001
13.450000 0.468072
13.460000 0.473016
13.470000 0.477830
13.480000 0.482512
13.490000 0.487060
13.500000 0.491472
13.510000 0.495745
13.520000 0.499877
13.530000 0.503867
13.540000 0.507712
13.550000 0.511410
13.560000 0.514960
13.570000 0.518360
13.580000 0.521607
13.590000 0.524701
13.600000 0.527640
13.610000 0.530423
13.620000 0.533047
13.630000 0.535513
13.640000 0.537817
13.650000 0.539960
13.660000 0.541940
13.670000 0.543757
13.680000 0.545408
13.690000 0.546894
13.700000 0.548214
13.710000 0.549367
13.720000 0.550352
13.730000 0.551169
13.740000 0.551818
13.750000 0.552298
13.760000 0.552608
13.770000 0.552750
13.780000 0.552722
13.790000 0.552525
13.800000 0.552158
13.810000 0.551623
13.820000 0.550919
13.830000 0.550046
13.840000 0.549006
13.850000 0.547798
13.860000 0.546423
13.870000 0.544882
13.880000 0.543176
13.890000 0.541305
13.900000 0.539271
13.910000 0.537074
13.920000 0.534716
13.930000 0.532198
13.940000 0.529521
13.950000 0.526687
13.960000 0.523696
13.970000 0.520550
13.980000 0.517252
13.990000 0.513802
14.000000 0.510203
14.010000 0.506456
14.020000 0.502563
14.030000 0.498525
14.040000 0.494346
14.050000 0.490027
14.060000 0.485570
14.070000 0.480978
14.080000 0.476252
14.090000 0.471396
14.100000 0.466410
14.110000 0.461299
14.120000 0.456064
14.130000 0.450708
14.140000 0.445234
14.150000 0.439644
14.160000 0.433940
14.170000 0.428127
14.180000 0.422206
14.190000 0.416180
14.200000 0.410052
14.210000 0.403826
14.220000 0.397504
14.230000 0.391088
14.240000 0.384583
14.250000 0.377991
14.260000 0.371315
14.270000 0.364558
14.280000 0.357724
14.290000 0.350816
14.300000 0.343836
14.310000 0.336788
14.320000 0.329676
14.330000 0.322502
14.340000 0.315269
14.350000 0.307981
14.360000 0.300642
14.370000 0.293254
14.380000 0.285820
14.390000 0.278344
14.400000 0.270830
14.410000 0.263280
14.420000 0.255697
14.430000 0.248085
14.440000 0.240448
14.450000 0.232787
14.460000 0.225108
14.470000 0.217412
14.480000 0.209703
14.490000 0.201984
14.500000 0.194258
14.510000 0.186528
14.520000 0.178798
14.530000 0.171070
14.540000 0.163348
14.550000 0.155634
14.560000 0.147932
14.570000 0.140245
14.580000 0.132574
14.590000 0.124924
14.600000 0.117297
14.610000 0.109696
14.620000 0.102123
14.630000 0.094582
14.640000 0.087074
14.650000 0.079604
14.660000 0.072172
14.670000 0.064783
14.680000 0.057438
14.690000 0.050139
14.700000 0.042890
14.710000 0.035692
14.720000 0.028548
14.730000 0.021460
14.740000 0.014430
14.750000 0.007461
14.760000 0.000554
14.770000 -0.006288
14.780000 -0.013064
14.790000 -0.019771
14.800000 -0.026408
14.810000 -0.032974
14.820000 -0.039465
14.830000 -0.045880
14.840000 -0.052219
14.850000 -0.058479
14.860000 -0.064659
14.870000 -0.070756
14.880000 -0.076771
14.890000 -0.082702
14.900000 -0.088546
14.910000 -0.094304
14.920000 -0.099974
14.930000 -0.105554
14.940000 -0.111045
14.950000 -0.116444
14.960000 -0.121751
14.970000 -0.126965
14.980000 -0.132085
14.990000 -0.137111
15.000000 -0.142041
15.010000 -0.146876
15.020000 -0.151614
15.030000 -0.156256
15.040000 -0.160800
15.050000 -0.165246
15.060000 -0.169595
15.070000 -0.173844
15.080000 -0.177996
15.090000 -0.182048
15.100000 -0.186002
15.110000 -0.189856
15.120000 -0.193611
15.130000 -0.197268
15.140000 -0.200825
15.150000 -0.204284
15.160000 -0.207644
15.170000 -0.210906
15.180000 -0.214069
15.190000 -0.217135
15.200000 -0.220103
15.210000 -0.222974
15.220000 -0.225749
15.230000 -0.228427
15.240000 -0.231010
15.250000 -0.233498
15.260000 -0.235891
15.270000 -0.238190
15.280000 -0.240397
15.290000 -0.242511
15.300000 -0.244533
15.310000 -0.246464
15.320000 -0.248306
15.330000 -0.250058
15.340000 -0.251721
15.350000 -0.253298
15.360000 -0.254788
15.370000 -0.256192
15.380000 -0.257512
15.390000 -0.258748
15.400000 -0.259902
15.410000 -0.260974
15.420000 -0.261966
15.430000 -0.262879
15.440000 -0.263713
15.450000 -0.264471
15.460000 -0.265152
15.470000 -0.265759
15.480000 -0.266293
15.490000 -0.266754
15.500000 -0.267144
15.510000 -0.267464
15.520000 -0.267715
15.530000 -0.267900
15.540000 -0.268018
15.550000 -0.268071
15.560000 -0.268061
15.570000 -0.267988
15.580000 -0.267854
15.590000 -0.267661
15.600000 -0.267409
15.610000 -0.267100
15.620000 -0.266735
15.630000 -0.266315
15.640000 -0.265842
15.650000 -0.265317
15.660000 -0.264742
15.670000 -0.264117
15.680000 -0.263444
15.690000 -0.262723
15.700000 -0.261958
15.710000 -0.261148
15.720000 -0.260295
15.730000 -0.259400
15.740000 -0.258464
15.750000 -0.257489
15.760000 -0.256476
15.770000 -0.255426
15.780000 -0.254341
15.790000 -0.253221
15.800000 -0.252067
15.810000 -0.250882
15.820000 -0.249665
15.830000 -0.248419
15.840000 -0.247144
15.850000 -0.245841
15.860000 -0.244512
15.870000 -0.243158
15.880000 -0.241779
15.890000 -0.240377
15.900000 -0.238952
15.910000 -0.237507
15.920000 -0.236041
15.930000 -0.234556
15.940000 -0.233053
15.950000 -0.231533
15.960000 -0.229997
15.970000 -0.228445
15.980000 -0.226878
15.990000 -0.225298
16.000000 -0.223706
16.010000 -0.222101
16.020000 -0.220486
16.030000 -0.218860
16.040000 -0.217225
16.050000 -0.215582
16.060000 -0.213930
16.070000 -0.212271
16.080000 -0.210607
16.090000 -0.208936
16.100000 -0.207260
16.110000 -0.205580
16.120000 -0.203897
16.130000 -0.202210
16.140000 -0.200521
16.150000 -0.198830
16.160000 -0.197138
16.170000 -0.195445
16.180000 -0.193752
16.190000 -0.192059
16.200000 -0.190367
16.210000 -0.188677
16.220000 -0.186988
16.230000 -0.185302
16.240000 -0.183618
16.250000 -0.181938
16.260000 -0.180261
16.270000 -0.178588
16.280000 -0.176919
16.290000 -0.175255
16.300000 -0.173596
16.310000 -0.171942
16.320000 -0.170294
16.330000 -0.168652
16.340000 -0.167016
16.350000 -0.165386
16.360000 -0.163763
16.370000 -0.162147
16.380000 -0.160538
16.390000 -0.158937
16.400000 -0.157343
16.410000 -0.155757
16.420000 -0.154178
16.430000 -0.152608
16.440000 -0.151046
16.450000 -0.149493
16.460000 -0.147947
16.470000 -0.146411
16.480000 -0.144883
16.490000 -0.143364
16.500000 -0.141854
16.510000 -0.140352
16.520000 -0.138860
16.530000 -0.137377
16.540000 -0.135902
16.550000 -0.134437
16.560000 -0.132981
16.570000 -0.131535
16.580000 -0.130097
16.590000 -0.128668
16.600000 -0.127249
16.610000 -0.125839
16.620000 -0.124438
16.630000 -0.123046
16.640000 -0.121663
16.650000 -0.120289
16.660000 -0.118924
16.670000 -0.117567
16.680000 -0.116220
16.690000 -0.114882
16.700000 -0.113552
16.710000 -0.112231
16.720000 -0.110918
16.730000 -0.109614
16.740000 -0.108318
16.750000 -0.107030
16.760000 -0.105751
16.770000 -0.104480
16.780000 -0.103217
16.790000 -0.101961
16.800000 -0.100713
16.810000 -0.099473
16.820000 -0.098241
16.830000 -0.097016
16.840000 -0.095798
16.850000 -0.094587
16.860000 -0.093384
16.870000 -0.092187
16.880000 -0.090997
16.890000 -0.089813
16.900000 -0.088636
16.910000 -0.087466
16.920000 -0.086301
16.930000 -0.085142
16.940000 -0.083990
16.950000 -0.082843
16.960000 -0.081701
16.970000 -0.080565
16.980000 -0.079434
16.990000 -0.078308
17.000000 -0.077187
17.010000 -0.076071
17.020000 -0.074959
17.030000 -0.073852
17.040000 -0.072749
17.050000 -0.071650
17.060000 -0.070554
17.070000 -0.069463
17.080000 -0.068374
17.090000 -0.067290
17.100000 -0.066208
17.110000 -0.065129
17.120000 -0.064053
17.130000 -0.062979
17.140000 -0.061908
17.150000 -0.060839
17.160000 -0.059772
17.170000 -0.058707
17.180000 -0.057643
17.190000 -0.056581
17.200000 -0.055519
17.210000 -0.054459
17.220000 -0.053399
17.230000 -0.052340
17.240000 -0.051281
17.250000 -0.050222
17.260000 -0.049163
17.270000 -0.048103
17.280000 -0.047043
17.290000 -0.045982
17.300000 -0.044920
17.310000 -0.043857
17.320000 -0.042791
17.330000 -0.041725
17.340000 -0.040656
17.350000 -0.039584
17.360000 -0.038510
17.370000 -0.037433
17.380000 -0.036353
17.390000 -0.035270
17.400000 -0.034183
17.410000 -0.033092
17.420000 -0.031997
17.430000 -0.030897
17.440000 -0.029793
17.450000 -0.028683
17.460000 -0.027568
17.470000 -0.026448
17.480000 -0.025321
17.490000 -0.024188
17.500000 -0.023049
17.510000 -0.021902
17.520000 -0.020749
17.530000 -0.019587
17.540000 -0.018418
17.550000 -0.017241
17.560000 -0.016055
17.570000 -0.014860
17.580000 -0.013656
17.590000 -0.012442
17.600000 -0.011218
17.610000 -0.009984
17.620000 -0.008739
17.630000 -0.007484
17.640000 -0.006216
17.650000 -0.004937
17.660000 -0.003645
17.670000 -0.002341
17.680000 -0.001024
17.690000 0.000306
17.700000 0.001651
17.710000 0.003010
17.720000 0.004383
17.730000 0.005772
17.740000 0.007176
17.750000 0.008596
17.760000 0.010033
17.770000 0.011486
17.780000 0.012957
17.790000 0.014446
17.800000 0.015953
17.810000 0.017479
17.820000 0.019024
17.830000 0.020589
17.840000 0.022174
17.850000 0.023779
17.860000 0.025406
17.870000 0.027055
17.880000 0.028726
17.890000 0.030420
17.900000 0.032137
17.910000 0.033877
17.920000 0.035643
17.930000 0.037433
17.940000 0.039248
17.950000 0.041090
17.960000 0.042958
17.970000 0.044853
17.980000 0.046776
17.990000 0.048727
18.000000 0.050707
18.010000 0.052716
18.020000 0.054755
18.030000 0.056825
18.040000 0.058926
18.050000 0.061059
18.060000 0.063224
18.070000 0.065423
18.080000 0.067655
18.090000 0.069921
18.100000 0.072222
18.110000 0.074558
18.120000 0.076931
18.130000 0.079340
18.140000 0.081786
18.150000 0.084271
18.160000 0.086794
18.170000 0.089356
18.180000 0.091959
18.190000 0.094601
18.200000 0.097285
18.210000 0.100011
18.220000 0.102779
18.230000 0.105590
18.240000 0.108445
18.250000 0.111344
18.260000 0.114289
18.270000 0.117279
18.280000 0.120315
18.290000 0.123397
18.300000 0.126528
18.310000 0.129706
18.320000 0.132933
18.330000 0.136210
18.340000 0.139536
18.350000 0.142913
18.360000 0.146341
18.370000 0.149821
18.380000 0.153353
18.390000 0.156937
18.400000 0.160575
18.410000 0.164267
18.420000 0.168014
18.430000 0.171815
18.440000 0.175672
18.450000 0.179584
18.460000 0.183554
18.470000 0.187580
18.480000 0.191663
18.490000 0.195804
18.500000 0.200003
18.510000 0.204261
18.520000 0.208577
18.530000 0.212953
18.540000 0.217389
18.550000 0.221884
18.560000 0.226440
18.570000 0.231056
18.580000 0.235733
18.590000 0.240471
18.600000 0.245269
18.610000 0.250130
18.620000 0.255051
18.630000 0.260034
18.640000 0.265078
18.650000 0.270184
18.660000 0.275352
18.670000 0.280581
18.680000 0.285871
18.690000 0.291223
18.700000 0.296636
18.710000 0.302110
18.720000 0.307645
18.730000 0.313240
18.740000 0.318896
18.750000 0.324611
18.760000 0.330386
18.770000 0.336220
18.780000 0.342113
18.790000 0.348064
18.800000 0.354072
18.810000 0.360137
18.820000 0.366258
18.830000 0.372434
18.840000 0.378665
18.850000 0.384951
18.860000 0.391289
18.870000 0.397679
18.880000 0.404120
18.890000 0.410611
18.900000 0.417151
18.910000 0.423738
18.920000 0.430373
18.930000 0.437052
18.940000 0.443776
18.950000 0.450541
18.960000 0.457348
18.970000 0.464195
18.980000 0.471079
18.990000 0.478000
19.000000 0.484956
19.010000 0.491944
19.020000 0.498963
19.030000 0.506012
19.040000 0.513088
19.050000 0.520189
19.060000 0.527313
19.070000 0.534458
19.080000 0.541621
19.090000 0.548801
19.100000 0.555996
19.110000 0.563202
19.120000 0.570417
19.130000 0.577639
19.140000 0.584866
19.150000 0.592093
19.160000 0.599320
19.170000 0.606542
19.180000 0.613758
19.190000 0.620964
19.200000 0.628158
19.210000 0.635336
19.220000 0.642494
19.230000 0.649632
19.240000 0.656744
19.250000 0.663827
19.260000 0.670880
19.270000 0.677897
19.280000 0.684876
19.290000 0.691813
19.300000 0.698704
19.310000 0.705547
19.320000 0.712338
19.330000 0.719072
19.340000 0.725747
19.350000 0.732358
19.360000 0.738901
19.370000 0.745374
19.380000 0.751772
19.390000 0.758091
19.400000 0.764328
19.410000 0.770478
19.420000 0.776537
19.430000 0.782502
19.440000 0.788369
19.450000 0.794132
19.460000 0.799790
19.470000 0.805336
19.480000 0.810768
19.490000 0.816081
19.500000 0.821271
19.510000 0.826334
19.520000 0.831266
19.530000 0.836063
19.540000 0.840720
19.550000 0.845234
19.560000 0.849600
19.570000 0.853815
19.580000 0.857874
19.590000 0.861774
19.600000 0.865509
19.610000 0.869077
19.620000 0.872473
19.630000 0.875694
19.640000 0.878735
19.650000 0.881592
19.660000 0.884262
19.670000 0.886741
19.680000 0.889025
19.690000 0.891110
19.700000 0.892993
19.710000 0.894670
19.720000 0.896138
19.730000 0.897393
19.740000 0.898431
19.750000 0.899250
19.760000 0.899845
19.770000 0.900214
19.780000 0.900354
19.790000 0.900261
19.800000 0.899933
19.810000 0.899367
19.820000 0.898559
19.830000 0.897507
19.840000 0.896208
19.850000 0.894661
19.860000 0.892861
19.870000 0.890808
19.880000 0.888499
19.890000 0.885931
19.900000 0.883103
19.910000 0.880012
19.920000 0.876658
19.930000 0.873037
19.940000 0.869150
19.950000 0.864993
19.960000 0.860566
19.970000 0.855868
19.980000 0.850898
19.990000 0.845654
20.000000 0.840136
20.010000 0.834343
20.020000 0.828275
20.030000 0.821930
20.040000 0.815310
20.050000 0.808413
20.060000 0.801240
20.070000 0.793791
20.080000 0.786066
20.090000 0.778065
20.100000 0.769790
20.110000 0.761240
20.120000 0.752417
20.130000 0.743321
20.140000 0.733955
20.150000 0.724318
20.160000 0.714413
20.170000 0.704241
20.180000 0.693803
20.190000 0.683103
20.200000 0.672141
20.210000 0.660920
20.220000 0.649442
20.230000 0.637710
20.240000 0.625726
20.250000 0.613493
20.260000 0.601014
20.270000 0.588292
20.280000 0.575330
20.290000 0.562131
20.300000 0.548700
20.310000 0.535038
20.320000 0.521151
20.330000 0.507042
20.340000 0.492715
20.350000 0.478174
20.360000 0.463424
20.370000 0.448468
20.380000 0.433312
20.390000 0.417960
20.400000 0.402416
20.410000 0.386686
20.420000 0.370774
20.430000 0.354686
20.440000 0.338426
20.450000 0.322001
20.460000 0.305415
20.470000 0.288674
20.480000 0.271784
20.490000 0.254750
20.500000 0.237579
20.510000 0.220275
20.520000 0.202845
20.530000 0.185295
20.540000 0.167631
20.550000 0.149859
20.560000 0.131986
20.570000 0.114018
20.580000 0.095961
20.590000 0.077822
20.600000 0.059608
20.610000 0.041323
20.620000 0.022977
20.630000 0.004574
20.640000 -0.013878
20.650000 -0.032372
20.660000 -0.050902
20.670000 -0.069461
20.680000 -0.088042
20.690000 -0.106639
20.700000 -0.125244
20.710000 -0.143851
20.720000 -0.162452
20.730000 -0.181042
20.740000 -0.199612
20.750000 -0.218157
20.760000 -0.236669
20.770000 -0.255142
20.780000 -0.273569
20.790000 -0.291942
20.800000 -0.310256
20.810000 -0.328503
20.820000 -0.346677
20.830000 -0.364771
20.840000 -0.382778
20.850000 -0.400693
20.860000 -0.418508
20.870000 -0.436217
20.880000 -0.453813
20.890000 -0.471291
20.900000 -0.488644
20.910000 -0.505865
20.920000 -0.522949
20.930000 -0.539890
20.940000 -0.556681
20.950000 -0.573317
20.960000 -0.589792
20.970000 -0.606101
20.980000 -0.622236
20.990000 -0.638194
21.000000 -0.653969
21.010000 -0.669555
21.020000 -0.684947
21.030000 -0.700140
21.040000 -0.715129
21.050000 -0.729910
21.060000 -0.744476
21.070000 -0.758825
21.080000 -0.772950
21.090000 -0.786849
21.100000 -0.800516
21.110000 -0.813948
21.120000 -0.827140
21.130000 -0.840088
21.140000 -0.852789
21.150000 -0.865240
21.160000 -0.877436
21.170000 -0.889374
21.180000 -0.901052
21.190000 -0.912465
21.200000 -0.923612
21.210000 -0.934489
21.220000 -0.945094
21.230000 -0.955424
21.240000 -0.965476
21.250000 -0.975250
21.260000 -0.984742
21.270000 -0.993951
21.280000 -1.002875
21.290000 -1.011512
21.300000 -1.019861
21.310000 -1.027921
21.320000 -1.035690
21.330000 -1.043167
21.340000 -1.050352
21.350000 -1.057243
21.360000 -1.063841
21.370000 -1.070145
21.380000 -1.076153
21.390000 -1.081867
21.400000 -1.087287
21.410000 -1.092411
21.420000 -1.097241
21.430000 -1.101778
21.440000 -1.106020
21.450000 -1.109970
21.460000 -1.113628
21.470000 -1.116995
21.480000 -1.120073
21.490000 -1.122861
21.500000 -1.125362
21.510000 -1.127577
21.520000 -1.129507
21.530000 -1.131155
21.540000 -1.132522
21.550000 -1.133610
21.560000 -1.134422
21.570000 -1.134958
21.580000 -1.135223
21.590000 -1.135217
21.600000 -1.134944
21.610000 -1.134406
21.620000 -1.133605
21.630000 -1.132546
21.640000 -1.131230
21.650000 -1.129660
21.660000 -1.127840
21.670000 -1.125773
21.680000 -1.123462
21.690000 -1.120910
21.700000 -1.118121
21.710000 -1.115099
21.720000 -1.111846
21.730000 -1.108366
21.740000 -1.104664
21.750000 -1.100743
21.760000 -1.096607
21.770000 -1.092260
21.780000 -1.087705
21.790000 -1.082947
21.800000 -1.077990
21.810000 -1.072837
21.820000 -1.067494
21.830000 -1.061964
21.840000 -1.056251
21.850000 -1.050360
21.860000 -1.044296
21.870000 -1.038061
21.880000 -1.031661
21.890000 -1.025101
21.900000 -1.018383
21.910000 -1.011514
21.920000 -1.004497
21.930000 -0.997337
21.940000 -0.990039
21.950000 -0.982606
21.960000 -0.975043
21.970000 -0.967355
21.980000 -0.959546
21.990000 -0.951621
22.000000 -0.943584
22.010000 -0.935440
22.020000 -0.927192
22.030000 -0.918847
22.040000 -0.910407
22.050000 -0.901877
22.060000 -0.893262
22.070000 -0.884566
22.080000 -0.875793
22.090000 -0.866949
22.100000 -0.858036
22.110000 -0.849059
22.120000 -0.840023
22.130000 -0.830931
22.140000 -0.821788
22.150000 -0.812598
22.160000 -0.803365
22.170000 -0.794093
22.180000 -0.784786
22.190000 -0.775447
22.200000 -0.766081
22.210000 -0.756692
22.220000 -0.747283
22.230000 -0.737859
22.240000 -0.728422
22.250000 -0.718976
22.260000 -0.709526
22.270000 -0.700074
22.280000 -0.690624
22.290000 -0.681179
22.300000 -0.671743
22.310000 -0.662319
22.320000 -0.652910
22.330000 -0.643519
22.340000 -0.634150
22.350000 -0.624806
22.360000 -0.615489
22.370000 -0.606202
22.380000 -0.596948
22.390000 -0.587731
22.400000 -0.578552
22.410000 -0.569414
22.420000 -0.560320
22.430000 -0.551273
22.440000 -0.542274
22.450000 -0.533327
22.460000 -0.524433
22.470000 -0.515595
22.480000 -0.506815
22.490000 -0.498095
22.500000 -0.489437
22.510000 -0.480843
22.520000 -0.472314
22.530000 -0.463854
22.540000 -0.455463
22.550000 -0.447144
22.560000 -0.438897
22.570000 -0.430725
22.580000 -0.422628
22.590000 -0.414609
22.600000 -0.406669
22.610000 -0.398809
22.620000 -0.391031
22.630000 -0.383334
22.640000 -0.375722
22.650000 -0.368194
22.660000 -0.360752
22.670000 -0.353396
22.680000 -0.346129
22.690000 -0.338949
22.700000 -0.331859
22.710000 -0.324858
22.720000 -0.317948
22.730000 -0.311130
22.740000 -0.304403
22.750000 -0.297768
22.760000 -0.291226
22.770000 -0.284776
22.780000 -0.278421
22.790000 -0.272158
22.800000 -0.265990
22.810000 -0.259916
22.820000 -0.253936
22.830000 -0.248051
22.840000 -0.242260
22.850000 -0.236563
22.860000 -0.230961
22.870000 -0.225453
22.880000 -0.220040
22.890000 -0.214720
22.900000 -0.209495
22.910000 -0.204363
22.920000 -0.199325
22.930000 -0.194380
22.940000 -0.189527
22.950000 -0.184767
22.960000 -0.180099
22.970000 -0.175523
22.980000 -0.171038
22.990000 -0.166643
23.000000 -0.162339
23.010000 -0.158125
23.020000 -0.153999
23.030000 -0.149962
23.040000 -0.146012
23.050000 -0.142150
23.060000 -0.138375
23.070000 -0.134685
23.080000 -0.131080
23.090000 -0.127560
23.100000 -0.124123
23.110000 -0.120769
23.120000 -0.117498
23.130000 -0.114307
23.140000 -0.111197
23.150000 -0.108167
23.160000 -0.105215
23.170000 -0.102341
23.180000 -0.099544
23.190000 -0.096823
23.200000 -0.094178
23.210000 -0.091607
23.220000 -0.089109
23.230000 -0.086683
23.240000 -0.084330
23.250000 -0.082046
23.260000 -0.079833
23.270000 -0.077688
23.280000 -0.075610
23.290000 -0.073600
23.300000 -0.071655
23.310000 -0.069774
23.320000 -0.067958
23.330000 -0.066204
23.340000 -0.064512
23.350000 -0.062881
23.360000 -0.061310
23.370000 -0.059797
23.380000 -0.058343
23.390000 -0.056945
23.400000 -0.055602
23.410000 -0.054315
23.420000 -0.053081
23.430000 -0.051900
23.440000 -0.050771
23.450000 -0.049693
23.460000 -0.048664
23.470000 -0.047685
23.480000 -0.046753
23.490000 -0.045867
23.500000 -0.045028
23.510000 -0.044233
23.520000 -0.043483
23.530000 -0.042775
23.540000 -0.042109
23.550000 -0.041484
23.560000 -0.040899
23.570000 -0.040353
23.580000 -0.039845
23.590000 -0.039374
23.600000 -0.038940
23.610000 -0.038540
23.620000 -0.038175
23.630000 -0.037843
23.640000 -0.037544
23.650000 -0.037276
23.660000 -0.037038
23.670000 -0.036830
23.680000 -0.036651
23.690000 -0.036500
23.700000 -0.036376
23.710000 -0.036278
23.720000 -0.036205
23.730000 -0.036156
23.740000 -0.036131
23.750000 -0.036128
23.760000 -0.036147
23.770000 -0.036186
23.780000 -0.036246
23.790000 -0.036324
23.800000 -0.036421
23.810000 -0.036536
23.820000 -0.036667
23.830000 -0.036813
23.840000 -0.036975
23.850000 -0.037150
23.860000 -0.037339
23.870000 -0.037541
23.880000 -0.037754
23.890000 -0.037978
23.900000 -0.038212
23.910000 -0.038455
23.920000 -0.038707
23.930000 -0.038967
23.940000 -0.039234
23.950000 -0.039506
23.960000 -0.039784
23.970000 -0.040067
23.980000 -0.040354
23.990000 -0.040644
24.000000 -0.040936
24.010000 -0.041230
24.020000 -0.041524
24.030000 -0.041819
24.040000 -0.042113
24.050000 -0.042406
24.060000 -0.042697
24.070000 -0.042985
24.080000 -0.043270
24.090000 -0.043550
24.100000 -0.043825
24.110000 -0.044095
24.120000 -0.044358
24.130000 -0.044614
24.140000 -0.044863
24.150000 -0.045103
24.160000 -0.045333
24.170000 -0.045554
24.180000 -0.045765
24.190000 -0.045964
24.200000 -0.046151
24.210000 -0.046326
24.220000 -0.046487
24.230000 -0.046635
24.240000 -0.046767
24.250000 -0.046885
24.260000 -0.046987
24.270000 -0.047072
24.280000 -0.047140
24.290000 -0.047190
24.300000 -0.047221
24.310000 -0.047234
24.320000 -0.047226
24.330000 -0.047198
24.340000 -0.047149
24.350000 -0.047079
24.360000 -0.046986
24.370000 -0.046870
24.380000 -0.046731
24.390000 -0.046567
24.400000 -0.046379
24.410000 -0.046166
24.420000 -0.045926
24.430000 -0.045660
24.440000 -0.045367
24.450000 -0.045046
24.460000 -0.044697
24.470000 -0.044320
24.480000 -0.043912
24.490000 -0.043475
24.500000 -0.043008
24.510000 -0.042509
24.520000 -0.041979
24.530000 -0.041417
24.540000 -0.040822
24.550000 -0.040195
24.560000 -0.039533
24.570000 -0.038838
24.580000 -0.038108
24.590000 -0.037343
24.600000 -0.036542
24.610000 -0.035706
24.620000 -0.034833
24.630000 -0.033923
24.640000 -0.032976
24.650000 -0.031991
24.660000 -0.030968
24.670000 -0.029907
24.680000 -0.028807
24.690000 -0.027667
24.700000 -0.026488
24.710000 -0.025269
24.720000 -0.024009
24.730000 -0.022709
24.740000 -0.021368
24.750000 -0.019986
24.760000 -0.018562
24.770000 -0.017097
24.780000 -0.015589
24.790000 -0.014039
24.800000 -0.012447
24.810000 -0.010811
24.820000 -0.009133
24.830000 -0.007412
24.840000 -0.005648
24.850000 -0.003840
24.860000 -0.001988
24.870000 -0.000093
24.880000 0.001846
24.890000 0.003828
24.900000 0.005855
24.910000 0.007925
24.920000 0.010039
24.930000 0.012198
24.940000 0.014400
24.950000 0.016646
24.960000 0.018935
24.970000 0.021269
24.980000 0.023646
24.990000 0.026066
25.000000 0.028530
25.010000 0.031037
25.020000 0.033587
25.030000 0.036179
25.040000 0.038814
25.050000 0.041492
25.060000 0.044211
25.070000 0.046972
25.080000 0.049774
25.090000 0.052617
25.100000 0.055500
25.110000 0.058424
25.120000 0.061387
25.130000 0.064390
25.140000 0.067432
25.150000 0.070511
25.160000 0.073629
25.170000 0.076783
25.180000 0.079974
25.190000 0.083202
25.200000 0.086464
25.210000 0.089761
25.220000 0.093093
25.230000 0.096457
25.240000 0.099854
25.250000 0.103283
25.260000 0.106743
25.270000 0.110234
25.280000 0.113753
25.290000 0.117302
25.300000 0.120877
25.310000 0.124480
25.320000 0.128108
25.330000 0.131762
25.340000 0.135439
25.350000 0.139139
25.360000 0.142860
25.370000 0.146603
25.380000 0.150365
25.390000 0.154146
25.400000 0.157944
25.410000 0.161759
25.420000 0.165589
25.430000 0.169432
25.440000 0.173289
25.450000 0.177157
25.460000 0.181035
25.470000 0.184923
25.480000 0.188818
25.490000 0.192719
25.500000 0.196626
25.510000 0.200536
25.520000 0.204448
25.530000 0.208362
25.540000 0.212275
25.550000 0.216187
25.560000 0.220095
25.570000 0.223998
25.580000 0.227895
25.590000 0.231785
25.600000 0.235666
25.610000 0.239536
25.620000 0.243394
25.630000 0.247238
25.640000 0.251067
25.650000 0.254880
25.660000 0.258674
25.670000 0.262449
25.680000 0.266203
25.690000 0.269933
25.700000 0.273640
25.710000 0.277320
25.720000 0.280973
25.730000 0.284597
25.740000 0.288191
25.750000 0.291752
25.760000 0.295280
25.770000 0.298772
25.780000 0.302228
25.790000 0.305645
25.800000 0.309022
25.810000 0.312358
25.820000 0.315650
25.830000 0.318899
25.840000 0.322101
25.850000 0.325256
25.860000 0.328361
25.870000 0.331416
25.880000 0.334420
25.890000 0.337369
25.900000 0.340264
25.910000 0.343103
25.920000 0.345884
25.930000 0.348605
25.940000 0.351267
25.950000 0.353866
25.960000 0.356402
25.970000 0.358874
25.980000 0.361280
25.990000 0.363619
26.000000 0.365890
26.010000 0.368091
26.020000 0.370221
26.030000 0.372280
26.040000 0.374265
26.050000 0.376177
26.060000 0.378013
26.070000 0.379773
26.080000 0.381456
26.090000 0.383060
26.100000 0.384585
26.110000 0.386030
26.120000 0.387394
26.130000 0.388676
26.140000 0.389876
26.150000 0.390991
26.160000 0.392023
26.170000 0.392969
26.180000 0.393830
26.190000 0.394605
26.200000 0.395292
26.210000 0.395892
26.220000 0.396404
26.230000 0.396827
26.240000 0.397162
26.250000 0.397407
26.260000 0.397562
26.270000 0.397627
26.280000 0.397601
26.290000 0.397485
26.300000 0.397279
26.310000 0.396981
26.320000 0.396592
26.330000 0.396111
26.340000 0.395540
26.350000 0.394877
26.360000 0.394123
26.370000 0.393277
26.380000 0.392341
26.390000 0.391314
26.400000 0.390196
26.410000 0.388988
26.420000 0.387689
26.430000 0.386301
26.440000 0.384824
26.450000 0.383257
26.460000 0.381602
26.470000 0.379859
26.480000 0.378029
26.490000 0.376112
26.500000 0.374108
26.510000 0.372019
26.520000 0.369845
26.530000 0.367586
26.540000 0.365245
26.550000 0.362820
26.560000 0.360314
26.570000 0.357727
26.580000 0.355061
26.590000 0.352315
26.600000 0.349491
26.610000 0.346591
26.620000 0.343614
26.630000 0.340563
26.640000 0.337438
26.650000 0.334240
26.660000 0.330971
26.670000 0.327632
26.680000 0.324224
26.690000 0.320749
26.700000 0.317207
26.710000 0.313601
26.720000 0.309930
26.730000 0.306198
26.740000 0.302405
26.750000 0.298552
26.760000 0.294641
26.770000 0.290674
26.780000 0.286652
26.790000 0.282576
26.800000 0.278449
26.810000 0.274271
26.820000 0.270044
26.830000 0.265770
26.840000 0.261451
26.850000 0.257087
26.860000 0.252681
26.870000 0.248234
26.880000 0.243749
26.890000 0.239225
26.900000 0.234666
26.910000 0.230073
26.920000 0.225447
26.930000 0.220791
26.940000 0.216106
26.950000 0.211393
26.960000 0.206655
26.970000 0.201893
26.980000 0.197108
26.990000 0.192303
27.000000 0.187479
27.010000 0.182639
27.020000 0.177782
27.030000 0.172913
27.040000 0.168031
27.050000 0.163139
27.060000 0.158238
27.070000 0.153330
27.080000 0.148417
27.090000 0.143501
27.100000 0.138583
27.110000 0.133664
27.120000 0.128747
27.130000 0.123833
27.140000 0.118923
27.150000 0.114019
27.160000 0.109124
27.170000 0.104237
27.180000 0.099362
27.190000 0.094499
27.200000 0.089650
27.210000 0.084816
27.220000 0.080000
27.230000 0.075201
27.240000 0.070423
27.250000 0.065666
27.260000 0.060931
27.270000 0.056221
27.280000 0.051536
27.290000 0.046878
27.300000 0.042248
27.310000 0.037647
27.320000 0.033077
27.330000 0.028539
27.340000 0.024034
27.350000 0.019564
27.360000 0.015129
27.370000 0.010730
27.380000 0.006370
27.390000 0.002048
27.400000 -0.002234
27.410000 -0.006475
27.420000 -0.010674
27.430000 -0.014830
27.440000 -0.018942
27.450000 -0.023009
27.460000 -0.027031
27.470000 -0.031006
27.480000 -0.034933
27.490000 -0.038812
27.500000 -0.042642
27.510000 -0.046423
27.520000 -0.050152
27.530000 -0.053831
27.540000 -0.057457
27.550000 -0.061032
27.560000 -0.064552
27.570000 -0.068020
27.580000 -0.071433
27.590000 -0.074791
27.600000 -0.078093
27.610000 -0.081341
27.620000 -0.084531
27.630000 -0.087666
27.640000 -0.090743
27.650000 -0.093763
27.660000 -0.096725
27.670000 -0.099629
27.680000 -0.102475
27.690000 -0.105263
27.700000 -0.107992
27.710000 -0.110662
27.720000 -0.113273
27.730000 -0.115825
27.740000 -0.118318
27.750000 -0.120751
27.760000 -0.123125
27.770000 -0.125440
27.780000 -0.127695
27.790000 -0.129891
27.800000 -0.132027
27.810000 -0.134105
27.820000 -0.136123
27.830000 -0.138081
27.840000 -0.139982
27.850000 -0.141823
27.860000 -0.143605
27.870000 -0.145330
27.880000 -0.146996
27.890000 -0.148604
27.900000 -0.150155
27.910000 -0.151648
27.920000 -0.153084
27.930000 -0.154464
27.940000 -0.155787
27.950000 -0.157054
27.960000 -0.158266
27.970000 -0.159422
27.980000 -0.160524
27.990000 -0.161571
28.000000 -0.162564
28.010000 -0.163504
28.020000 -0.164391
28.030000 -0.165225
28.040000 -0.166007
28.050000 -0.166738
28.060000 -0.167418
28.070000 -0.168047
28.080000 -0.168627
28.090000 -0.169157
28.100000 -0.169639
28.110000 -0.170072
28.120000 -0.170458
28.130000 -0.170797
28.140000 -0.171090
28.150000 -0.171337
28.160000 -0.171539
28.170000 -0.171696
28.180000 -0.171810
28.190000 -0.171881
28.200000 -0.171909
28.210000 -0.171895
28.220000 -0.171840
28.230000 -0.171745
28.240000 -0.171610
28.250000 -0.171436
28.260000 -0.171224
28.270000 -0.170974
28.280000 -0.170687
28.290000 -0.170363
28.300000 -0.170004
28.310000 -0.169610
28.320000 -0.169182
28.330000 -0.168720
28.340000 -0.168226
28.350000 -0.167699
28.360000 -0.167141
28.370000 -0.166552
28.380000 -0.165933
28.390000 -0.165285
28.400000 -0.164608
28.410000 -0.163903
28.420000 -0.163170
28.430000 -0.162411
28.440000 -0.161627
28.450000 -0.160817
28.460000 -0.159982
28.470000 -0.159124
28.480000 -0.158242
28.490000 -0.157338
28.500000 -0.156412
28.510000 -0.155465
28.520000 -0.154497
28.530000 -0.153509
28.540000 -0.152502
28.550000 -0.151476
28.560000 -0.150432
28.570000 -0.149371
28.580000 -0.148293
28.590000 -0.147198
28.600000 -0.146089
28.610000 -0.144964
28.620000 -0.143824
28.630000 -0.142671
28.640000 -0.141505
28.650000 -0.140326
28.660000 -0.139134
28.670000 -0.137931
28.680000 -0.136717
28.690000 -0.135493
28.700000 -0.134258
28.710000 -0.133014
28.720000 -0.131761
28.730000 -0.130500
28.740000 -0.129230
28.750000 -0.127953
28.760000 -0.126669
28.770000 -0.125379
28.780000 -0.124082
28.790000 -0.122779
28.800000 -0.121472
28.810000 -0.120159
28.820000 -0.118842
28.830000 -0.117522
28.840000 -0.116197
28.850000 -0.114870
28.860000 -0.113540
28.870000 -0.112207
28.880000 -0.110872
28.890000 -0.109536
28.900000 -0.108199
28.910000 -0.106860
28.920000 -0.105521
28.930000 -0.104182
28.940000 -0.102842
28.950000 -0.101503
28.960000 -0.100165
28.970000 -0.098827
28.980000 -0.097491
28.990000 -0.096156
29.000000 -0.094824
29.010000 -0.093493
29.020000 -0.092164
29.030000 -0.090838
29.040000 -0.089515
29.050000 -0.088194
29.060000 -0.086877
29.070000 -0.085563
29.080000 -0.084253
29.090000 -0.082947
29.100000 -0.081644
29.110000 -0.080346
29.120000 -0.079052
29.130000 -0.077763
29.140000 -0.076478
29.150000 -0.075198
29.160000 -0.073923
29.170000 -0.072653
29.180000 -0.071388
29.190000 -0.070129
29.200000 -0.068875
29.210000 -0.067626
29.220000 -0.066383
29.230000 -0.065146
29.240000 -0.063914
29.250000 -0.062689
29.260000 -0.061469
29.270000 -0.060255
29.280000 -0.059047
29.290000 -0.057846
29.300000 -0.056650
29.310000 -0.055460
29.320000 -0.054277
29.330000 -0.053100
29.340000 -0.051929
29.350000 -0.050764
29.360000 -0.049605
29.370000 -0.048453
29.380000 -0.047307
29.390000 -0.046167
29.400000 -0.045033
29.410000 -0.043905
29.420000 -0.042783
29.430000 -0.041667
29.440000 -0.040557
29.450000 -0.039453
29.460000 -0.038355
29.470000 -0.037262
29.480000 -0.036175
29.490000 -0.035094
29.500000 -0.034019
29.510000 -0.032949
29.520000 -0.031884
29.530000 -0.030824
29.540000 -0.029770
29.550000 -0.028721
29.560000 -0.027677
29.570000 -0.026637
29.580000 -0.025602
29.590000 -0.024572
29.600000 -0.023546
29.610000 -0.022525
29.620000 -0.021508
29.630000 -0.020495
29.640000 -0.019485
29.650000 -0.018480
29.660000 -0.017478
29.670000 -0.016479
29.680000 -0.015484
29.690000 -0.014492
29.700000 -0.013502
29.710000 -0.012516
29.720000 -0.011532
29.730000 -0.010551
29.740000 -0.009571
29.750000 -0.008594
29.760000 -0.007619
29.770000 -0.006645
29.780000 -0.005673
29.790000 -0.004703
29.800000 -0.003733
29.810000 -0.002764
29.820000 -0.001796
29.830000 -0.000829
29.840000 0.000138
29.850000 0.001105
29.860000 0.002072
29.870000 0.003040
29.880000 0.004008
29.890000 0.004976
29.900000 0.005945
29.910000 0.006916
29.920000 0.007888
29.930000 0.008861
29.940000 0.009836
29.950000 0.010812
29.960000 0.011791
29.970000 0.012772
29.980000 0.013756
29.990000 0.014742
30.000000 0.015732
