-10.000000 0.007272
-9.990000 0.007231
-9.980000 0.007192
-9.970000 0.007155
-9.960000 0.007120
-9.950000 0.007087
-9.940000 0.007056
-9.930000 0.007027
-9.920000 0.007000
-9.910000 0.006975
-9.900000 0.006951
-9.890000 0.006929
-9.880000 0.006909
-9.870000 0.006891
-9.860000 0.006874
-9.850000 0.006859
-9.840000 0.006845
-9.830000 0.006833
-9.820000 0.006822
-9.810000 0.006813
-9.800000 0.006805
-9.790000 0.006799
-9.780000 0.006794
-9.770000 0.006790
-9.760000 0.006787
-9.750000 0.006786
-9.740000 0.006786
-9.730000 0.006787
-9.720000 0.006789
-9.710000 0.006792
-9.700000 0.006796
-9.690000 0.006801
-9.680000 0.006808
-9.670000 0.006815
-9.660000 0.006823
-9.650000 0.006832
-9.640000 0.006842
-9.630000 0.006853
-9.620000 0.006864
-9.610000 0.006877
-9.600000 0.006890
-9.590000 0.006904
-9.580000 0.006918
-9.570000 0.006933
-9.560000 0.006949
-9.550000 0.006965
-9.540000 0.006982
-9.530000 0.007000
-9.520000 0.007018
-9.510000 0.007037
-9.500000 0.007056
-9.490000 0.007075
-9.480000 0.007095
-9.470000 0.007115
-9.460000 0.007136
-9.450000 0.007157
-9.440000 0.007179
-9.430000 0.007201
-9.420000 0.007223
-9.410000 0.007245
-9.400000 0.007268
-9.390000 0.007291
-9.380000 0.007314
-9.370000 0.007337
-9.360000 0.007361
-9.350000 0.007385
-9.340000 0.007408
-9.330000 0.007432
-9.320000 0.007457
-9.310000 0.007481
-9.300000 0.007505
-9.290000 0.007530
-9.280000 0.007554
-9.270000 0.007579
-9.260000 0.007603
-9.250000 0.007628
-9.240000 0.007652
-9.230000 0.007677
-9.220000 0.007701
-9.210000 0.007726
-9.200000 0.007750
-9.190000 0.007775
-9.180000 0.007799
-9.170000 0.007823
-9.160000 0.007847
-9.150000 0.007871
-9.140000 0.007895
-9.130000 0.007919
-9.120000 0.007943
-9.110000 0.007966
-9.100000 0.007990
-9.090000 0.008013
-9.080000 0.008036
-9.070000 0.008059
-9.060000 0.008082
-9.050000 0.008104
-9.040000 0.008126
-9.030000 0.008148
-9.020000 0.008170
-9.010000 0.008192
-9.000000 0.008213
-8.990000 0.008234
-8.980000 0.008255
-8.970000 0.008276
-8.960000 0.008296
-8.950000 0.008316
-8.940000 0.008336
-8.930000 0.008356
-8.920000 0.008375
-8.910000 0.008394
-8.900000 0.008413
-8.890000 0.008431
-8.880000 0.008449
-8.870000 0.008467
-8.860000 0.008484
-8.850000 0.008501
-8.840000 0.008518
-8.830000 0.008534
-8.820000 0.008550
-8.810000 0.008566
-8.800000 0.008581
-8.790000 0.008596
-8.780000 0.008611
-8.770000 0.008625
-8.760000 0.008639
-8.750000 0.008652
-8.740000 0.008665
-8.730000 0.008678
-8.720000 0.008690
-8.710000 0.008702
-8.700000 0.008714
-8.690000 0.008725
-8.680000 0.008736
-8.670000 0.008746
-8.660000 0.008756
-8.650000 0.008765
-8.640000 0.008775
-8.630000 0.008783
-8.620000 0.008792
-8.610000 0.008799
-8.600000 0.008807
-8.590000 0.008814
-8.580000 0.008821
-8.570000 0.008827
-8.560000 0.008833
-8.550000 0.008838
-8.540000 0.008843
-8.530000 0.008848
-8.520000 0.008852
-8.510000 0.008856
-8.500000 0.008860
-8.490000 0.008863
-8.480000 0.008866
-8.470000 0.008868
-8.460000 0.008870
-8.450000 0.008872
-8.440000 0.008874
-8.430000 0.008875
-8.420000 0.008876
-8.410000 0.008876
-8.400000 0.008877
-8.390000 0.008877
-8.380000 0.008877
-8.370000 0.008876
-8.360000 0.008876
-8.350000 0.008875
-8.340000 0.008874
-8.330000 0.008873
-8.320000 0.008872
-8.310000 0.008871
-8.300000 0.008870
-8.290000 0.008869
-8.280000 0.008868
-8.270000 0.008867
-8.260000 0.008866
-8.250000 0.008865
-8.240000 0.008864
-8.230000 0.008864
-8.220000 0.008863
-8.210000 0.008864
-8.200000 0.008864
-8.190000 0.008865
-8.180000 0.008866
-8.170000 0.008868
-8.160000 0.008870
-8.150000 0.008873
-8.140000 0.008877
-8.130000 0.008882
-8.120000 0.008887
-8.110000 0.008893
-8.100000 0.008900
-8.090000 0.008909
-8.080000 0.008918
-8.070000 0.008928
-8.060000 0.008940
-8.050000 0.008953
-8.040000 0.008968
-8.030000 0.008984
-8.020000 0.009002
-8.010000 0.009022
-8.000000 0.009043
-7.990000 0.009067
-7.980000 0.009092
-7.970000 0.009120
-7.960000 0.009150
-7.950000 0.009182
-7.940000 0.009217
-7.930000 0.009255
-7.920000 0.009295
-7.910000 0.009339
-7.900000 0.009385
-7.890000 0.009435
-7.880000 0.009488
-7.870000 0.009545
-7.860000 0.009605
-7.850000 0.009669
-7.840000 0.009738
-7.830000 0.009810
-7.820000 0.009887
-7.810000 0.009968
-7.800000 0.010054
-7.790000 0.010145
-7.780000 0.010240
-7.770000 0.010342
-7.760000 0.010448
-7.750000 0.010560
-7.740000 0.010679
-7.730000 0.010803
-7.720000 0.010933
-7.710000 0.011070
-7.700000 0.011214
-7.690000 0.011365
-7.680000 0.011523
-7.670000 0.011688
-7.660000 0.011861
-7.650000 0.012042
-7.640000 0.012231
-7.630000 0.012429
-7.620000 0.012635
-7.610000 0.012850
-7.600000 0.013075
-7.590000 0.013309
-7.580000 0.013552
-7.570000 0.013806
-7.560000 0.014070
-7.550000 0.014344
-7.540000 0.014630
-7.530000 0.014926
-7.520000 0.015234
-7.510000 0.015554
-7.500000 0.015886
-7.490000 0.016231
-7.480000 0.016588
-7.470000 0.016958
-7.460000 0.017341
-7.450000 0.017738
-7.440000 0.018149
-7.430000 0.018575
-7.420000 0.019015
-7.410000 0.019470
-7.400000 0.019940
-7.390000 0.020426
-7.380000 0.020928
-7.370000 0.021446
-7.360000 0.021981
-7.350000 0.022533
-7.340000 0.023103
-7.330000 0.023690
-7.320000 0.024295
-7.310000 0.024918
-7.300000 0.025561
-7.290000 0.026222
-7.280000 0.026903
-7.270000 0.027604
-7.260000 0.028324
-7.250000 0.029066
-7.240000 0.029828
-7.230000 0.030612
-7.220000 0.031417
-7.210000 0.032244
-7.200000 0.033093
-7.190000 0.033965
-7.180000 0.034859
-7.170000 0.035777
-7.160000 0.036719
-7.150000 0.037685
-7.140000 0.038674
-7.130000 0.039689
-7.120000 0.040728
-7.110000 0.041793
-7.100000 0.042883
-7.090000 0.043999
-7.080000 0.045141
-7.070000 0.046310
-7.060000 0.047505
-7.050000 0.048727
-7.040000 0.049977
-7.030000 0.051254
-7.020000 0.052559
-7.010000 0.053892
-7.000000 0.055253
-6.990000 0.056643
-6.980000 0.058061
-6.970000 0.059509
-6.960000 0.060985
-6.950000 0.062491
-6.940000 0.064026
-6.930000 0.065592
-6.920000 0.067187
-6.910000 0.068812
-6.900000 0.070467
-6.890000 0.072152
-6.880000 0.073868
-6.870000 0.075614
-6.860000 0.077390
-6.850000 0.079198
-6.840000 0.081036
-6.830000 0.082904
-6.820000 0.084803
-6.810000 0.086733
-6.800000 0.088693
-6.790000 0.090685
-6.780000 0.092706
-6.770000 0.094758
-6.760000 0.096841
-6.750000 0.098953
-6.740000 0.101096
-6.730000 0.103269
-6.720000 0.105472
-6.710000 0.107704
-6.700000 0.109966
-6.690000 0.112257
-6.680000 0.114577
-6.670000 0.116926
-6.660000 0.119303
-6.650000 0.121708
-6.640000 0.124140
-6.630000 0.126600
-6.620000 0.129087
-6.610000 0.131601
-6.600000 0.134141
-6.590000 0.136706
-6.580000 0.139297
-6.570000 0.141912
-6.560000 0.144551
-6.550000 0.147214
-6.540000 0.149900
-6.530000 0.152609
-6.520000 0.155339
-6.510000 0.158090
-6.500000 0.160862
-6.490000 0.163653
-6.480000 0.166464
-6.470000 0.169292
-6.460000 0.172138
-6.450000 0.175001
-6.440000 0.177880
-6.430000 0.180774
-6.420000 0.183681
-6.410000 0.186602
-6.400000 0.189535
-6.390000 0.192480
-6.380000 0.195435
-6.370000 0.198399
-6.360000 0.201371
-6.350000 0.204351
-6.340000 0.207337
-6.330000 0.210328
-6.320000 0.213323
-6.310000 0.216320
-6.300000 0.219320
-6.290000 0.222320
-6.280000 0.225319
-6.270000 0.228316
-6.260000 0.231310
-6.250000 0.234300
-6.240000 0.237283
-6.230000 0.240260
-6.220000 0.243228
-6.210000 0.246187
-6.200000 0.249134
-6.190000 0.252069
-6.180000 0.254990
-6.170000 0.257896
-6.160000 0.260786
-6.150000 0.263657
-6.140000 0.266508
-6.130000 0.269339
-6.120000 0.272147
-6.110000 0.274931
-6.100000 0.277689
-6.090000 0.280421
-6.080000 0.283124
-6.070000 0.285797
-6.060000 0.288439
-6.050000 0.291047
-6.040000 0.293621
-6.030000 0.296159
-6.020000 0.298660
-6.010000 0.301121
-6.000000 0.303541
-5.990000 0.305919
-5.980000 0.308254
-5.970000 0.310543
-5.960000 0.312785
-5.950000 0.314979
-5.940000 0.317123
-5.930000 0.319215
-5.920000 0.321255
-5.910000 0.323240
-5.900000 0.325169
-5.890000 0.327041
-5.880000 0.328854
-5.870000 0.330606
-5.860000 0.332297
-5.850000 0.333924
-5.840000 0.335488
-5.830000 0.336985
-5.820000 0.338414
-5.810000 0.339775
-5.800000 0.341066
-5.790000 0.342286
-5.780000 0.343432
-5.770000 0.344505
-5.760000 0.345503
-5.750000 0.346425
-5.740000 0.347269
-5.730000 0.348034
-5.720000 0.348719
-5.710000 0.349323
-5.700000 0.349846
-5.690000 0.350285
-5.680000 0.350640
-5.670000 0.350911
-5.660000 0.351095
-5.650000 0.351192
-5.640000 0.351202
-5.630000 0.351123
-5.620000 0.350954
-5.610000 0.350696
-5.600000 0.350347
-5.590000 0.349906
-5.580000 0.349373
-5.570000 0.348748
-5.560000 0.348029
-5.550000 0.347216
-5.540000 0.346309
-5.530000 0.345308
-5.520000 0.344211
-5.510000 0.343019
-5.500000 0.341732
-5.490000 0.340349
-5.480000 0.338869
-5.470000 0.337294
-5.460000 0.335622
-5.450000 0.333854
-5.440000 0.331989
-5.430000 0.330029
-5.420000 0.327972
-5.410000 0.325819
-5.400000 0.323570
-5.390000 0.321226
-5.380000 0.318787
-5.370000 0.316252
-5.360000 0.313623
-5.350000 0.310901
-5.340000 0.308084
-5.330000 0.305175
-5.320000 0.302173
-5.310000 0.299079
-5.300000 0.295894
-5.290000 0.292619
-5.280000 0.289254
-5.270000 0.285801
-5.260000 0.282260
-5.250000 0.278632
-5.240000 0.274918
-5.230000 0.271119
-5.220000 0.267236
-5.210000 0.263271
-5.200000 0.259224
-5.190000 0.255096
-5.180000 0.250890
-5.170000 0.246606
-5.160000 0.242245
-5.150000 0.237809
-5.140000 0.233300
-5.130000 0.228719
-5.120000 0.224066
-5.110000 0.219345
-5.100000 0.214556
-5.090000 0.209701
-5.080000 0.204782
-5.070000 0.199800
-5.060000 0.194757
-5.050000 0.189655
-5.040000 0.184495
-5.030000 0.179280
-5.020000 0.174011
-5.010000 0.168691
-5.000000 0.163320
-4.990000 0.157901
-4.980000 0.152436
-4.970000 0.146927
-4.960000 0.141376
-4.950000 0.135785
-4.940000 0.130155
-4.930000 0.124490
-4.920000 0.118790
-4.910000 0.113059
-4.900000 0.107298
-4.890000 0.101509
-4.880000 0.095694
-4.870000 0.089857
-4.860000 0.083998
-4.850000 0.078120
-4.840000 0.072225
-4.830000 0.066315
-4.820000 0.060393
-4.810000 0.054460
-4.800000 0.048519
-4.790000 0.042572
-4.780000 0.036622
-4.770000 0.030670
-4.760000 0.024718
-4.750000 0.018769
-4.740000 0.012825
-4.730000 0.006888
-4.720000 0.000960
-4.710000 -0.004956
-4.700000 -0.010859
-4.690000 -0.016746
-4.680000 -0.022615
-4.670000 -0.028465
-4.660000 -0.034293
-4.650000 -0.040096
-4.640000 -0.045874
-4.630000 -0.051624
-4.620000 -0.057343
-4.610000 -0.063031
-4.600000 -0.068684
-4.590000 -0.074302
-4.580000 -0.079882
-4.570000 -0.085422
-4.560000 -0.090920
-4.550000 -0.096375
-4.540000 -0.101785
-4.530000 -0.107147
-4.520000 -0.112461
-4.510000 -0.117725
-4.500000 -0.122936
-4.490000 -0.128094
-4.480000 -0.133196
-4.470000 -0.138242
-4.460000 -0.143229
-4.450000 -0.148155
-4.440000 -0.153021
-4.430000 -0.157823
-4.420000 -0.162562
-4.410000 -0.167234
-4.400000 -0.171840
-4.390000 -0.176377
-4.380000 -0.180845
-4.370000 -0.185243
-4.360000 -0.189569
-4.350000 -0.193822
-4.340000 -0.198000
-4.330000 -0.202104
-4.320000 -0.206133
-4.310000 -0.210084
-4.300000 -0.213957
-4.290000 -0.217752
-4.280000 -0.221468
-4.270000 -0.225104
-4.260000 -0.228658
-4.250000 -0.232131
-4.240000 -0.235523
-4.230000 -0.238831
-4.220000 -0.242056
-4.210000 -0.245198
-4.200000 -0.248255
-4.190000 -0.251228
-4.180000 -0.254116
-4.170000 -0.256918
-4.160000 -0.259636
-4.150000 -0.262267
-4.140000 -0.264813
-4.130000 -0.267273
-4.120000 -0.269646
-4.110000 -0.271934
-4.100000 -0.274135
-4.090000 -0.276250
-4.080000 -0.278279
-4.070000 -0.280222
-4.060000 -0.282080
-4.050000 -0.283851
-4.040000 -0.285538
-4.030000 -0.287139
-4.020000 -0.288656
-4.010000 -0.290088
-4.000000 -0.291437
-3.990000 -0.292701
-3.980000 -0.293883
-3.970000 -0.294982
-3.960000 -0.295999
-3.950000 -0.296934
-3.940000 -0.297788
-3.930000 -0.298562
-3.920000 -0.299257
-3.910000 -0.299872
-3.900000 -0.300409
-3.890000 -0.300869
-3.880000 -0.301252
-3.870000 -0.301559
-3.860000 -0.301791
-3.850000 -0.301949
-3.840000 -0.302033
-3.830000 -0.302045
-3.820000 -0.301986
-3.810000 -0.301856
-3.800000 -0.301656
-3.790000 -0.301388
-3.780000 -0.301053
-3.770000 -0.300650
-3.760000 -0.300183
-3.750000 -0.299651
-3.740000 -0.299055
-3.730000 -0.298398
-3.720000 -0.297679
-3.710000 -0.296901
-3.700000 -0.296063
-3.690000 -0.295168
-3.680000 -0.294217
-3.670000 -0.293210
-3.660000 -0.292149
-3.650000 -0.291035
-3.640000 -0.289870
-3.630000 -0.288654
-3.620000 -0.287388
-3.610000 -0.286075
-3.600000 -0.284715
-3.590000 -0.283309
-3.580000 -0.281859
-3.570000 -0.280365
-3.560000 -0.278830
-3.550000 -0.277254
-3.540000 -0.275638
-3.530000 -0.273984
-3.520000 -0.272294
-3.510000 -0.270567
-3.500000 -0.268806
-3.490000 -0.267012
-3.480000 -0.265185
-3.470000 -0.263328
-3.460000 -0.261441
-3.450000 -0.259525
-3.440000 -0.257582
-3.430000 -0.255613
-3.420000 -0.253619
-3.410000 -0.251602
-3.400000 -0.249561
-3.390000 -0.247500
-3.380000 -0.245417
-3.370000 -0.243316
-3.360000 -0.241196
-3.350000 -0.239060
-3.340000 -0.236907
-3.330000 -0.234740
-3.320000 -0.232559
-3.310000 -0.230365
-3.300000 -0.228159
-3.290000 -0.225943
-3.280000 -0.223717
-3.270000 -0.221482
-3.260000 -0.219239
-3.250000 -0.216990
-3.240000 -0.214735
-3.230000 -0.212475
-3.220000 -0.210210
-3.210000 -0.207943
-3.200000 -0.205673
-3.190000 -0.203402
-3.180000 -0.201130
-3.170000 -0.198859
-3.160000 -0.196588
-3.150000 -0.194319
-3.140000 -0.192053
-3.130000 -0.189790
-3.120000 -0.187530
-3.110000 -0.185276
-3.100000 -0.183027
-3.090000 -0.180784
-3.080000 -0.178547
-3.070000 -0.176318
-3.060000 -0.174097
-3.050000 -0.171884
-3.040000 -0.169681
-3.030000 -0.167487
-3.020000 -0.165303
-3.010000 -0.163129
-3.000000 -0.160967
-2.990000 -0.158816
-2.980000 -0.156677
-2.970000 -0.154551
-2.960000 -0.152438
-2.950000 -0.150338
-2.940000 -0.148251
-2.930000 -0.146179
-2.920000 -0.144120
-2.910000 -0.142077
-2.900000 -0.140048
-2.890000 -0.138035
-2.880000 -0.136037
-2.870000 -0.134054
-2.860000 -0.132088
-2.850000 -0.130138
-2.840000 -0.128204
-2.830000 -0.126286
-2.820000 -0.124385
-2.810000 -0.122501
-2.800000 -0.120634
-2.790000 -0.118783
-2.780000 -0.116950
-2.770000 -0.115134
-2.760000 -0.113335
-2.750000 -0.111553
-2.740000 -0.109788
-2.730000 -0.108041
-2.720000 -0.106310
-2.710000 -0.104597
-2.700000 -0.102901
-2.690000 -0.101222
-2.680000 -0.099560
-2.670000 -0.097914
-2.660000 -0.096286
-2.650000 -0.094674
-2.640000 -0.093078
-2.630000 -0.091499
-2.620000 -0.089935
-2.610000 -0.088388
-2.600000 -0.086856
-2.590000 -0.085340
-2.580000 -0.083839
-2.570000 -0.082353
-2.560000 -0.080882
-2.550000 -0.079426
-2.540000 -0.077983
-2.530000 -0.076555
-2.520000 -0.075140
-2.510000 -0.073739
-2.500000 -0.072350
-2.490000 -0.070974
-2.480000 -0.069610
-2.470000 -0.068259
-2.460000 -0.066918
-2.450000 -0.065589
-2.440000 -0.064270
-2.430000 -0.062962
-2.420000 -0.061664
-2.410000 -0.060375
-2.400000 -0.059094
-2.390000 -0.057823
-2.380000 -0.056559
-2.370000 -0.055303
-2.360000 -0.054054
-2.350000 -0.052812
-2.340000 -0.051575
-2.330000 -0.050344
-2.320000 -0.049118
-2.310000 -0.047896
-2.300000 -0.046678
-2.290000 -0.045464
-2.280000 -0.044252
-2.270000 -0.043042
-2.260000 -0.041834
-2.250000 -0.040626
-2.240000 -0.039419
-2.230000 -0.038212
-2.220000 -0.037003
-2.210000 -0.035793
-2.200000 -0.034581
-2.190000 -0.033365
-2.180000 -0.032146
-2.170000 -0.030923
-2.160000 -0.029694
-2.150000 -0.028460
-2.140000 -0.027220
-2.130000 -0.025972
-2.120000 -0.024716
-2.110000 -0.023452
-2.100000 -0.022179
-2.090000 -0.020895
-2.080000 -0.019600
-2.070000 -0.018294
-2.060000 -0.016975
-2.050000 -0.015643
-2.040000 -0.014297
-2.030000 -0.012936
-2.020000 -0.011560
-2.010000 -0.010167
-2.000000 -0.008756
-1.990000 -0.007328
-1.980000 -0.005880
-1.970000 -0.004412
-1.960000 -0.002924
-1.950000 -0.001414
-1.940000 0.000119
-1.930000 0.001675
-1.920000 0.003256
-1.910000 0.004862
-1.900000 0.006494
-1.890000 0.008153
-1.880000 0.009840
-1.870000 0.011556
-1.860000 0.013303
-1.850000 0.015080
-1.840000 0.016889
-1.830000 0.018731
-1.820000 0.020607
-1.810000 0.022518
-1.800000 0.024465
-1.790000 0.026448
-1.780000 0.028470
-1.770000 0.030530
-1.760000 0.032631
-1.750000 0.034773
-1.740000 0.036956
-1.730000 0.039183
-1.720000 0.041454
-1.710000 0.043770
-1.700000 0.046132
-1.690000 0.048542
-1.680000 0.051000
-1.670000 0.053508
-1.660000 0.056067
-1.650000 0.058677
-1.640000 0.061340
-1.630000 0.064057
-1.620000 0.066829
-1.610000 0.069657
-1.600000 0.072542
-1.590000 0.075485
-1.580000 0.078488
-1.570000 0.081552
-1.560000 0.084677
-1.550000 0.087865
-1.540000 0.091117
-1.530000 0.094434
-1.520000 0.097817
-1.510000 0.101267
-1.500000 0.104786
-1.490000 0.108374
-1.480000 0.112032
-1.470000 0.115762
-1.460000 0.119565
-1.450000 0.123441
-1.440000 0.127393
-1.430000 0.131420
-1.420000 0.135524
-1.410000 0.139706
-1.400000 0.143966
-1.390000 0.148307
-1.380000 0.152729
-1.370000 0.157233
-1.360000 0.161820
-1.350000 0.166490
-1.340000 0.171246
-1.330000 0.176087
-1.320000 0.181015
-1.310000 0.186031
-1.300000 0.191135
-1.290000 0.196328
-1.280000 0.201611
-1.270000 0.206985
-1.260000 0.212451
-1.250000 0.218009
-1.240000 0.223660
-1.230000 0.229405
-1.220000 0.235244
-1.210000 0.241178
-1.200000 0.247208
-1.190000 0.253334
-1.180000 0.259556
-1.170000 0.265876
-1.160000 0.272293
-1.150000 0.278808
-1.140000 0.285421
-1.130000 0.292133
-1.120000 0.298944
-1.110000 0.305853
-1.100000 0.312862
-1.090000 0.319970
-1.080000 0.327178
-1.070000 0.334485
-1.060000 0.341891
-1.050000 0.349396
-1.040000 0.357000
-1.030000 0.364704
-1.020000 0.372505
-1.010000 0.380405
-1.000000 0.388403
-0.990000 0.396498
-0.980000 0.404690
-0.970000 0.412978
-0.960000 0.421362
-0.950000 0.429841
-0.940000 0.438413
-0.930000 0.447079
-0.920000 0.455837
-0.910000 0.464686
-0.900000 0.473625
-0.890000 0.482653
-0.880000 0.491768
-0.870000 0.500970
-0.860000 0.510257
-0.850000 0.519626
-0.840000 0.529078
-0.830000 0.538610
-0.820000 0.548220
-0.810000 0.557907
-0.800000 0.567668
-0.790000 0.577502
-0.780000 0.587406
-0.770000 0.597379
-0.760000 0.607417
-0.750000 0.617519
-0.740000 0.627683
-0.730000 0.637905
-0.720000 0.648183
-0.710000 0.658515
-0.700000 0.668897
-0.690000 0.679326
-0.680000 0.689800
-0.670000 0.700316
-0.660000 0.710870
-0.650000 0.721459
-0.640000 0.732080
-0.630000 0.742729
-0.620000 0.753403
-0.610000 0.764098
-0.600000 0.774810
-0.590000 0.785536
-0.580000 0.796271
-0.570000 0.807013
-0.560000 0.817756
-0.550000 0.828496
-0.540000 0.839230
-0.530000 0.849953
-0.520000 0.860661
-0.510000 0.871348
-0.500000 0.882011
-0.490000 0.892646
-0.480000 0.903246
-0.470000 0.913808
-0.460000 0.924327
-0.450000 0.934798
-0.440000 0.945215
-0.430000 0.955574
-0.420000 0.965870
-0.410000 0.976098
-0.400000 0.986251
-0.390000 0.996326
-0.380000 1.006317
-0.370000 1.016218
-0.360000 1.026024
-0.350000 1.035729
-0.340000 1.045328
-0.330000 1.054816
-0.320000 1.064187
-0.310000 1.073435
-0.300000 1.082555
-0.290000 1.091540
-0.280000 1.100386
-0.270000 1.109087
-0.260000 1.117636
-0.250000 1.126029
-0.240000 1.134259
-0.230000 1.142321
-0.220000 1.150208
-0.210000 1.157916
-0.200000 1.165438
-0.190000 1.172770
-0.180000 1.179904
-0.170000 1.186835
-0.160000 1.193559
-0.150000 1.200068
-0.140000 1.206358
-0.130000 1.212423
-0.120000 1.218257
-0.110000 1.223856
-0.100000 1.229212
-0.090000 1.234322
-0.080000 1.239180
-0.070000 1.243780
-0.060000 1.248118
-0.050000 1.252187
-0.040000 1.255984
-0.030000 1.259503
-0.020000 1.262740
-0.010000 1.265688
-0.000000 1.268345
0.010000 1.270705
0.020000 1.272763
0.030000 1.274515
0.040000 1.275957
0.050000 1.277085
0.060000 1.277895
0.070000 1.278382
0.080000 1.278542
0.090000 1.278373
0.100000 1.277870
0.110000 1.277030
0.120000 1.275849
0.130000 1.274325
0.140000 1.272454
0.150000 1.270234
0.160000 1.267661
0.170000 1.264734
0.180000 1.261449
0.190000 1.257804
0.200000 1.253798
0.210000 1.249428
0.220000 1.244693
0.230000 1.239591
0.240000 1.234120
0.250000 1.228279
0.260000 1.222068
0.270000 1.215484
0.280000 1.208529
0.290000 1.201200
0.300000 1.193498
0.310000 1.185422
0.320000 1.176973
0.330000 1.168151
0.340000 1.158955
0.350000 1.149388
0.360000 1.139449
0.370000 1.129139
0.380000 1.118460
0.390000 1.107414
0.400000 1.096000
0.410000 1.084222
0.420000 1.072082
0.430000 1.059581
0.440000 1.046722
0.450000 1.033507
0.460000 1.019940
0.470000 1.006022
0.480000 0.991758
0.490000 0.977151
0.500000 0.962203
0.510000 0.946919
0.520000 0.931303
0.530000 0.915359
0.540000 0.899091
0.550000 0.882503
0.560000 0.865600
0.570000 0.848388
0.580000 0.830870
0.590000 0.813052
0.600000 0.794940
0.610000 0.776539
0.620000 0.757854
0.630000 0.738892
0.640000 0.719658
0.650000 0.700159
0.660000 0.680401
0.670000 0.660390
0.680000 0.640133
0.690000 0.619636
0.700000 0.598908
0.710000 0.577954
0.720000 0.556782
0.730000 0.535398
0.740000 0.513812
0.750000 0.492029
0.760000 0.470058
0.770000 0.447906
0.780000 0.425581
0.790000 0.403092
0.800000 0.380446
0.810000 0.357651
0.820000 0.334716
0.830000 0.311649
0.840000 0.288458
0.850000 0.265151
0.860000 0.241738
0.870000 0.218227
0.880000 0.194626
0.890000 0.170944
0.900000 0.147190
0.910000 0.123373
0.920000 0.099501
0.930000 0.075583
0.940000 0.051628
0.950000 0.027646
0.960000 0.003644
0.970000 -0.020369
0.980000 -0.044382
0.990000 -0.068389
1.000000 -0.092379
1.010000 -0.116344
1.020000 -0.140274
1.030000 -0.164163
1.040000 -0.187999
1.050000 -0.211775
1.060000 -0.235483
1.070000 -0.259112
1.080000 -0.282656
1.090000 -0.306104
1.100000 -0.329449
1.110000 -0.352683
1.120000 -0.375797
1.130000 -0.398782
1.140000 -0.421632
1.150000 -0.444336
1.160000 -0.466888
1.170000 -0.489280
1.180000 -0.511504
1.190000 -0.533552
1.200000 -0.555416
1.210000 -0.577089
1.220000 -0.598565
1.230000 -0.619834
1.240000 -0.640891
1.250000 -0.661729
1.260000 -0.682340
1.270000 -0.702719
1.280000 -0.722857
1.290000 -0.742750
1.300000 -0.762390
1.310000 -0.781772
1.320000 -0.800889
1.330000 -0.819736
1.340000 -0.838308
1.350000 -0.856598
1.360000 -0.874601
1.370000 -0.892313
1.380000 -0.909728
1.390000 -0.926841
1.400000 -0.943648
1.410000 -0.960144
1.420000 -0.976325
1.430000 -0.992188
1.440000 -1.007727
1.450000 -1.022939
1.460000 -1.037821
1.470000 -1.052369
1.480000 -1.066580
1.490000 -1.080451
1.500000 -1.093979
1.510000 -1.107162
1.520000 -1.119997
1.530000 -1.132481
1.540000 -1.144613
1.550000 -1.156391
1.560000 -1.167813
1.570000 -1.178878
1.580000 -1.189583
1.590000 -1.199928
1.600000 -1.209913
1.610000 -1.219535
1.620000 -1.228795
1.630000 -1.237692
1.640000 -1.246226
1.650000 -1.254396
1.660000 -1.262203
1.670000 -1.269648
1.680000 -1.276729
1.690000 -1.283449
1.700000 -1.289808
1.710000 -1.295806
1.720000 -1.301445
1.730000 -1.306727
1.740000 -1.311652
1.750000 -1.316222
1.760000 -1.320439
1.770000 -1.324305
1.780000 -1.327822
1.790000 -1.330992
1.800000 -1.333817
1.810000 -1.336301
1.820000 -1.338444
1.830000 -1.340252
1.840000 -1.341725
1.850000 -1.342867
1.860000 -1.343682
1.870000 -1.344172
1.880000 -1.344342
1.890000 -1.344194
1.900000 -1.343732
1.910000 -1.342960
1.920000 -1.341882
1.930000 -1.340501
1.940000 -1.338822
1.950000 -1.336849
1.960000 -1.334586
1.970000 -1.332038
1.980000 -1.329208
1.990000 -1.326102
2.000000 -1.322723
2.010000 -1.319077
2.020000 -1.315169
2.030000 -1.311002
2.040000 -1.306583
2.050000 -1.301915
2.060000 -1.297004
2.070000 -1.291854
2.080000 -1.286472
2.090000 -1.280861
2.100000 -1.275028
2.110000 -1.268976
2.120000 -1.262713
2.130000 -1.256242
2.140000 -1.249569
2.150000 -1.242699
2.160000 -1.235638
2.170000 -1.228391
2.180000 -1.220964
2.190000 -1.213361
2.200000 -1.205588
2.210000 -1.197650
2.220000 -1.189554
2.230000 -1.181303
2.240000 -1.172904
2.250000 -1.164362
2.260000 -1.155682
2.270000 -1.146870
2.280000 -1.137930
2.290000 -1.128869
2.300000 -1.119691
2.310000 -1.110402
2.320000 -1.101007
2.330000 -1.091510
2.340000 -1.081918
2.350000 -1.072235
2.360000 -1.062466
2.370000 -1.052617
2.380000 -1.042692
2.390000 -1.032696
2.400000 -1.022635
2.410000 -1.012512
2.420000 -1.002333
2.430000 -0.992102
2.440000 -0.981825
2.450000 -0.971505
2.460000 -0.961148
2.470000 -0.950757
2.480000 -0.940338
2.490000 -0.929894
2.500000 -0.919430
2.510000 -0.908950
2.520000 -0.898458
2.530000 -0.887958
2.540000 -0.877455
2.550000 -0.866952
2.560000 -0.856453
2.570000 -0.845962
2.580000 -0.835483
2.590000 -0.825018
2.600000 -0.814573
2.610000 -0.804150
2.620000 -0.793753
2.630000 -0.783385
2.640000 -0.773049
2.650000 -0.762749
2.660000 -0.752487
2.670000 -0.742267
2.680000 -0.732091
2.690000 -0.721963
2.700000 -0.711885
2.710000 -0.701859
2.720000 -0.691890
2.730000 -0.681978
2.740000 -0.672127
2.750000 -0.662338
2.760000 -0.652615
2.770000 -0.642959
2.780000 -0.633372
2.790000 -0.623857
2.800000 -0.614416
2.810000 -0.605050
2.820000 -0.595761
2.830000 -0.586551
2.840000 -0.577422
2.850000 -0.568375
2.860000 -0.559412
2.870000 -0.550534
2.880000 -0.541742
2.890000 -0.533039
2.900000 -0.524424
2.910000 -0.515900
2.920000 -0.507468
2.930000 -0.499127
2.940000 -0.490881
2.950000 -0.482728
2.960000 -0.474670
2.970000 -0.466709
2.980000 -0.458843
2.990000 -0.451076
3.000000 -0.443405
3.010000 -0.435833
3.020000 -0.428360
3.030000 -0.420986
3.040000 -0.413711
3.050000 -0.406536
3.060000 -0.399461
3.070000 -0.392486
3.080000 -0.385612
3.090000 -0.378838
3.100000 -0.372164
3.110000 -0.365590
3.120000 -0.359117
3.130000 -0.352744
3.140000 -0.346471
3.150000 -0.340298
3.160000 -0.334224
3.170000 -0.328250
3.180000 -0.322374
3.190000 -0.316598
3.200000 -0.310919
3.210000 -0.305338
3.220000 -0.299855
3.230000 -0.294468
3.240000 -0.289178
3.250000 -0.283983
3.260000 -0.278883
3.270000 -0.273878
3.280000 -0.268967
3.290000 -0.264149
3.300000 -0.259423
3.310000 -0.254789
3.320000 -0.250246
3.330000 -0.245793
3.340000 -0.241430
3.350000 -0.237155
3.360000 -0.232968
3.370000 -0.228868
3.380000 -0.224854
3.390000 -0.220926
3.400000 -0.217081
3.410000 -0.213321
3.420000 -0.209642
3.430000 -0.206045
3.440000 -0.202529
3.450000 -0.199093
3.460000 -0.195735
3.470000 -0.192455
3.480000 -0.189252
3.490000 -0.186125
3.500000 -0.183072
3.510000 -0.180094
3.520000 -0.177188
3.530000 -0.174354
3.540000 -0.171591
3.550000 -0.168898
3.560000 -0.166274
3.570000 -0.163718
3.580000 -0.161229
3.590000 -0.158806
3.600000 -0.156447
3.610000 -0.154153
3.620000 -0.151921
3.630000 -0.149752
3.640000 -0.147643
3.650000 -0.145595
3.660000 -0.143606
3.670000 -0.141674
3.680000 -0.139800
3.690000 -0.137982
3.700000 -0.136219
3.710000 -0.134511
3.720000 -0.132856
3.730000 -0.131254
3.740000 -0.129703
3.750000 -0.128202
3.760000 -0.126752
3.770000 -0.125350
3.780000 -0.123997
3.790000 -0.122691
3.800000 -0.121431
3.810000 -0.120216
3.820000 -0.119046
3.830000 -0.117921
3.840000 -0.116838
3.850000 -0.115797
3.860000 -0.114798
3.870000 -0.113840
3.880000 -0.112922
3.890000 -0.112043
3.900000 -0.111203
3.910000 -0.110400
3.920000 -0.109635
3.930000 -0.108906
3.940000 -0.108213
3.950000 -0.107555
3.960000 -0.106931
3.970000 -0.106342
3.980000 -0.105785
3.990000 -0.105262
4.000000 -0.104770
4.010000 -0.104310
4.020000 -0.103881
4.030000 -0.103483
4.040000 -0.103114
4.050000 -0.102775
4.060000 -0.102465
4.070000 -0.102183
4.080000 -0.101929
4.090000 -0.101703
4.100000 -0.101503
4.110000 -0.101331
4.120000 -0.101185
4.130000 -0.101064
4.140000 -0.100969
4.150000 -0.100900
4.160000 -0.100855
4.170000 -0.100834
4.180000 -0.100838
4.190000 -0.100865
4.200000 -0.100916
4.210000 -0.100990
4.220000 -0.101087
4.230000 -0.101207
4.240000 -0.101350
4.250000 -0.101514
4.260000 -0.101701
4.270000 -0.101910
4.280000 -0.102140
4.290000 -0.102392
4.300000 -0.102665
4.310000 -0.102959
4.320000 -0.103275
4.330000 -0.103611
4.340000 -0.103968
4.350000 -0.104346
4.360000 -0.104745
4.370000 -0.105164
4.380000 -0.105603
4.390000 -0.106063
4.400000 -0.106544
4.410000 -0.107045
4.420000 -0.107566
4.430000 -0.108108
4.440000 -0.108670
4.450000 -0.109253
4.460000 -0.109856
4.470000 -0.110479
4.480000 -0.111123
4.490000 -0.111787
4.500000 -0.112472
4.510000 -0.113178
4.520000 -0.113904
4.530000 -0.114651
4.540000 -0.115419
4.550000 -0.116208
4.560000 -0.117019
4.570000 -0.117850
4.580000 -0.118703
4.590000 -0.119578
4.600000 -0.120474
4.610000 -0.121392
4.620000 -0.122332
4.630000 -0.123294
4.640000 -0.124278
4.650000 -0.125285
4.660000 -0.126314
4.670000 -0.127366
4.680000 -0.128441
4.690000 -0.129539
4.700000 -0.130661
4.710000 -0.131806
4.720000 -0.132975
4.730000 -0.134168
4.740000 -0.135385
4.750000 -0.136627
4.760000 -0.137893
4.770000 -0.139184
4.780000 -0.140500
4.790000 -0.141841
4.800000 -0.143208
4.810000 -0.144600
4.820000 -0.146018
4.830000 -0.147463
4.840000 -0.148933
4.850000 -0.150431
4.860000 -0.151955
4.870000 -0.153506
4.880000 -0.155085
4.890000 -0.156691
4.900000 -0.158324
4.910000 -0.159986
4.920000 -0.161676
4.930000 -0.163394
4.940000 -0.165141
4.950000 -0.166916
4.960000 -0.168720
4.970000 -0.170554
4.980000 -0.172417
4.990000 -0.174310
5.000000 -0.176232
5.010000 -0.178184
5.020000 -0.180166
5.030000 -0.182179
5.040000 -0.184222
5.050000 -0.186296
5.060000 -0.188400
5.070000 -0.190536
5.080000 -0.192702
5.090000 -0.194900
5.100000 -0.197129
5.110000 -0.199389
5.120000 -0.201681
5.130000 -0.204004
5.140000 -0.206360
5.150000 -0.208746
5.160000 -0.211165
5.170000 -0.213616
5.180000 -0.216098
5.190000 -0.218613
5.200000 -0.221159
5.210000 -0.223737
5.220000 -0.226348
5.230000 -0.228990
5.240000 -0.231664
5.250000 -0.234370
5.260000 -0.237107
5.270000 -0.239876
5.280000 -0.242677
5.290000 -0.245509
5.300000 -0.248373
5.310000 -0.251267
5.320000 -0.254193
5.330000 -0.257149
5.340000 -0.260136
5.350000 -0.263153
5.360000 -0.266200
5.370000 -0.269277
5.380000 -0.272383
5.390000 -0.275518
5.400000 -0.278683
5.410000 -0.281875
5.420000 -0.285096
5.430000 -0.288344
5.440000 -0.291619
5.450000 -0.294921
5.460000 -0.298249
5.470000 -0.301602
5.480000 -0.304981
5.490000 -0.308384
5.500000 -0.311811
5.510000 -0.315261
5.520000 -0.318733
5.530000 -0.322228
5.540000 -0.325743
5.550000 -0.329279
5.560000 -0.332834
5.570000 -0.336408
5.580000 -0.340000
5.590000 -0.343609
5.600000 -0.347233
5.610000 -0.350872
5.620000 -0.354526
5.630000 -0.358192
5.640000 -0.361870
5.650000 -0.365558
5.660000 -0.369257
5.670000 -0.372963
5.680000 -0.376676
5.690000 -0.380395
5.700000 -0.384119
5.710000 -0.387845
5.720000 -0.391573
5.730000 -0.395301
5.740000 -0.399028
5.750000 -0.402752
5.760000 -0.406471
5.770000 -0.410184
5.780000 -0.413890
5.790000 -0.417586
5.800000 -0.421270
5.810000 -0.424942
5.820000 -0.428599
5.830000 -0.432239
5.840000 -0.435860
5.850000 -0.439460
5.860000 -0.443038
5.870000 -0.446591
5.880000 -0.450117
5.890000 -0.453614
5.900000 -0.457079
5.910000 -0.460512
5.920000 -0.463908
5.930000 -0.467266
5.940000 -0.470583
5.950000 -0.473858
5.960000 -0.477087
5.970000 -0.480268
5.980000 -0.483399
5.990000 -0.486476
6.000000 -0.489498
6.010000 -0.492461
6.020000 -0.495364
6.030000 -0.498202
6.040000 -0.500974
6.050000 -0.503676
6.060000 -0.506306
6.070000 -0.508861
6.080000 -0.511338
6.090000 -0.513733
6.100000 -0.516045
6.110000 -0.518269
6.120000 -0.520403
6.130000 -0.522444
6.140000 -0.524389
6.150000 -0.526234
6.160000 -0.527976
6.170000 -0.529613
6.180000 -0.531141
6.190000 -0.532556
6.200000 -0.533856
6.210000 -0.535038
6.220000 -0.536097
6.230000 -0.537031
6.240000 -0.537837
6.250000 -0.538511
6.260000 -0.539050
6.270000 -0.539450
6.280000 -0.539709
6.290000 -0.539823
6.300000 -0.539789
6.310000 -0.539603
6.320000 -0.539262
6.330000 -0.538764
6.340000 -0.538104
6.350000 -0.537279
6.360000 -0.536287
6.370000 -0.535124
6.380000 -0.533786
6.390000 -0.532272
6.400000 -0.530577
6.410000 -0.528698
6.420000 -0.526633
6.430000 -0.524378
6.440000 -0.521931
6.450000 -0.519289
6.460000 -0.516448
6.470000 -0.513405
6.480000 -0.510159
6.490000 -0.506706
6.500000 -0.503044
6.510000 -0.499169
6.520000 -0.495080
6.530000 -0.490774
6.540000 -0.486249
6.550000 -0.481501
6.560000 -0.476530
6.570000 -0.471332
6.580000 -0.465905
6.590000 -0.460249
6.600000 -0.454359
6.610000 -0.448236
6.620000 -0.441876
6.630000 -0.435278
6.640000 -0.428441
6.650000 -0.421364
6.660000 -0.414044
6.670000 -0.406480
6.680000 -0.398672
6.690000 -0.390619
6.700000 -0.382318
6.710000 -0.373770
6.720000 -0.364974
6.730000 -0.355929
6.740000 -0.346635
6.750000 -0.337091
6.760000 -0.327298
6.770000 -0.317254
6.780000 -0.306960
6.790000 -0.296417
6.800000 -0.285625
6.810000 -0.274583
6.820000 -0.263293
6.830000 -0.251755
6.840000 -0.239971
6.850000 -0.227940
6.860000 -0.215665
6.870000 -0.203147
6.880000 -0.190386
6.890000 -0.177385
6.900000 -0.164146
6.910000 -0.150670
6.920000 -0.136959
6.930000 -0.123015
6.940000 -0.108841
6.950000 -0.094439
6.960000 -0.079812
6.970000 -0.064963
6.980000 -0.049895
6.990000 -0.034609
7.000000 -0.019111
7.010000 -0.003403
7.020000 0.012511
7.030000 0.028628
7.040000 0.044943
7.050000 0.061453
7.060000 0.078154
7.070000 0.095042
7.080000 0.112111
7.090000 0.129357
7.100000 0.146777
7.110000 0.164364
7.120000 0.182114
7.130000 0.200022
7.140000 0.218082
7.150000 0.236289
7.160000 0.254638
7.170000 0.273123
7.180000 0.291739
7.190000 0.310478
7.200000 0.329336
7.210000 0.348306
7.220000 0.367382
7.230000 0.386558
7.240000 0.405827
7.250000 0.425182
7.260000 0.444617
7.270000 0.464125
7.280000 0.483700
7.290000 0.503334
7.300000 0.523020
7.310000 0.542751
7.320000 0.562521
7.330000 0.582321
7.340000 0.602144
7.350000 0.621983
7.360000 0.641830
7.370000 0.661679
7.380000 0.681520
7.390000 0.701347
7.400000 0.721152
7.410000 0.740927
7.420000 0.760665
7.430000 0.780357
7.440000 0.799996
7.450000 0.819574
7.460000 0.839083
7.470000 0.858515
7.480000 0.877862
7.490000 0.897116
7.500000 0.916270
7.510000 0.935316
7.520000 0.954245
7.530000 0.973050
7.540000 0.991723
7.550000 1.010256
7.560000 1.028642
7.570000 1.046872
7.580000 1.064939
7.590000 1.082836
7.600000 1.100554
7.610000 1.118087
7.620000 1.135426
7.630000 1.152565
7.640000 1.169495
7.650000 1.186210
7.660000 1.202703
7.670000 1.218966
7.680000 1.234993
7.690000 1.250776
7.700000 1.266309
7.710000 1.281585
7.720000 1.296597
7.730000 1.311339
7.740000 1.325805
7.750000 1.339988
7.760000 1.353882
7.770000 1.367482
7.780000 1.380781
7.790000 1.393774
7.800000 1.406454
7.810000 1.418818
7.820000 1.430859
7.830000 1.442572
7.840000 1.453952
7.850000 1.464995
7.860000 1.475695
7.870000 1.486050
7.880000 1.496053
7.890000 1.505700
7.900000 1.514989
7.910000 1.523915
7.920000 1.532475
7.930000 1.540664
7.940000 1.548480
7.950000 1.555920
7.960000 1.562981
7.970000 1.569660
7.980000 1.575954
7.990000 1.581862
8.000000 1.587381
8.010000 1.592509
8.020000 1.597245
8.030000 1.601586
8.040000 1.605533
8.050000 1.609082
8.060000 1.612234
8.070000 1.614988
8.080000 1.617342
8.090000 1.619298
8.100000 1.620854
8.110000 1.622010
8.120000 1.622768
8.130000 1.623126
8.140000 1.623087
8.150000 1.622650
8.160000 1.621816
8.170000 1.620588
8.180000 1.618965
8.190000 1.616950
8.200000 1.614545
8.210000 1.611751
8.220000 1.608571
8.230000 1.605006
8.240000 1.601060
8.250000 1.596735
8.260000 1.592033
8.270000 1.586958
8.280000 1.581514
8.290000 1.575702
8.300000 1.569528
8.310000 1.562994
8.320000 1.556104
8.330000 1.548863
8.340000 1.541274
8.350000 1.533342
8.360000 1.525071
8.370000 1.516466
8.380000 1.507531
8.390000 1.498272
8.400000 1.488693
8.410000 1.478799
8.420000 1.468597
8.430000 1.458090
8.440000 1.447285
8.450000 1.436187
8.460000 1.424802
8.470000 1.413136
8.480000 1.401195
8.490000 1.388983
8.500000 1.376509
8.510000 1.363778
8.520000 1.350796
8.530000 1.337569
8.540000 1.324104
8.550000 1.310408
8.560000 1.296487
8.570000 1.282347
8.580000 1.267996
8.590000 1.253440
8.600000 1.238686
8.610000 1.223741
8.620000 1.208611
8.630000 1.193304
8.640000 1.177826
8.650000 1.162185
8.660000 1.146387
8.670000 1.130440
8.680000 1.114350
8.690000 1.098124
8.700000 1.081771
8.710000 1.065295
8.720000 1.048706
8.730000 1.032009
8.740000 1.015212
8.750000 0.998322
8.760000 0.981345
8.770000 0.964289
8.780000 0.947161
8.790000 0.929967
8.800000 0.912714
8.810000 0.895410
8.820000 0.878061
8.830000 0.860674
8.840000 0.843255
8.850000 0.825811
8.860000 0.808349
8.870000 0.790875
8.880000 0.773396
8.890000 0.755917
8.900000 0.738447
8.910000 0.720990
8.920000 0.703553
8.930000 0.686142
8.940000 0.668763
8.950000 0.651421
8.960000 0.634124
8.970000 0.616876
8.980000 0.599684
8.990000 0.582552
9.000000 0.565487
9.010000 0.548493
9.020000 0.531577
9.030000 0.514742
9.040000 0.497995
9.050000 0.481341
9.060000 0.464783
9.070000 0.448328
9.080000 0.431979
9.090000 0.415741
9.100000 0.399619
9.110000 0.383617
9.120000 0.367738
9.130000 0.351989
9.140000 0.336371
9.150000 0.320890
9.160000 0.305548
9.170000 0.290350
9.180000 0.275299
9.190000 0.260398
9.200000 0.245651
9.210000 0.231061
9.220000 0.216631
9.230000 0.202363
9.240000 0.188261
9.250000 0.174327
9.260000 0.160564
9.270000 0.146974
9.280000 0.133560
9.290000 0.120323
9.300000 0.107267
9.310000 0.094392
9.320000 0.081701
9.330000 0.069195
9.340000 0.056876
9.350000 0.044745
9.360000 0.032805
9.370000 0.021055
9.380000 0.009498
9.390000 -0.001865
9.400000 -0.013035
9.410000 -0.024009
9.420000 -0.034787
9.430000 -0.045369
9.440000 -0.055754
9.450000 -0.065942
9.460000 -0.075932
9.470000 -0.085723
9.480000 -0.095317
9.490000 -0.104713
9.500000 -0.113910
9.510000 -0.122910
9.520000 -0.131712
9.530000 -0.140317
9.540000 -0.148725
9.550000 -0.156937
9.560000 -0.164953
9.570000 -0.172774
9.580000 -0.180401
9.590000 -0.187835
9.600000 -0.195076
9.610000 -0.202125
9.620000 -0.208985
9.630000 -0.215654
9.640000 -0.222136
9.650000 -0.228431
9.660000 -0.234541
9.670000 -0.240466
9.680000 -0.246209
9.690000 -0.251771
9.700000 -0.257154
9.710000 -0.262358
9.720000 -0.267386
9.730000 -0.272240
9.740000 -0.276921
9.750000 -0.281432
9.760000 -0.285773
9.770000 -0.289947
9.780000 -0.293956
9.790000 -0.297802
9.800000 -0.301487
9.810000 -0.305013
9.820000 -0.308382
9.830000 -0.311596
9.840000 -0.314657
9.850000 -0.317568
9.860000 -0.320330
9.870000 -0.322946
9.880000 -0.325419
9.890000 -0.327749
9.900000 -0.329941
9.910000 -0.331995
9.920000 -0.333914
9.930000 -0.335701
9.940000 -0.337358
9.950000 -0.338887
9.960000 -0.340291
9.970000 -0.341572
9.980000 -0.342731
9.990000 -0.343773
10.000000 -0.344698
10.010000 -0.345510
10.020000 -0.346210
10.030000 -0.346801
10.040000 -0.347286
10.050000 -0.347666
10.060000 -0.347944
10.070000 -0.348123
10.080000 -0.348204
10.090000 -0.348190
10.100000 -0.348083
10.110000 -0.347886
10.120000 -0.347600
10.130000 -0.347229
10.140000 -0.346773
10.150000 -0.346236
10.160000 -0.345620
10.170000 -0.344926
10.180000 -0.344157
10.190000 -0.343315
10.200000 -0.342402
10.210000 -0.341421
10.220000 -0.340373
10.230000 -0.339260
10.240000 -0.338084
10.250000 -0.336847
10.260000 -0.335552
10.270000 -0.334200
10.280000 -0.332793
10.290000 -0.331333
10.300000 -0.329822
10.310000 -0.328262
10.320000 -0.326654
10.330000 -0.325000
10.340000 -0.323302
10.350000 -0.321562
10.360000 -0.319781
10.370000 -0.317962
10.380000 -0.316104
10.390000 -0.314211
10.400000 -0.312284
10.410000 -0.310324
10.420000 -0.308333
10.430000 -0.306313
10.440000 -0.304264
10.450000 -0.302188
10.460000 -0.300086
10.470000 -0.297961
10.480000 -0.295812
10.490000 -0.293642
10.500000 -0.291452
10.510000 -0.289243
10.520000 -0.287016
10.530000 -0.284772
10.540000 -0.282513
10.550000 -0.280239
10.560000 -0.277952
10.570000 -0.275653
10.580000 -0.273342
10.590000 -0.271021
10.600000 -0.268691
10.610000 -0.266352
10.620000 -0.264006
10.630000 -0.261654
10.640000 -0.259296
10.650000 -0.256933
10.660000 -0.254566
10.670000 -0.252195
10.680000 -0.249822
10.690000 -0.247448
10.700000 -0.245072
10.710000 -0.242696
10.720000 -0.240320
10.730000 -0.237946
10.740000 -0.235572
10.750000 -0.233201
10.760000 -0.230833
10.770000 -0.228468
10.780000 -0.226107
10.790000 -0.223750
10.800000 -0.221398
10.810000 -0.219051
10.820000 -0.216710
10.830000 -0.214375
10.840000 -0.212047
10.850000 -0.209726
10.860000 -0.207413
10.870000 -0.205107
10.880000 -0.202809
10.890000 -0.200519
10.900000 -0.198239
10.910000 -0.195968
10.920000 -0.193706
10.930000 -0.191453
10.940000 -0.189211
10.950000 -0.186979
10.960000 -0.184757
10.970000 -0.182546
10.980000 -0.180346
10.990000 -0.178157
11.000000 -0.175980
11.010000 -0.173814
11.020000 -0.171659
11.030000 -0.169517
11.040000 -0.167387
11.050000 -0.165269
11.060000 -0.163163
11.070000 -0.161070
11.080000 -0.158989
11.090000 -0.156922
11.100000 -0.154867
11.110000 -0.152825
11.120000 -0.150796
11.130000 -0.148781
11.140000 -0.146779
11.150000 -0.144791
11.160000 -0.142816
11.170000 -0.140855
11.180000 -0.138908
11.190000 -0.136975
11.200000 -0.135056
11.210000 -0.133150
11.220000 -0.131259
11.230000 -0.129383
11.240000 -0.127521
11.250000 -0.125673
11.260000 -0.123840
11.270000 -0.122021
11.280000 -0.120218
11.290000 -0.118429
11.300000 -0.116655
11.310000 -0.114896
11.320000 -0.113153
11.330000 -0.111424
11.340000 -0.109712
11.350000 -0.108014
11.360000 -0.106333
11.370000 -0.104667
11.380000 -0.103017
11.390000 -0.101383
11.400000 -0.099765
11.410000 -0.098164
11.420000 -0.096579
11.430000 -0.095010
11.440000 -0.093458
11.450000 -0.091924
11.460000 -0.090406
11.470000 -0.088905
11.480000 -0.087422
11.490000 -0.085957
11.500000 -0.084509
11.510000 -0.083080
11.520000 -0.081668
11.530000 -0.080275
11.540000 -0.078901
11.550000 -0.077545
11.560000 -0.076209
11.570000 -0.074892
11.580000 -0.073594
11.590000 -0.072317
11.600000 -0.071059
11.610000 -0.069822
11.620000 -0.068605
11.630000 -0.067409
11.640000 -0.066235
11.650000 -0.065082
11.660000 -0.063950
11.670000 -0.062841
11.680000 -0.061754
11.690000 -0.060690
11.700000 -0.059649
11.710000 -0.058632
11.720000 -0.057638
11.730000 -0.056668
11.740000 -0.055723
11.750000 -0.054802
11.760000 -0.053907
11.770000 -0.053037
11.780000 -0.052194
11.790000 -0.051376
11.800000 -0.050586
11.810000 -0.049822
11.820000 -0.049087
11.830000 -0.048379
11.840000 -0.047699
11.850000 -0.047049
11.860000 -0.046427
11.870000 -0.045835
11.880000 -0.045274
11.890000 -0.044743
11.900000 -0.044243
11.910000 -0.043774
11.920000 -0.043337
11.930000 -0.042933
11.940000 -0.042562
11.950000 -0.042223
11.960000 -0.041919
11.970000 -0.041648
11.980000 -0.041413
11.990000 -0.041212
12.000000 -0.041047
12.010000 -0.040918
12.020000 -0.040826
12.030000 -0.040770
12.040000 -0.040752
12.050000 -0.040772
12.060000 -0.040830
12.070000 -0.040927
12.080000 -0.041063
12.090000 -0.041239
12.100000 -0.041455
12.110000 -0.041712
12.120000 -0.042010
12.130000 -0.042349
12.140000 -0.042730
12.150000 -0.043153
12.160000 -0.043619
12.170000 -0.044129
12.180000 -0.044681
12.190000 -0.045278
12.200000 -0.045919
12.210000 -0.046604
12.220000 -0.047335
12.230000 -0.048110
12.240000 -0.048932
12.250000 -0.049799
12.260000 -0.050713
12.270000 -0.051674
12.280000 -0.052681
12.290000 -0.053736
12.300000 -0.054838
12.310000 -0.055987
12.320000 -0.057185
12.330000 -0.058431
12.340000 -0.059725
12.350000 -0.061067
12.360000 -0.062459
12.370000 -0.063899
12.380000 -0.065388
12.390000 -0.066926
12.400000 -0.068514
12.410000 -0.070150
12.420000 -0.071836
12.430000 -0.073572
12.440000 -0.075356
12.450000 -0.077190
12.460000 -0.079073
12.470000 -0.081006
12.480000 -0.082987
12.490000 -0.085018
12.500000 -0.087097
12.510000 -0.089226
12.520000 -0.091403
12.530000 -0.093628
12.540000 -0.095901
12.550000 -0.098223
12.560000 -0.100591
12.570000 -0.103008
12.580000 -0.105471
12.590000 -0.107981
12.600000 -0.110537
12.610000 -0.113139
12.620000 -0.115787
12.630000 -0.118479
12.640000 -0.121216
12.650000 -0.123997
12.660000 -0.126821
12.670000 -0.129688
12.680000 -0.132597
12.690000 -0.135548
12.700000 -0.138540
12.710000 -0.141572
12.720000 -0.144643
12.730000 -0.147753
12.740000 -0.150902
12.750000 -0.154087
12.760000 -0.157309
12.770000 -0.160566
12.780000 -0.163858
12.790000 -0.167183
12.800000 -0.170542
12.810000 -0.173932
12.820000 -0.177352
12.830000 -0.180803
12.840000 -0.184282
12.850000 -0.187789
12.860000 -0.191322
12.870000 -0.194881
12.880000 -0.198464
12.890000 -0.202070
12.900000 -0.205698
12.910000 -0.209346
12.920000 -0.213014
12.930000 -0.216700
12.940000 -0.220403
12.950000 -0.224121
12.960000 -0.227853
12.970000 -0.231598
12.980000 -0.235354
12.990000 -0.239121
13.000000 -0.242896
13.010000 -0.246678
13.020000 -0.250465
13.030000 -0.254257
13.040000 -0.258052
13.050000 -0.261847
13.060000 -0.265643
13.070000 -0.269436
13.080000 -0.273226
13.090000 -0.277011
13.100000 -0.280789
13.110000 -0.284559
13.120000 -0.288319
13.130000 -0.292068
13.140000 -0.295804
13.150000 -0.299525
13.160000 -0.303230
13.170000 -0.306917
13.180000 -0.310584
13.190000 -0.314230
13.200000 -0.317854
13.210000 -0.321453
13.220000 -0.325025
13.230000 -0.328570
13.240000 -0.332085
13.250000 -0.335570
13.260000 -0.339021
13.270000 -0.342439
13.280000 -0.345820
13.290000 -0.349163
13.300000 -0.352467
13.310000 -0.355731
13.320000 -0.358952
13.330000 -0.362128
13.340000 -0.365259
13.350000 -0.368343
13.360000 -0.371378
13.370000 -0.374362
13.380000 -0.377295
13.390000 -0.380174
13.400000 -0.382999
13.410000 -0.385767
13.420000 -0.388477
13.430000 -0.391127
13.440000 -0.393717
13.450000 -0.396245
13.460000 -0.398709
13.470000 -0.401109
13.480000 -0.403442
13.490000 -0.405708
13.500000 -0.407905
13.510000 -0.410032
13.520000 -0.412088
13.530000 -0.414071
13.540000 -0.415981
13.550000 -0.417816
13.560000 -0.419575
13.570000 -0.421257
13.580000 -0.422862
13.590000 -0.424387
13.600000 -0.425833
13.610000 -0.427197
13.620000 -0.428480
13.630000 -0.429680
13.640000 -0.430797
13.650000 -0.431829
13.660000 -0.432777
13.670000 -0.433639
13.680000 -0.434414
13.690000 -0.435102
13.700000 -0.435703
13.710000 -0.436215
13.720000 -0.436639
13.730000 -0.436974
13.740000 -0.437218
13.750000 -0.437373
13.760000 -0.437438
13.770000 -0.437411
13.780000 -0.437294
13.790000 -0.437086
13.800000 -0.436786
13.810000 -0.436394
13.820000 -0.435911
13.830000 -0.435337
13.840000 -0.434670
13.850000 -0.433912
13.860000 -0.433063
13.870000 -0.432121
13.880000 -0.431089
13.890000 -0.429965
13.900000 -0.428750
13.910000 -0.427445
13.920000 -0.426049
13.930000 -0.424564
13.940000 -0.422989
13.950000 -0.421325
13.960000 -0.419572
13.970000 -0.417731
13.980000 -0.415803
13.990000 -0.413787
14.000000 -0.411686
14.010000 -0.409499
14.020000 -0.407227
14.030000 -0.404871
14.040000 -0.402432
14.050000 -0.399910
14.060000 -0.397307
14.070000 -0.394623
14.080000 -0.391859
14.090000 -0.389017
14.100000 -0.386097
14.110000 -0.383101
14.120000 -0.380029
14.130000 -0.376882
14.140000 -0.373662
14.150000 -0.370371
14.160000 -0.367008
14.170000 -0.363575
14.180000 -0.360075
14.190000 -0.356507
14.200000 -0.352873
14.210000 -0.349175
14.220000 -0.345413
14.230000 -0.341591
14.240000 -0.337707
14.250000 -0.333765
14.260000 -0.329766
14.270000 -0.325711
14.280000 -0.321601
14.290000 -0.317439
14.300000 -0.313225
14.310000 -0.308962
14.320000 -0.304650
14.330000 -0.300292
14.340000 -0.295889
14.350000 -0.291442
14.360000 -0.286954
14.370000 -0.282425
14.380000 -0.277858
14.390000 -0.273254
14.400000 -0.268616
14.410000 -0.263943
14.420000 -0.259239
14.430000 -0.254505
14.440000 -0.249742
14.450000 -0.244953
14.460000 -0.240138
14.470000 -0.235301
14.480000 -0.230441
14.490000 -0.225562
14.500000 -0.220664
14.510000 -0.215750
14.520000 -0.210821
14.530000 -0.205879
14.540000 -0.200925
14.550000 -0.195962
14.560000 -0.190990
14.570000 -0.186012
14.580000 -0.181029
14.590000 -0.176043
14.600000 -0.171055
14.610000 -0.166067
14.620000 -0.161081
14.630000 -0.156099
14.640000 -0.151121
14.650000 -0.146149
14.660000 -0.141186
14.670000 -0.136232
14.680000 -0.131289
14.690000 -0.126358
14.700000 -0.121442
14.710000 -0.116541
14.720000 -0.111657
14.730000 -0.106791
14.740000 -0.101946
14.750000 -0.097121
14.760000 -0.092319
14.770000 -0.087541
14.780000 -0.082788
14.790000 -0.078062
14.800000 -0.073364
14.810000 -0.068694
14.820000 -0.064055
14.830000 -0.059448
14.840000 -0.054873
14.850000 -0.050332
14.860000 -0.045826
14.870000 -0.041356
14.880000 -0.036923
14.890000 -0.032528
14.900000 -0.028173
14.910000 -0.023858
14.920000 -0.019584
14.930000 -0.015352
14.940000 -0.011163
14.950000 -0.007018
14.960000 -0.002918
14.970000 0.001136
14.980000 0.005145
14.990000 0.009106
15.000000 0.013019
