-10.000000 -0.033692
-9.990000 -0.033745
-9.980000 -0.033797
-9.970000 -0.033847
-9.960000 -0.033895
-9.950000 -0.033941
-9.940000 -0.033985
-9.930000 -0.034027
-9.920000 -0.034068
-9.910000 -0.034108
-9.900000 -0.034145
-9.890000 -0.034182
-9.880000 -0.034217
-9.870000 -0.034250
-9.860000 -0.034282
-9.850000 -0.034313
-9.840000 -0.034343
-9.830000 -0.034372
-9.820000 -0.034400
-9.810000 -0.034426
-9.800000 -0.034452
-9.790000 -0.034476
-9.780000 -0.034500
-9.770000 -0.034523
-9.760000 -0.034546
-9.750000 -0.034567
-9.740000 -0.034588
-9.730000 -0.034608
-9.720000 -0.034628
-9.710000 -0.034647
-9.700000 -0.034666
-9.690000 -0.034684
-9.680000 -0.034703
-9.670000 -0.034720
-9.660000 -0.034738
-9.650000 -0.034755
-9.640000 -0.034772
-9.630000 -0.034789
-9.620000 -0.034806
-9.610000 -0.034823
-9.600000 -0.034840
-9.590000 -0.034857
-9.580000 -0.034874
-9.570000 -0.034892
-9.560000 -0.034909
-9.550000 -0.034927
-9.540000 -0.034945
-9.530000 -0.034964
-9.520000 -0.034983
-9.510000 -0.035002
-9.500000 -0.035022
-9.490000 -0.035042
-9.480000 -0.035063
-9.470000 -0.035084
-9.460000 -0.035106
-9.450000 -0.035128
-9.440000 -0.035152
-9.430000 -0.035175
-9.420000 -0.035200
-9.410000 -0.035226
-9.400000 -0.035252
-9.390000 -0.035279
-9.380000 -0.035307
-9.370000 -0.035336
-9.360000 -0.035366
-9.350000 -0.035397
-9.340000 -0.035429
-9.330000 -0.035461
-9.320000 -0.035495
-9.310000 -0.035530
-9.300000 -0.035566
-9.290000 -0.035603
-9.280000 -0.035642
-9.270000 -0.035681
-9.260000 -0.035722
-9.250000 -0.035764
-9.240000 -0.035807
-9.230000 -0.035851
-9.220000 -0.035896
-9.210000 -0.035943
-9.200000 -0.035991
-9.190000 -0.036041
-9.180000 -0.036092
-9.170000 -0.036144
-9.160000 -0.036197
-9.150000 -0.036252
-9.140000 -0.036308
-9.130000 -0.036365
-9.120000 -0.036424
-9.110000 -0.036484
-9.100000 -0.036546
-9.090000 -0.036609
-9.080000 -0.036673
-9.070000 -0.036739
-9.060000 -0.036806
-9.050000 -0.036875
-9.040000 -0.036945
-9.030000 -0.037016
-9.020000 -0.037089
-9.010000 -0.037163
-9.000000 -0.037239
-8.990000 -0.037316
-8.980000 -0.037394
-8.970000 -0.037474
-8.960000 -0.037555
-8.950000 -0.037638
-8.940000 -0.037722
-8.930000 -0.037807
-8.920000 -0.037893
-8.910000 -0.037981
-8.900000 -0.038070
-8.890000 -0.038161
-8.880000 -0.038252
-8.870000 -0.038345
-8.860000 -0.038439
-8.850000 -0.038535
-8.840000 -0.038631
-8.830000 -0.038729
-8.820000 -0.038828
-8.810000 -0.038927
-8.800000 -0.039028
-8.790000 -0.039130
-8.780000 -0.039234
-8.770000 -0.039338
-8.760000 -0.039443
-8.750000 -0.039549
-8.740000 -0.039655
-8.730000 -0.039763
-8.720000 -0.039872
-8.710000 -0.039981
-8.700000 -0.040091
-8.690000 -0.040201
-8.680000 -0.040313
-8.670000 -0.040425
-8.660000 -0.040537
-8.650000 -0.040650
-8.640000 -0.040764
-8.630000 -0.040878
-8.620000 -0.040992
-8.610000 -0.041106
-8.600000 -0.041221
-8.590000 -0.041336
-8.580000 -0.041451
-8.570000 -0.041566
-8.560000 -0.041681
-8.550000 -0.041797
-8.540000 -0.041911
-8.530000 -0.042026
-8.520000 -0.042141
-8.510000 -0.042255
-8.500000 -0.042369
-8.490000 -0.042482
-8.480000 -0.042594
-8.470000 -0.042706
-8.460000 -0.042817
-8.450000 -0.042928
-8.440000 -0.043037
-8.430000 -0.043146
-8.420000 -0.043253
-8.410000 -0.043359
-8.400000 -0.043464
-8.390000 -0.043568
-8.380000 -0.043670
-8.370000 -0.043770
-8.360000 -0.043869
-8.350000 -0.043966
-8.340000 -0.044061
-8.330000 -0.044154
-8.320000 -0.044244
-8.310000 -0.044333
-8.300000 -0.044419
-8.290000 -0.044503
-8.280000 -0.044584
-8.270000 -0.044662
-8.260000 -0.044737
-8.250000 -0.044810
-8.240000 -0.044879
-8.230000 -0.044945
-8.220000 -0.045007
-8.210000 -0.045066
-8.200000 -0.045121
-8.190000 -0.045172
-8.180000 -0.045219
-8.170000 -0.045262
-8.160000 -0.045301
-8.150000 -0.045335
-8.140000 -0.045365
-8.130000 -0.045389
-8.120000 -0.045409
-8.110000 -0.045423
-8.100000 -0.045432
-8.090000 -0.045436
-8.080000 -0.045433
-8.070000 -0.045425
-8.060000 -0.045411
-8.050000 -0.045390
-8.040000 -0.045363
-8.030000 -0.045329
-8.020000 -0.045288
-8.010000 -0.045240
-8.000000 -0.045185
-7.990000 -0.045122
-7.980000 -0.045052
-7.970000 -0.044973
-7.960000 -0.044887
-7.950000 -0.044791
-7.940000 -0.044688
-7.930000 -0.044575
-7.920000 -0.044453
-7.910000 -0.044322
-7.900000 -0.044181
-7.890000 -0.044031
-7.880000 -0.043870
-7.870000 -0.043699
-7.860000 -0.043517
-7.850000 -0.043324
-7.840000 -0.043121
-7.830000 -0.042905
-7.820000 -0.042678
-7.810000 -0.042440
-7.800000 -0.042188
-7.790000 -0.041925
-7.780000 -0.041648
-7.770000 -0.041359
-7.760000 -0.041055
-7.750000 -0.040739
-7.740000 -0.040408
-7.730000 -0.040063
-7.720000 -0.039703
-7.710000 -0.039328
-7.700000 -0.038938
-7.690000 -0.038533
-7.680000 -0.038111
-7.670000 -0.037674
-7.660000 -0.037219
-7.650000 -0.036748
-7.640000 -0.036260
-7.630000 -0.035754
-7.620000 -0.035230
-7.610000 -0.034687
-7.600000 -0.034126
-7.590000 -0.033546
-7.580000 -0.032947
-7.570000 -0.032328
-7.560000 -0.031689
-7.550000 -0.031029
-7.540000 -0.030349
-7.530000 -0.029647
-7.520000 -0.028924
-7.510000 -0.028179
-7.500000 -0.027411
-7.490000 -0.026621
-7.480000 -0.025807
-7.470000 -0.024970
-7.460000 -0.024109
-7.450000 -0.023224
-7.440000 -0.022314
-7.430000 -0.021379
-7.420000 -0.020418
-7.410000 -0.019431
-7.400000 -0.018418
-7.390000 -0.017379
-7.380000 -0.016312
-7.370000 -0.015217
-7.360000 -0.014095
-7.350000 -0.012944
-7.340000 -0.011764
-7.330000 -0.010556
-7.320000 -0.009317
-7.310000 -0.008049
-7.300000 -0.006750
-7.290000 -0.005420
-7.280000 -0.004058
-7.270000 -0.002666
-7.260000 -0.001241
-7.250000 0.000217
-7.240000 0.001707
-7.230000 0.003231
-7.220000 0.004788
-7.210000 0.006380
-7.200000 0.008006
-7.190000 0.009666
-7.180000 0.011363
-7.170000 0.013094
-7.160000 0.014862
-7.150000 0.016666
-7.140000 0.018507
-7.130000 0.020385
-7.120000 0.022301
-7.110000 0.024254
-7.100000 0.026245
-7.090000 0.028275
-7.080000 0.030344
-7.070000 0.032452
-7.060000 0.034599
-7.050000 0.036786
-7.040000 0.039013
-7.030000 0.041280
-7.020000 0.043588
-7.010000 0.045936
-7.000000 0.048326
-6.990000 0.050756
-6.980000 0.053228
-6.970000 0.055742
-6.960000 0.058298
-6.950000 0.060895
-6.940000 0.063535
-6.930000 0.066217
-6.920000 0.068941
-6.910000 0.071708
-6.900000 0.074517
-6.890000 0.077369
-6.880000 0.080264
-6.870000 0.083201
-6.860000 0.086182
-6.850000 0.089205
-6.840000 0.092270
-6.830000 0.095378
-6.820000 0.098529
-6.810000 0.101722
-6.800000 0.104958
-6.790000 0.108236
-6.780000 0.111556
-6.770000 0.114917
-6.760000 0.118320
-6.750000 0.121765
-6.740000 0.125250
-6.730000 0.128777
-6.720000 0.132344
-6.710000 0.135951
-6.700000 0.139597
-6.690000 0.143283
-6.680000 0.147008
-6.670000 0.150771
-6.660000 0.154572
-6.650000 0.158410
-6.640000 0.162285
-6.630000 0.166196
-6.620000 0.170143
-6.610000 0.174124
-6.600000 0.178140
-6.590000 0.182189
-6.580000 0.186270
-6.570000 0.190384
-6.560000 0.194528
-6.550000 0.198703
-6.540000 0.202907
-6.530000 0.207140
-6.520000 0.211399
-6.510000 0.215685
-6.500000 0.219997
-6.490000 0.224332
-6.480000 0.228691
-6.470000 0.233072
-6.460000 0.237474
-6.450000 0.241895
-6.440000 0.246335
-6.430000 0.250791
-6.420000 0.255264
-6.410000 0.259751
-6.400000 0.264250
-6.390000 0.268762
-6.380000 0.273283
-6.370000 0.277814
-6.360000 0.282351
-6.350000 0.286894
-6.340000 0.291441
-6.330000 0.295990
-6.320000 0.300540
-6.310000 0.305089
-6.300000 0.309635
-6.290000 0.314177
-6.280000 0.318713
-6.270000 0.323240
-6.260000 0.327758
-6.250000 0.332264
-6.240000 0.336757
-6.230000 0.341234
-6.220000 0.345693
-6.210000 0.350133
-6.200000 0.354552
-6.190000 0.358947
-6.180000 0.363316
-6.170000 0.367659
-6.160000 0.371971
-6.150000 0.376252
-6.140000 0.380499
-6.130000 0.384710
-6.120000 0.388883
-6.110000 0.393016
-6.100000 0.397106
-6.090000 0.401152
-6.080000 0.405151
-6.070000 0.409101
-6.060000 0.412999
-6.050000 0.416845
-6.040000 0.420634
-6.030000 0.424366
-6.020000 0.428037
-6.010000 0.431646
-6.000000 0.435190
-5.990000 0.438668
-5.980000 0.442076
-5.970000 0.445413
-5.960000 0.448676
-5.950000 0.451864
-5.940000 0.454973
-5.930000 0.458002
-5.920000 0.460949
-5.910000 0.463811
-5.900000 0.466586
-5.890000 0.469273
-5.880000 0.471868
-5.870000 0.474370
-5.860000 0.476777
-5.850000 0.479086
-5.840000 0.481296
-5.830000 0.483405
-5.820000 0.485410
-5.810000 0.487310
-5.800000 0.489103
-5.790000 0.490786
-5.780000 0.492359
-5.770000 0.493818
-5.760000 0.495163
-5.750000 0.496391
-5.740000 0.497501
-5.730000 0.498491
-5.720000 0.499360
-5.710000 0.500105
-5.700000 0.500726
-5.690000 0.501221
-5.680000 0.501588
-5.670000 0.501826
-5.660000 0.501934
-5.650000 0.501910
-5.640000 0.501753
-5.630000 0.501462
-5.620000 0.501036
-5.610000 0.500474
-5.600000 0.499774
-5.590000 0.498936
-5.580000 0.497959
-5.570000 0.496842
-5.560000 0.495584
-5.550000 0.494184
-5.540000 0.492643
-5.530000 0.490958
-5.520000 0.489131
-5.510000 0.487160
-5.500000 0.485044
-5.490000 0.482785
-5.480000 0.480381
-5.470000 0.477832
-5.460000 0.475138
-5.450000 0.472299
-5.440000 0.469316
-5.430000 0.466187
-5.420000 0.462915
-5.410000 0.459497
-5.400000 0.455936
-5.390000 0.452232
-5.380000 0.448384
-5.370000 0.444394
-5.360000 0.440262
-5.350000 0.435989
-5.340000 0.431576
-5.330000 0.427023
-5.320000 0.422331
-5.310000 0.417502
-5.300000 0.412537
-5.290000 0.407436
-5.280000 0.402200
-5.270000 0.396832
-5.260000 0.391332
-5.250000 0.385703
-5.240000 0.379944
-5.230000 0.374059
-5.220000 0.368048
-5.210000 0.361914
-5.200000 0.355657
-5.190000 0.349281
-5.180000 0.342786
-5.170000 0.336175
-5.160000 0.329450
-5.150000 0.322613
-5.140000 0.315666
-5.130000 0.308611
-5.120000 0.301451
-5.110000 0.294187
-5.100000 0.286823
-5.090000 0.279361
-5.080000 0.271802
-5.070000 0.264151
-5.060000 0.256408
-5.050000 0.248578
-5.040000 0.240662
-5.030000 0.232664
-5.020000 0.224586
-5.010000 0.216431
-5.000000 0.208202
-4.990000 0.199902
-4.980000 0.191533
-4.970000 0.183099
-4.960000 0.174603
-4.950000 0.166047
-4.940000 0.157435
-4.930000 0.148771
-4.920000 0.140056
-4.910000 0.131294
-4.900000 0.122489
-4.890000 0.113643
-4.880000 0.104760
-4.870000 0.095844
-4.860000 0.086896
-4.850000 0.077921
-4.840000 0.068921
-4.830000 0.059901
-4.820000 0.050863
-4.810000 0.041811
-4.800000 0.032747
-4.790000 0.023676
-4.780000 0.014601
-4.770000 0.005524
-4.760000 -0.003551
-4.750000 -0.012621
-4.740000 -0.021682
-4.730000 -0.030731
-4.720000 -0.039764
-4.710000 -0.048780
-4.700000 -0.057774
-4.690000 -0.066743
-4.680000 -0.075685
-4.670000 -0.084595
-4.660000 -0.093471
-4.650000 -0.102310
-4.640000 -0.111108
-4.630000 -0.119864
-4.620000 -0.128572
-4.610000 -0.137232
-4.600000 -0.145839
-4.590000 -0.154390
-4.580000 -0.162884
-4.570000 -0.171317
-4.560000 -0.179686
-4.550000 -0.187988
-4.540000 -0.196221
-4.530000 -0.204383
-4.520000 -0.212470
-4.510000 -0.220480
-4.500000 -0.228411
-4.490000 -0.236259
-4.480000 -0.244023
-4.470000 -0.251701
-4.460000 -0.259289
-4.450000 -0.266786
-4.440000 -0.274190
-4.430000 -0.281498
-4.420000 -0.288708
-4.410000 -0.295819
-4.400000 -0.302827
-4.390000 -0.309733
-4.380000 -0.316532
-4.370000 -0.323225
-4.360000 -0.329809
-4.350000 -0.336282
-4.340000 -0.342643
-4.330000 -0.348890
-4.320000 -0.355022
-4.310000 -0.361038
-4.300000 -0.366936
-4.290000 -0.372714
-4.280000 -0.378373
-4.270000 -0.383910
-4.260000 -0.389324
-4.250000 -0.394615
-4.240000 -0.399782
-4.230000 -0.404823
-4.220000 -0.409738
-4.210000 -0.414527
-4.200000 -0.419188
-4.190000 -0.423720
-4.180000 -0.428125
-4.170000 -0.432400
-4.160000 -0.436546
-4.150000 -0.440562
-4.140000 -0.444448
-4.130000 -0.448204
-4.120000 -0.451829
-4.110000 -0.455324
-4.100000 -0.458688
-4.090000 -0.461922
-4.080000 -0.465026
-4.070000 -0.468000
-4.060000 -0.470844
-4.050000 -0.473558
-4.040000 -0.476143
-4.030000 -0.478599
-4.020000 -0.480926
-4.010000 -0.483126
-4.000000 -0.485199
-3.990000 -0.487145
-3.980000 -0.488965
-3.970000 -0.490660
-3.960000 -0.492231
-3.950000 -0.493678
-3.940000 -0.495002
-3.930000 -0.496205
-3.920000 -0.497287
-3.910000 -0.498250
-3.900000 -0.499093
-3.890000 -0.499820
-3.880000 -0.500430
-3.870000 -0.500925
-3.860000 -0.501307
-3.850000 -0.501575
-3.840000 -0.501733
-3.830000 -0.501781
-3.820000 -0.501720
-3.810000 -0.501553
-3.800000 -0.501280
-3.790000 -0.500903
-3.780000 -0.500424
-3.770000 -0.499844
-3.760000 -0.499165
-3.750000 -0.498388
-3.740000 -0.497515
-3.730000 -0.496547
-3.720000 -0.495487
-3.710000 -0.494337
-3.700000 -0.493097
-3.690000 -0.491769
-3.680000 -0.490356
-3.670000 -0.488859
-3.660000 -0.487280
-3.650000 -0.485621
-3.640000 -0.483884
-3.630000 -0.482070
-3.620000 -0.480181
-3.610000 -0.478220
-3.600000 -0.476187
-3.590000 -0.474085
-3.580000 -0.471917
-3.570000 -0.469683
-3.560000 -0.467385
-3.550000 -0.465026
-3.540000 -0.462607
-3.530000 -0.460131
-3.520000 -0.457598
-3.510000 -0.455012
-3.500000 -0.452374
-3.490000 -0.449685
-3.480000 -0.446948
-3.470000 -0.444165
-3.460000 -0.441337
-3.450000 -0.438466
-3.440000 -0.435554
-3.430000 -0.432603
-3.420000 -0.429615
-3.410000 -0.426591
-3.400000 -0.423534
-3.390000 -0.420444
-3.380000 -0.417325
-3.370000 -0.414177
-3.360000 -0.411002
-3.350000 -0.407803
-3.340000 -0.404580
-3.330000 -0.401335
-3.320000 -0.398070
-3.310000 -0.394788
-3.300000 -0.391488
-3.290000 -0.388173
-3.280000 -0.384845
-3.270000 -0.381504
-3.260000 -0.378153
-3.250000 -0.374794
-3.240000 -0.371426
-3.230000 -0.368053
-3.220000 -0.364675
-3.210000 -0.361293
-3.200000 -0.357910
-3.190000 -0.354527
-3.180000 -0.351144
-3.170000 -0.347763
-3.160000 -0.344386
-3.150000 -0.341014
-3.140000 -0.337647
-3.130000 -0.334288
-3.120000 -0.330937
-3.110000 -0.327595
-3.100000 -0.324264
-3.090000 -0.320944
-3.080000 -0.317637
-3.070000 -0.314344
-3.060000 -0.311066
-3.050000 -0.307804
-3.040000 -0.304558
-3.030000 -0.301330
-3.020000 -0.298121
-3.010000 -0.294931
-3.000000 -0.291761
-2.990000 -0.288613
-2.980000 -0.285486
-2.970000 -0.282383
-2.960000 -0.279303
-2.950000 -0.276247
-2.940000 -0.273216
-2.930000 -0.270211
-2.920000 -0.267232
-2.910000 -0.264281
-2.900000 -0.261357
-2.890000 -0.258461
-2.880000 -0.255594
-2.870000 -0.252756
-2.860000 -0.249949
-2.850000 -0.247172
-2.840000 -0.244426
-2.830000 -0.241711
-2.820000 -0.239029
-2.810000 -0.236378
-2.800000 -0.233761
-2.790000 -0.231177
-2.780000 -0.228626
-2.770000 -0.226110
-2.760000 -0.223628
-2.750000 -0.221181
-2.740000 -0.218769
-2.730000 -0.216392
-2.720000 -0.214051
-2.710000 -0.211747
-2.700000 -0.209479
-2.690000 -0.207247
-2.680000 -0.205053
-2.670000 -0.202895
-2.660000 -0.200776
-2.650000 -0.198694
-2.640000 -0.196650
-2.630000 -0.194644
-2.620000 -0.192677
-2.610000 -0.190749
-2.600000 -0.188860
-2.590000 -0.187010
-2.580000 -0.185199
-2.570000 -0.183429
-2.560000 -0.181698
-2.550000 -0.180007
-2.540000 -0.178356
-2.530000 -0.176747
-2.520000 -0.175178
-2.510000 -0.173650
-2.500000 -0.172163
-2.490000 -0.170718
-2.480000 -0.169314
-2.470000 -0.167953
-2.460000 -0.166634
-2.450000 -0.165357
-2.440000 -0.164123
-2.430000 -0.162932
-2.420000 -0.161784
-2.410000 -0.160680
-2.400000 -0.159620
-2.390000 -0.158603
-2.380000 -0.157631
-2.370000 -0.156704
-2.360000 -0.155822
-2.350000 -0.154986
-2.340000 -0.154195
-2.330000 -0.153450
-2.320000 -0.152752
-2.310000 -0.152101
-2.300000 -0.151496
-2.290000 -0.150940
-2.280000 -0.150432
-2.270000 -0.149972
-2.260000 -0.149561
-2.250000 -0.149199
-2.240000 -0.148888
-2.230000 -0.148627
-2.220000 -0.148417
-2.210000 -0.148258
-2.200000 -0.148152
-2.190000 -0.148097
-2.180000 -0.148097
-2.170000 -0.148149
-2.160000 -0.148257
-2.150000 -0.148419
-2.140000 -0.148637
-2.130000 -0.148911
-2.120000 -0.149243
-2.110000 -0.149632
-2.100000 -0.150079
-2.090000 -0.150586
-2.080000 -0.151153
-2.070000 -0.151780
-2.060000 -0.152469
-2.050000 -0.153221
-2.040000 -0.154035
-2.030000 -0.154914
-2.020000 -0.155858
-2.010000 -0.156868
-2.000000 -0.157945
-1.990000 -0.159089
-1.980000 -0.160302
-1.970000 -0.161585
-1.960000 -0.162939
-1.950000 -0.164365
-1.940000 -0.165863
-1.930000 -0.167435
-1.920000 -0.169083
-1.910000 -0.170806
-1.900000 -0.172607
-1.890000 -0.174486
-1.880000 -0.176445
-1.870000 -0.178484
-1.860000 -0.180606
-1.850000 -0.182811
-1.840000 -0.185100
-1.830000 -0.187475
-1.820000 -0.189937
-1.810000 -0.192487
-1.800000 -0.195127
-1.790000 -0.197859
-1.780000 -0.200682
-1.770000 -0.203599
-1.760000 -0.206612
-1.750000 -0.209721
-1.740000 -0.212928
-1.730000 -0.216234
-1.720000 -0.219642
-1.710000 -0.223152
-1.700000 -0.226766
-1.690000 -0.230485
-1.680000 -0.234311
-1.670000 -0.238246
-1.660000 -0.242290
-1.650000 -0.246447
-1.640000 -0.250716
-1.630000 -0.255100
-1.620000 -0.259600
-1.610000 -0.264219
-1.600000 -0.268957
-1.590000 -0.273816
-1.580000 -0.278797
-1.570000 -0.283904
-1.560000 -0.289136
-1.550000 -0.294496
-1.540000 -0.299985
-1.530000 -0.305605
-1.520000 -0.311357
-1.510000 -0.317244
-1.500000 -0.323267
-1.490000 -0.329427
-1.480000 -0.335726
-1.470000 -0.342165
-1.460000 -0.348747
-1.450000 -0.355473
-1.440000 -0.362345
-1.430000 -0.369363
-1.420000 -0.376530
-1.410000 -0.383848
-1.400000 -0.391317
-1.390000 -0.398939
-1.380000 -0.406716
-1.370000 -0.414650
-1.360000 -0.422741
-1.350000 -0.430991
-1.340000 -0.439402
-1.330000 -0.447974
-1.320000 -0.456710
-1.310000 -0.465610
-1.300000 -0.474677
-1.290000 -0.483910
-1.280000 -0.493311
-1.270000 -0.502882
-1.260000 -0.512624
-1.250000 -0.522537
-1.240000 -0.532623
-1.230000 -0.542882
-1.220000 -0.553316
-1.210000 -0.563926
-1.200000 -0.574711
-1.190000 -0.585674
-1.180000 -0.596814
-1.170000 -0.608133
-1.160000 -0.619630
-1.150000 -0.631307
-1.140000 -0.643163
-1.130000 -0.655200
-1.120000 -0.667417
-1.110000 -0.679814
-1.100000 -0.692393
-1.090000 -0.705152
-1.080000 -0.718091
-1.070000 -0.731211
-1.060000 -0.744512
-1.050000 -0.757992
-1.040000 -0.771652
-1.030000 -0.785491
-1.020000 -0.799508
-1.010000 -0.813702
-1.000000 -0.828073
-0.990000 -0.842621
-0.980000 -0.857342
-0.970000 -0.872238
-0.960000 -0.887305
-0.950000 -0.902543
-0.940000 -0.917951
-0.930000 -0.933526
-0.920000 -0.949267
-0.910000 -0.965172
-0.900000 -0.981238
-0.890000 -0.997465
-0.880000 -1.013848
-0.870000 -1.030387
-0.860000 -1.047077
-0.850000 -1.063918
-0.840000 -1.080905
-0.830000 -1.098035
-0.820000 -1.115306
-0.810000 -1.132715
-0.800000 -1.150257
-0.790000 -1.167929
-0.780000 -1.185727
-0.770000 -1.203648
-0.760000 -1.221687
-0.750000 -1.239841
-0.740000 -1.258104
-0.730000 -1.276472
-0.720000 -1.294941
-0.710000 -1.313506
-0.700000 -1.332161
-0.690000 -1.350902
-0.680000 -1.369724
-0.670000 -1.388620
-0.660000 -1.407585
-0.650000 -1.426613
-0.640000 -1.445699
-0.630000 -1.464836
-0.620000 -1.484019
-0.610000 -1.503240
-0.600000 -1.522493
-0.590000 -1.541771
-0.580000 -1.561068
-0.570000 -1.580376
-0.560000 -1.599689
-0.550000 -1.618998
-0.540000 -1.638297
-0.530000 -1.657578
-0.520000 -1.676833
-0.510000 -1.696055
-0.500000 -1.715235
-0.490000 -1.734365
-0.480000 -1.753436
-0.470000 -1.772442
-0.460000 -1.791372
-0.450000 -1.810218
-0.440000 -1.828972
-0.430000 -1.847625
-0.420000 -1.866167
-0.410000 -1.884590
-0.400000 -1.902885
-0.390000 -1.921041
-0.380000 -1.939050
-0.370000 -1.956902
-0.360000 -1.974588
-0.350000 -1.992098
-0.340000 -2.009422
-0.330000 -2.026551
-0.320000 -2.043475
-0.310000 -2.060183
-0.300000 -2.076667
-0.290000 -2.092915
-0.280000 -2.108918
-0.270000 -2.124666
-0.260000 -2.140149
-0.250000 -2.155356
-0.240000 -2.170278
-0.230000 -2.184904
-0.220000 -2.199224
-0.210000 -2.213228
-0.200000 -2.226906
-0.190000 -2.240248
-0.180000 -2.253244
-0.170000 -2.265883
-0.160000 -2.278157
-0.150000 -2.290053
-0.140000 -2.301564
-0.130000 -2.312678
-0.120000 -2.323387
-0.110000 -2.333680
-0.100000 -2.343547
-0.090000 -2.352980
-0.080000 -2.361969
-0.070000 -2.370504
-0.060000 -2.378577
-0.050000 -2.386177
-0.040000 -2.393297
-0.030000 -2.399926
-0.020000 -2.406058
-0.010000 -2.411682
-0.000000 -2.416791
0.010000 -2.421376
0.020000 -2.425429
0.030000 -2.428943
0.040000 -2.431909
0.050000 -2.434320
0.060000 -2.436169
0.070000 -2.437449
0.080000 -2.438152
0.090000 -2.438273
0.100000 -2.437804
0.110000 -2.436739
0.120000 -2.435073
0.130000 -2.432799
0.140000 -2.429912
0.150000 -2.426407
0.160000 -2.422279
0.170000 -2.417523
0.180000 -2.412135
0.190000 -2.406110
0.200000 -2.399445
0.210000 -2.392135
0.220000 -2.384179
0.230000 -2.375572
0.240000 -2.366312
0.250000 -2.356397
0.260000 -2.345825
0.270000 -2.334593
0.280000 -2.322700
0.290000 -2.310146
0.300000 -2.296929
0.310000 -2.283050
0.320000 -2.268507
0.330000 -2.253300
0.340000 -2.237432
0.350000 -2.220902
0.360000 -2.203711
0.370000 -2.185862
0.380000 -2.167355
0.390000 -2.148194
0.400000 -2.128380
0.410000 -2.107918
0.420000 -2.086809
0.430000 -2.065058
0.440000 -2.042669
0.450000 -2.019645
0.460000 -1.995992
0.470000 -1.971715
0.480000 -1.946818
0.490000 -1.921308
0.500000 -1.895190
0.510000 -1.868471
0.520000 -1.841158
0.530000 -1.813257
0.540000 -1.784776
0.550000 -1.755723
0.560000 -1.726105
0.570000 -1.695931
0.580000 -1.665209
0.590000 -1.633949
0.600000 -1.602159
0.610000 -1.569849
0.620000 -1.537030
0.630000 -1.503710
0.640000 -1.469901
0.650000 -1.435612
0.660000 -1.400856
0.670000 -1.365644
0.680000 -1.329986
0.690000 -1.293894
0.700000 -1.257382
0.710000 -1.220460
0.720000 -1.183141
0.730000 -1.145438
0.740000 -1.107365
0.750000 -1.068933
0.760000 -1.030157
0.770000 -0.991050
0.780000 -0.951625
0.790000 -0.911897
0.800000 -0.871880
0.810000 -0.831588
0.820000 -0.791035
0.830000 -0.750236
0.840000 -0.709206
0.850000 -0.667960
0.860000 -0.626512
0.870000 -0.584877
0.880000 -0.543072
0.890000 -0.501110
0.900000 -0.459008
0.910000 -0.416780
0.920000 -0.374443
0.930000 -0.332012
0.940000 -0.289502
0.950000 -0.246930
0.960000 -0.204310
0.970000 -0.161659
0.980000 -0.118992
0.990000 -0.076325
1.000000 -0.033673
1.010000 0.008947
1.020000 0.051520
1.030000 0.094031
1.040000 0.136463
1.050000 0.178802
1.060000 0.221032
1.070000 0.263138
1.080000 0.305103
1.090000 0.346914
1.100000 0.388555
1.110000 0.430011
1.120000 0.471267
1.130000 0.512308
1.140000 0.553120
1.150000 0.593689
1.160000 0.634000
1.170000 0.674038
1.180000 0.713791
1.190000 0.753244
1.200000 0.792384
1.210000 0.831197
1.220000 0.869669
1.230000 0.907789
1.240000 0.945543
1.250000 0.982919
1.260000 1.019904
1.270000 1.056487
1.280000 1.092654
1.290000 1.128396
1.300000 1.163700
1.310000 1.198555
1.320000 1.232951
1.330000 1.266876
1.340000 1.300321
1.350000 1.333276
1.360000 1.365730
1.370000 1.397675
1.380000 1.429102
1.390000 1.460000
1.400000 1.490362
1.410000 1.520180
1.420000 1.549446
1.430000 1.578151
1.440000 1.606289
1.450000 1.633853
1.460000 1.660836
1.470000 1.687231
1.480000 1.713033
1.490000 1.738235
1.500000 1.762833
1.510000 1.786821
1.520000 1.810194
1.530000 1.832948
1.540000 1.855079
1.550000 1.876584
1.560000 1.897458
1.570000 1.917698
1.580000 1.937302
1.590000 1.956267
1.600000 1.974591
1.610000 1.992272
1.620000 2.009309
1.630000 2.025700
1.640000 2.041445
1.650000 2.056543
1.660000 2.070993
1.670000 2.084796
1.680000 2.097952
1.690000 2.110461
1.700000 2.122326
1.710000 2.133546
1.720000 2.144123
1.730000 2.154060
1.740000 2.163358
1.750000 2.172020
1.760000 2.180048
1.770000 2.187446
1.780000 2.194217
1.790000 2.200363
1.800000 2.205890
1.810000 2.210801
1.820000 2.215099
1.830000 2.218791
1.840000 2.221880
1.850000 2.224371
1.860000 2.226270
1.870000 2.227582
1.880000 2.228313
1.890000 2.228469
1.900000 2.228055
1.910000 2.227078
1.920000 2.225545
1.930000 2.223462
1.940000 2.220837
1.950000 2.217675
1.960000 2.213984
1.970000 2.209773
1.980000 2.205047
1.990000 2.199816
2.000000 2.194086
2.010000 2.187865
2.020000 2.181163
2.030000 2.173987
2.040000 2.166345
2.050000 2.158245
2.060000 2.149698
2.070000 2.140710
2.080000 2.131292
2.090000 2.121451
2.100000 2.111197
2.110000 2.100538
2.120000 2.089484
2.130000 2.078045
2.140000 2.066228
2.150000 2.054044
2.160000 2.041502
2.170000 2.028611
2.180000 2.015381
2.190000 2.001820
2.200000 1.987939
2.210000 1.973747
2.220000 1.959253
2.230000 1.944466
2.240000 1.929397
2.250000 1.914055
2.260000 1.898449
2.270000 1.882588
2.280000 1.866482
2.290000 1.850141
2.300000 1.833573
2.310000 1.816788
2.320000 1.799796
2.330000 1.782605
2.340000 1.765224
2.350000 1.747664
2.360000 1.729932
2.370000 1.712038
2.380000 1.693991
2.390000 1.675799
2.400000 1.657472
2.410000 1.639017
2.420000 1.620444
2.430000 1.601762
2.440000 1.582978
2.450000 1.564100
2.460000 1.545138
2.470000 1.526099
2.480000 1.506991
2.490000 1.487823
2.500000 1.468601
2.510000 1.449334
2.520000 1.430029
2.530000 1.410694
2.540000 1.391336
2.550000 1.371962
2.560000 1.352579
2.570000 1.333195
2.580000 1.313815
2.590000 1.294448
2.600000 1.275099
2.610000 1.255775
2.620000 1.236482
2.630000 1.217226
2.640000 1.198014
2.650000 1.178850
2.660000 1.159742
2.670000 1.140695
2.680000 1.121714
2.690000 1.102804
2.700000 1.083971
2.710000 1.065219
2.720000 1.046555
2.730000 1.027982
2.740000 1.009505
2.750000 0.991129
2.760000 0.972857
2.770000 0.954695
2.780000 0.936646
2.790000 0.918715
2.800000 0.900905
2.810000 0.883219
2.820000 0.865662
2.830000 0.848236
2.840000 0.830945
2.850000 0.813792
2.860000 0.796781
2.870000 0.779913
2.880000 0.763192
2.890000 0.746620
2.900000 0.730200
2.910000 0.713934
2.920000 0.697825
2.930000 0.681873
2.940000 0.666082
2.950000 0.650453
2.960000 0.634989
2.970000 0.619689
2.980000 0.604557
2.990000 0.589593
3.000000 0.574798
3.010000 0.560175
3.020000 0.545723
3.030000 0.531444
3.040000 0.517338
3.050000 0.503407
3.060000 0.489651
3.070000 0.476070
3.080000 0.462665
3.090000 0.449436
3.100000 0.436383
3.110000 0.423507
3.120000 0.410808
3.130000 0.398285
3.140000 0.385939
3.150000 0.373768
3.160000 0.361774
3.170000 0.349955
3.180000 0.338312
3.190000 0.326843
3.200000 0.315548
3.210000 0.304426
3.220000 0.293477
3.230000 0.282700
3.240000 0.272093
3.250000 0.261657
3.260000 0.251389
3.270000 0.241290
3.280000 0.231358
3.290000 0.221591
3.300000 0.211989
3.310000 0.202550
3.320000 0.193273
3.330000 0.184156
3.340000 0.175199
3.350000 0.166400
3.360000 0.157757
3.370000 0.149269
3.380000 0.140934
3.390000 0.132750
3.400000 0.124717
3.410000 0.116833
3.420000 0.109095
3.430000 0.101502
3.440000 0.094052
3.450000 0.086744
3.460000 0.079576
3.470000 0.072545
3.480000 0.065651
3.490000 0.058892
3.500000 0.052264
3.510000 0.045768
3.520000 0.039400
3.530000 0.033159
3.540000 0.027043
3.550000 0.021051
3.560000 0.015179
3.570000 0.009427
3.580000 0.003792
3.590000 -0.001728
3.600000 -0.007134
3.610000 -0.012428
3.620000 -0.017613
3.630000 -0.022690
3.640000 -0.027661
3.650000 -0.032529
3.660000 -0.037294
3.670000 -0.041960
3.680000 -0.046527
3.690000 -0.050998
3.700000 -0.055375
3.710000 -0.059660
3.720000 -0.063854
3.730000 -0.067959
3.740000 -0.071977
3.750000 -0.075911
3.760000 -0.079761
3.770000 -0.083530
3.780000 -0.087220
3.790000 -0.090831
3.800000 -0.094367
3.810000 -0.097829
3.820000 -0.101219
3.830000 -0.104537
3.840000 -0.107787
3.850000 -0.110970
3.860000 -0.114087
3.870000 -0.117141
3.880000 -0.120132
3.890000 -0.123063
3.900000 -0.125935
3.910000 -0.128749
3.920000 -0.131508
3.930000 -0.134213
3.940000 -0.136866
3.950000 -0.139467
3.960000 -0.142019
3.970000 -0.144524
3.980000 -0.146981
3.990000 -0.149394
4.000000 -0.151763
4.010000 -0.154090
4.020000 -0.156377
4.030000 -0.158624
4.040000 -0.160834
4.050000 -0.163007
4.060000 -0.165145
4.070000 -0.167249
4.080000 -0.169320
4.090000 -0.171361
4.100000 -0.173372
4.110000 -0.175354
4.120000 -0.177308
4.130000 -0.179237
4.140000 -0.181140
4.150000 -0.183020
4.160000 -0.184878
4.170000 -0.186714
4.180000 -0.188530
4.190000 -0.190327
4.200000 -0.192106
4.210000 -0.193869
4.220000 -0.195616
4.230000 -0.197348
4.240000 -0.199067
4.250000 -0.200773
4.260000 -0.202468
4.270000 -0.204152
4.280000 -0.205828
4.290000 -0.207495
4.300000 -0.209154
4.310000 -0.210808
4.320000 -0.212456
4.330000 -0.214099
4.340000 -0.215740
4.350000 -0.217377
4.360000 -0.219014
4.370000 -0.220649
4.380000 -0.222285
4.390000 -0.223922
4.400000 -0.225562
4.410000 -0.227204
4.420000 -0.228850
4.430000 -0.230501
4.440000 -0.232158
4.450000 -0.233820
4.460000 -0.235491
4.470000 -0.237169
4.480000 -0.238856
4.490000 -0.240553
4.500000 -0.242261
4.510000 -0.243980
4.520000 -0.245711
4.530000 -0.247455
4.540000 -0.249212
4.550000 -0.250984
4.560000 -0.252772
4.570000 -0.254575
4.580000 -0.256395
4.590000 -0.258233
4.600000 -0.260089
4.610000 -0.261964
4.620000 -0.263859
4.630000 -0.265774
4.640000 -0.267710
4.650000 -0.269668
4.660000 -0.271648
4.670000 -0.273652
4.680000 -0.275680
4.690000 -0.277732
4.700000 -0.279810
4.710000 -0.281913
4.720000 -0.284043
4.730000 -0.286200
4.740000 -0.288385
4.750000 -0.290599
4.760000 -0.292842
4.770000 -0.295114
4.780000 -0.297417
4.790000 -0.299751
4.800000 -0.302117
4.810000 -0.304514
4.820000 -0.306945
4.830000 -0.309409
4.840000 -0.311907
4.850000 -0.314439
4.860000 -0.317006
4.870000 -0.319609
4.880000 -0.322248
4.890000 -0.324924
4.900000 -0.327637
4.910000 -0.330387
4.920000 -0.333176
4.930000 -0.336003
4.940000 -0.338870
4.950000 -0.341776
4.960000 -0.344723
4.970000 -0.347709
4.980000 -0.350737
4.990000 -0.353806
5.000000 -0.356917
5.010000 -0.360070
5.020000 -0.363266
5.030000 -0.366505
5.040000 -0.369787
5.050000 -0.373113
5.060000 -0.376482
5.070000 -0.379896
5.080000 -0.383355
5.090000 -0.386858
5.100000 -0.390406
5.110000 -0.394000
5.120000 -0.397640
5.130000 -0.401325
5.140000 -0.405056
5.150000 -0.408834
5.160000 -0.412658
5.170000 -0.416528
5.180000 -0.420445
5.190000 -0.424409
5.200000 -0.428420
5.210000 -0.432477
5.220000 -0.436581
5.230000 -0.440732
5.240000 -0.444930
5.250000 -0.449174
5.260000 -0.453465
5.270000 -0.457803
5.280000 -0.462188
5.290000 -0.466618
5.300000 -0.471095
5.310000 -0.475618
5.320000 -0.480186
5.330000 -0.484799
5.340000 -0.489458
5.350000 -0.494162
5.360000 -0.498909
5.370000 -0.503701
5.380000 -0.508536
5.390000 -0.513414
5.400000 -0.518335
5.410000 -0.523297
5.420000 -0.528301
5.430000 -0.533345
5.440000 -0.538430
5.450000 -0.543553
5.460000 -0.548715
5.470000 -0.553915
5.480000 -0.559151
5.490000 -0.564424
5.500000 -0.569731
5.510000 -0.575073
5.520000 -0.580447
5.530000 -0.585853
5.540000 -0.591290
5.550000 -0.596757
5.560000 -0.602252
5.570000 -0.607773
5.580000 -0.613321
5.590000 -0.618892
5.600000 -0.624486
5.610000 -0.630102
5.620000 -0.635737
5.630000 -0.641390
5.640000 -0.647060
5.650000 -0.652744
5.660000 -0.658441
5.670000 -0.664148
5.680000 -0.669865
5.690000 -0.675589
5.700000 -0.681317
5.710000 -0.687049
5.720000 -0.692781
5.730000 -0.698511
5.740000 -0.704238
5.750000 -0.709957
5.760000 -0.715669
5.770000 -0.721368
5.780000 -0.727054
5.790000 -0.732723
5.800000 -0.738373
5.810000 -0.744001
5.820000 -0.749604
5.830000 -0.755179
5.840000 -0.760723
5.850000 -0.766233
5.860000 -0.771706
5.870000 -0.777138
5.880000 -0.782527
5.890000 -0.787869
5.900000 -0.793160
5.910000 -0.798398
5.920000 -0.803578
5.930000 -0.808698
5.940000 -0.813752
5.950000 -0.818738
5.960000 -0.823652
5.970000 -0.828489
5.980000 -0.833247
5.990000 -0.837920
6.000000 -0.842505
6.010000 -0.846998
6.020000 -0.851394
6.030000 -0.855689
6.040000 -0.859879
6.050000 -0.863960
6.060000 -0.867926
6.070000 -0.871774
6.080000 -0.875500
6.090000 -0.879098
6.100000 -0.882563
6.110000 -0.885892
6.120000 -0.889079
6.130000 -0.892120
6.140000 -0.895010
6.150000 -0.897743
6.160000 -0.900316
6.170000 -0.902723
6.180000 -0.904960
6.190000 -0.907021
6.200000 -0.908901
6.210000 -0.910595
6.220000 -0.912099
6.230000 -0.913406
6.240000 -0.914513
6.250000 -0.915414
6.260000 -0.916104
6.270000 -0.916578
6.280000 -0.916831
6.290000 -0.916857
6.300000 -0.916652
6.310000 -0.916211
6.320000 -0.915528
6.330000 -0.914598
6.340000 -0.913417
6.350000 -0.911979
6.360000 -0.910279
6.370000 -0.908314
6.380000 -0.906076
6.390000 -0.903563
6.400000 -0.900768
6.410000 -0.897687
6.420000 -0.894316
6.430000 -0.890650
6.440000 -0.886684
6.450000 -0.882414
6.460000 -0.877834
6.470000 -0.872942
6.480000 -0.867732
6.490000 -0.862201
6.500000 -0.856343
6.510000 -0.850156
6.520000 -0.843635
6.530000 -0.836776
6.540000 -0.829576
6.550000 -0.822032
6.560000 -0.814138
6.570000 -0.805893
6.580000 -0.797293
6.590000 -0.788334
6.600000 -0.779014
6.610000 -0.769331
6.620000 -0.759280
6.630000 -0.748860
6.640000 -0.738069
6.650000 -0.726903
6.660000 -0.715361
6.670000 -0.703441
6.680000 -0.691141
6.690000 -0.678460
6.700000 -0.665396
6.710000 -0.651948
6.720000 -0.638115
6.730000 -0.623896
6.740000 -0.609289
6.750000 -0.594296
6.760000 -0.578915
6.770000 -0.563147
6.780000 -0.546991
6.790000 -0.530448
6.800000 -0.513518
6.810000 -0.496202
6.820000 -0.478501
6.830000 -0.460416
6.840000 -0.441949
6.850000 -0.423101
6.860000 -0.403873
6.870000 -0.384269
6.880000 -0.364290
6.890000 -0.343939
6.900000 -0.323218
6.910000 -0.302130
6.920000 -0.280679
6.930000 -0.258868
6.940000 -0.236701
6.950000 -0.214181
6.960000 -0.191313
6.970000 -0.168102
6.980000 -0.144550
6.990000 -0.120664
7.000000 -0.096449
7.010000 -0.071910
7.020000 -0.047051
7.030000 -0.021880
7.040000 0.003598
7.050000 0.029376
7.060000 0.055450
7.070000 0.081810
7.080000 0.108451
7.090000 0.135366
7.100000 0.162548
7.110000 0.189987
7.120000 0.217678
7.130000 0.245612
7.140000 0.273781
7.150000 0.302176
7.160000 0.330789
7.170000 0.359610
7.180000 0.388632
7.190000 0.417845
7.200000 0.447239
7.210000 0.476805
7.220000 0.506534
7.230000 0.536415
7.240000 0.566438
7.250000 0.596593
7.260000 0.626870
7.270000 0.657258
7.280000 0.687746
7.290000 0.718324
7.300000 0.748981
7.310000 0.779705
7.320000 0.810486
7.330000 0.841312
7.340000 0.872171
7.350000 0.903053
7.360000 0.933945
7.370000 0.964836
7.380000 0.995713
7.390000 1.026566
7.400000 1.057382
7.410000 1.088148
7.420000 1.118854
7.430000 1.149487
7.440000 1.180034
7.450000 1.210483
7.460000 1.240823
7.470000 1.271041
7.480000 1.301124
7.490000 1.331061
7.500000 1.360839
7.510000 1.390446
7.520000 1.419870
7.530000 1.449098
7.540000 1.478119
7.550000 1.506919
7.560000 1.535488
7.570000 1.563813
7.580000 1.591883
7.590000 1.619684
7.600000 1.647207
7.610000 1.674438
7.620000 1.701366
7.630000 1.727980
7.640000 1.754269
7.650000 1.780220
7.660000 1.805824
7.670000 1.831068
7.680000 1.855943
7.690000 1.880437
7.700000 1.904539
7.710000 1.928241
7.720000 1.951530
7.730000 1.974398
7.740000 1.996834
7.750000 2.018829
7.760000 2.040372
7.770000 2.061456
7.780000 2.082071
7.790000 2.102207
7.800000 2.121857
7.810000 2.141012
7.820000 2.159664
7.830000 2.177804
7.840000 2.195426
7.850000 2.212521
7.860000 2.229083
7.870000 2.245104
7.880000 2.260578
7.890000 2.275499
7.900000 2.289860
7.910000 2.303655
7.920000 2.316879
7.930000 2.329527
7.940000 2.341593
7.950000 2.353073
7.960000 2.363962
7.970000 2.374256
7.980000 2.383952
7.990000 2.393045
8.000000 2.401532
8.010000 2.409411
8.020000 2.416678
8.030000 2.423332
8.040000 2.429370
8.050000 2.434791
8.060000 2.439592
8.070000 2.443773
8.080000 2.447333
8.090000 2.450272
8.100000 2.452588
8.110000 2.454283
8.120000 2.455356
8.130000 2.455809
8.140000 2.455642
8.150000 2.454856
8.160000 2.453453
8.170000 2.451435
8.180000 2.448804
8.190000 2.445563
8.200000 2.441714
8.210000 2.437260
8.220000 2.432204
8.230000 2.426551
8.240000 2.420303
8.250000 2.413466
8.260000 2.406044
8.270000 2.398040
8.280000 2.389461
8.290000 2.380312
8.300000 2.370597
8.310000 2.360323
8.320000 2.349495
8.330000 2.338120
8.340000 2.326205
8.350000 2.313755
8.360000 2.300779
8.370000 2.287282
8.380000 2.273273
8.390000 2.258758
8.400000 2.243746
8.410000 2.228245
8.420000 2.212263
8.430000 2.195807
8.440000 2.178887
8.450000 2.161512
8.460000 2.143690
8.470000 2.125430
8.480000 2.106741
8.490000 2.087634
8.500000 2.068116
8.510000 2.048199
8.520000 2.027891
8.530000 2.007202
8.540000 1.986143
8.550000 1.964724
8.560000 1.942955
8.570000 1.920845
8.580000 1.898406
8.590000 1.875649
8.600000 1.852582
8.610000 1.829218
8.620000 1.805567
8.630000 1.781639
8.640000 1.757446
8.650000 1.732997
8.660000 1.708305
8.670000 1.683380
8.680000 1.658232
8.690000 1.632874
8.700000 1.607315
8.710000 1.581567
8.720000 1.555640
8.730000 1.529546
8.740000 1.503295
8.750000 1.476898
8.760000 1.450367
8.770000 1.423711
8.780000 1.396942
8.790000 1.370071
8.800000 1.343107
8.810000 1.316063
8.820000 1.288947
8.830000 1.261771
8.840000 1.234545
8.850000 1.207280
8.860000 1.179985
8.870000 1.152671
8.880000 1.125347
8.890000 1.098025
8.900000 1.070712
8.910000 1.043420
8.920000 1.016158
8.930000 0.988935
8.940000 0.961760
8.950000 0.934643
8.960000 0.907593
8.970000 0.880619
8.980000 0.853730
8.990000 0.826933
9.000000 0.800239
9.010000 0.773654
9.020000 0.747188
9.030000 0.720849
9.040000 0.694643
9.050000 0.668580
9.060000 0.642666
9.070000 0.616909
9.080000 0.591316
9.090000 0.565895
9.100000 0.540651
9.110000 0.515592
9.120000 0.490725
9.130000 0.466055
9.140000 0.441589
9.150000 0.417333
9.160000 0.393292
9.170000 0.369472
9.180000 0.345879
9.190000 0.322518
9.200000 0.299394
9.210000 0.276512
9.220000 0.253876
9.230000 0.231491
9.240000 0.209361
9.250000 0.187491
9.260000 0.165884
9.270000 0.144545
9.280000 0.123476
9.290000 0.102681
9.300000 0.082163
9.310000 0.061926
9.320000 0.041972
9.330000 0.022303
9.340000 0.002923
9.350000 -0.016166
9.360000 -0.034963
9.370000 -0.053465
9.380000 -0.071671
9.390000 -0.089578
9.400000 -0.107186
9.410000 -0.124493
9.420000 -0.141499
9.430000 -0.158201
9.440000 -0.174600
9.450000 -0.190695
9.460000 -0.206485
9.470000 -0.221970
9.480000 -0.237149
9.490000 -0.252024
9.500000 -0.266594
9.510000 -0.280859
9.520000 -0.294819
9.530000 -0.308476
9.540000 -0.321830
9.550000 -0.334882
9.560000 -0.347632
9.570000 -0.360082
9.580000 -0.372234
9.590000 -0.384088
9.600000 -0.395645
9.610000 -0.406909
9.620000 -0.417879
9.630000 -0.428558
9.640000 -0.438949
9.650000 -0.449052
9.660000 -0.458870
9.670000 -0.468405
9.680000 -0.477660
9.690000 -0.486637
9.700000 -0.495338
9.710000 -0.503767
9.720000 -0.511924
9.730000 -0.519815
9.740000 -0.527440
9.750000 -0.534803
9.760000 -0.541908
9.770000 -0.548756
9.780000 -0.555352
9.790000 -0.561697
9.800000 -0.567796
9.810000 -0.573652
9.820000 -0.579267
9.830000 -0.584646
9.840000 -0.589791
9.850000 -0.594707
9.860000 -0.599396
9.870000 -0.603862
9.880000 -0.608109
9.890000 -0.612140
9.900000 -0.615958
9.910000 -0.619568
9.920000 -0.622973
9.930000 -0.626177
9.940000 -0.629183
9.950000 -0.631995
9.960000 -0.634617
9.970000 -0.637052
9.980000 -0.639305
9.990000 -0.641378
10.000000 -0.643276
10.010000 -0.645003
10.020000 -0.646561
10.030000 -0.647956
10.040000 -0.649190
10.050000 -0.650267
10.060000 -0.651192
10.070000 -0.651967
10.080000 -0.652596
10.090000 -0.653084
10.100000 -0.653433
10.110000 -0.653647
10.120000 -0.653731
10.130000 -0.653687
10.140000 -0.653519
10.150000 -0.653230
10.160000 -0.652825
10.170000 -0.652306
10.180000 -0.651677
10.190000 -0.650942
10.200000 -0.650103
10.210000 -0.649164
10.220000 -0.648129
10.230000 -0.647001
10.240000 -0.645783
10.250000 -0.644478
10.260000 -0.643089
10.270000 -0.641620
10.280000 -0.640073
10.290000 -0.638452
10.300000 -0.636760
10.310000 -0.634999
10.320000 -0.633173
10.330000 -0.631284
10.340000 -0.629335
10.350000 -0.627329
10.360000 -0.625269
10.370000 -0.623157
10.380000 -0.620997
10.390000 -0.618790
10.400000 -0.616539
10.410000 -0.614247
10.420000 -0.611916
10.430000 -0.609549
10.440000 -0.607147
10.450000 -0.604714
10.460000 -0.602252
10.470000 -0.599762
10.480000 -0.597247
10.490000 -0.594709
10.500000 -0.592150
10.510000 -0.589572
10.520000 -0.586977
10.530000 -0.584368
10.540000 -0.581745
10.550000 -0.579111
10.560000 -0.576467
10.570000 -0.573816
10.580000 -0.571158
10.590000 -0.568497
10.600000 -0.565832
10.610000 -0.563166
10.620000 -0.560501
10.630000 -0.557837
10.640000 -0.555176
10.650000 -0.552520
10.660000 -0.549870
10.670000 -0.547227
10.680000 -0.544592
10.690000 -0.541967
10.700000 -0.539352
10.710000 -0.536750
10.720000 -0.534160
10.730000 -0.531584
10.740000 -0.529024
10.750000 -0.526479
10.760000 -0.523951
10.770000 -0.521441
10.780000 -0.518949
10.790000 -0.516477
10.800000 -0.514025
10.810000 -0.511594
10.820000 -0.509185
10.830000 -0.506797
10.840000 -0.504433
10.850000 -0.502092
10.860000 -0.499775
10.870000 -0.497482
10.880000 -0.495215
10.890000 -0.492973
10.900000 -0.490757
10.910000 -0.488567
10.920000 -0.486404
10.930000 -0.484267
10.940000 -0.482159
10.950000 -0.480077
10.960000 -0.478024
10.970000 -0.475999
10.980000 -0.474002
10.990000 -0.472033
11.000000 -0.470093
11.010000 -0.468181
11.020000 -0.466299
11.030000 -0.464445
11.040000 -0.462620
11.050000 -0.460823
11.060000 -0.459056
11.070000 -0.457318
11.080000 -0.455608
11.090000 -0.453927
11.100000 -0.452275
11.110000 -0.450651
11.120000 -0.449055
11.130000 -0.447488
11.140000 -0.445948
11.150000 -0.444436
11.160000 -0.442952
11.170000 -0.441495
11.180000 -0.440065
11.190000 -0.438662
11.200000 -0.437286
11.210000 -0.435935
11.220000 -0.434610
11.230000 -0.433311
11.240000 -0.432037
11.250000 -0.430787
11.260000 -0.429561
11.270000 -0.428360
11.280000 -0.427181
11.290000 -0.426026
11.300000 -0.424893
11.310000 -0.423782
11.320000 -0.422692
11.330000 -0.421623
11.340000 -0.420574
11.350000 -0.419545
11.360000 -0.418536
11.370000 -0.417544
11.380000 -0.416571
11.390000 -0.415615
11.400000 -0.414676
11.410000 -0.413753
11.420000 -0.412845
11.430000 -0.411952
11.440000 -0.411073
11.450000 -0.410206
11.460000 -0.409353
11.470000 -0.408511
11.480000 -0.407680
11.490000 -0.406860
11.500000 -0.406049
11.510000 -0.405246
11.520000 -0.404451
11.530000 -0.403663
11.540000 -0.402882
11.550000 -0.402105
11.560000 -0.401333
11.570000 -0.400564
11.580000 -0.399798
11.590000 -0.399033
11.600000 -0.398269
11.610000 -0.397505
11.620000 -0.396740
11.630000 -0.395972
11.640000 -0.395202
11.650000 -0.394427
11.660000 -0.393646
11.670000 -0.392860
11.680000 -0.392066
11.690000 -0.391265
11.700000 -0.390453
11.710000 -0.389631
11.720000 -0.388798
11.730000 -0.387952
11.740000 -0.387092
11.750000 -0.386218
11.760000 -0.385327
11.770000 -0.384420
11.780000 -0.383494
11.790000 -0.382548
11.800000 -0.381582
11.810000 -0.380594
11.820000 -0.379584
11.830000 -0.378549
11.840000 -0.377489
11.850000 -0.376402
11.860000 -0.375287
11.870000 -0.374144
11.880000 -0.372970
11.890000 -0.371765
11.900000 -0.370527
11.910000 -0.369255
11.920000 -0.367948
11.930000 -0.366605
11.940000 -0.365224
11.950000 -0.363805
11.960000 -0.362345
11.970000 -0.360844
11.980000 -0.359300
11.990000 -0.357713
12.000000 -0.356080
12.010000 -0.354402
12.020000 -0.352675
12.030000 -0.350900
12.040000 -0.349076
12.050000 -0.347200
12.060000 -0.345271
12.070000 -0.343290
12.080000 -0.341253
12.090000 -0.339161
12.100000 -0.337011
12.110000 -0.334803
12.120000 -0.332536
12.130000 -0.330209
12.140000 -0.327820
12.150000 -0.325369
12.160000 -0.322853
12.170000 -0.320273
12.180000 -0.317628
12.190000 -0.314915
12.200000 -0.312135
12.210000 -0.309285
12.220000 -0.306367
12.230000 -0.303377
12.240000 -0.300316
12.250000 -0.297183
12.260000 -0.293977
12.270000 -0.290696
12.280000 -0.287341
12.290000 -0.283910
12.300000 -0.280403
12.310000 -0.276819
12.320000 -0.273158
12.330000 -0.269418
12.340000 -0.265600
12.350000 -0.261702
12.360000 -0.257725
12.370000 -0.253667
12.380000 -0.249529
12.390000 -0.245310
12.400000 -0.241009
12.410000 -0.236627
12.420000 -0.232163
12.430000 -0.227617
12.440000 -0.222989
12.450000 -0.218278
12.460000 -0.213485
12.470000 -0.208610
12.480000 -0.203653
12.490000 -0.198613
12.500000 -0.193491
12.510000 -0.188288
12.520000 -0.183003
12.530000 -0.177637
12.540000 -0.172190
12.550000 -0.166662
12.560000 -0.161054
12.570000 -0.155367
12.580000 -0.149602
12.590000 -0.143758
12.600000 -0.137836
12.610000 -0.131838
12.620000 -0.125764
12.630000 -0.119615
12.640000 -0.113392
12.650000 -0.107095
12.660000 -0.100727
12.670000 -0.094288
12.680000 -0.087779
12.690000 -0.081202
12.700000 -0.074557
12.710000 -0.067847
12.720000 -0.061072
12.730000 -0.054235
12.740000 -0.047336
12.750000 -0.040377
12.760000 -0.033360
12.770000 -0.026287
12.780000 -0.019159
12.790000 -0.011979
12.800000 -0.004747
12.810000 0.002533
12.820000 0.009861
12.830000 0.017233
12.840000 0.024648
12.850000 0.032104
12.860000 0.039599
12.870000 0.047129
12.880000 0.054694
12.890000 0.062290
12.900000 0.069915
12.910000 0.077567
12.920000 0.085242
12.930000 0.092940
12.940000 0.100656
12.950000 0.108389
12.960000 0.116136
12.970000 0.123893
12.980000 0.131659
12.990000 0.139431
13.000000 0.147204
13.010000 0.154978
13.020000 0.162749
13.030000 0.170513
13.040000 0.178269
13.050000 0.186012
13.060000 0.193741
13.070000 0.201451
13.080000 0.209141
13.090000 0.216806
13.100000 0.224445
13.110000 0.232053
13.120000 0.239627
13.130000 0.247165
13.140000 0.254664
13.150000 0.262119
13.160000 0.269529
13.170000 0.276889
13.180000 0.284197
13.190000 0.291450
13.200000 0.298644
13.210000 0.305777
13.220000 0.312844
13.230000 0.319844
13.240000 0.326772
13.250000 0.333627
13.260000 0.340404
13.270000 0.347100
13.280000 0.353713
13.290000 0.360240
13.300000 0.366677
13.310000 0.373022
13.320000 0.379271
13.330000 0.385422
13.340000 0.391472
13.350000 0.397418
13.360000 0.403257
13.370000 0.408986
13.380000 0.414603
13.390000 0.420105
13.400000 0.425489
13.410000 0.430752
13.420000 0.435893
13.430000 0.440908
13.440000 0.445796
13.450000 0.450553
13.460000 0.455178
13.470000 0.459668
13.480000 0.464021
13.490000 0.468235
13.500000 0.472307
13.510000 0.476236
13.520000 0.480019
13.530000 0.483656
13.540000 0.487143
13.550000 0.490480
13.560000 0.493664
13.570000 0.496694
13.580000 0.499569
13.590000 0.502286
13.600000 0.504845
13.610000 0.507244
13.620000 0.509482
13.630000 0.511558
13.640000 0.513471
13.650000 0.515220
13.660000 0.516804
13.670000 0.518221
13.680000 0.519473
13.690000 0.520557
13.700000 0.521473
13.710000 0.522221
13.720000 0.522800
13.730000 0.523210
13.740000 0.523452
13.750000 0.523523
13.760000 0.523426
13.770000 0.523159
13.780000 0.522724
13.790000 0.522119
13.800000 0.521345
13.810000 0.520404
13.820000 0.519295
13.830000 0.518018
13.840000 0.516576
13.850000 0.514967
13.860000 0.513194
13.870000 0.511256
13.880000 0.509156
13.890000 0.506894
13.900000 0.504471
13.910000 0.501888
13.920000 0.499148
13.930000 0.496250
13.940000 0.493197
13.950000 0.489991
13.960000 0.486632
13.970000 0.483123
13.980000 0.479466
13.990000 0.475662
14.000000 0.471713
14.010000 0.467621
14.020000 0.463388
14.030000 0.459017
14.040000 0.454510
14.050000 0.449868
14.060000 0.445095
14.070000 0.440192
14.080000 0.435162
14.090000 0.430008
14.100000 0.424732
14.110000 0.419336
14.120000 0.413824
14.130000 0.408198
14.140000 0.402461
14.150000 0.396616
14.160000 0.390665
14.170000 0.384611
14.180000 0.378458
14.190000 0.372208
14.200000 0.365865
14.210000 0.359431
14.220000 0.352909
14.230000 0.346303
14.240000 0.339616
14.250000 0.332850
14.260000 0.326010
14.270000 0.319097
14.280000 0.312116
14.290000 0.305070
14.300000 0.297962
14.310000 0.290795
14.320000 0.283572
14.330000 0.276297
14.340000 0.268973
14.350000 0.261604
14.360000 0.254192
14.370000 0.246741
14.380000 0.239254
14.390000 0.231734
14.400000 0.224186
14.410000 0.216611
14.420000 0.209014
14.430000 0.201397
14.440000 0.193763
14.450000 0.186117
14.460000 0.178461
14.470000 0.170799
14.480000 0.163132
14.490000 0.155466
14.500000 0.147802
14.510000 0.140144
14.520000 0.132495
14.530000 0.124858
14.540000 0.117235
14.550000 0.109630
14.560000 0.102047
14.570000 0.094486
14.580000 0.086952
14.590000 0.079448
14.600000 0.071975
14.610000 0.064537
14.620000 0.057136
14.630000 0.049776
14.640000 0.042458
14.650000 0.035185
14.660000 0.027959
14.670000 0.020784
14.680000 0.013661
14.690000 0.006593
14.700000 -0.000419
14.710000 -0.007371
14.720000 -0.014261
14.730000 -0.021089
14.740000 -0.027851
14.750000 -0.034545
14.760000 -0.041170
14.770000 -0.047723
14.780000 -0.054204
14.790000 -0.060609
14.800000 -0.066938
14.810000 -0.073188
14.820000 -0.079359
14.830000 -0.085449
14.840000 -0.091455
14.850000 -0.097378
14.860000 -0.103215
14.870000 -0.108965
14.880000 -0.114627
14.890000 -0.120200
14.900000 -0.125682
14.910000 -0.131074
14.920000 -0.136373
14.930000 -0.141579
14.940000 -0.146691
14.950000 -0.151708
14.960000 -0.156629
14.970000 -0.161455
14.980000 -0.166183
14.990000 -0.170815
15.000000 -0.175348
