1230.000000 -10.000000 0.001083
1230.000000 -9.990000 0.001109
1230.000000 -9.980000 0.001136
1230.000000 -9.970000 0.001162
1230.000000 -9.960000 0.001190
1230.000000 -9.950000 0.001217
1230.000000 -9.940000 0.001245
1230.000000 -9.930000 0.001273
1230.000000 -9.920000 0.001301
1230.000000 -9.910000 0.001330
1230.000000 -9.900000 0.001359
1230.000000 -9.890000 0.001388
1230.000000 -9.880000 0.001418
1230.000000 -9.870000 0.001447
1230.000000 -9.860000 0.001477
1230.000000 -9.850000 0.001508
1230.000000 -9.840000 0.001538
1230.000000 -9.830000 0.001569
1230.000000 -9.820000 0.001600
1230.000000 -9.810000 0.001632
1230.000000 -9.800000 0.001663
1230.000000 -9.790000 0.001695
1230.000000 -9.780000 0.001727
1230.000000 -9.770000 0.001759
1230.000000 -9.760000 0.001792
1230.000000 -9.750000 0.001825
1230.000000 -9.740000 0.001858
1230.000000 -9.730000 0.001891
1230.000000 -9.720000 0.001924
1230.000000 -9.710000 0.001958
1230.000000 -9.700000 0.001992
1230.000000 -9.690000 0.002026
1230.000000 -9.680000 0.002060
1230.000000 -9.670000 0.002094
1230.000000 -9.660000 0.002128
1230.000000 -9.650000 0.002163
1230.000000 -9.640000 0.002198
1230.000000 -9.630000 0.002233
1230.000000 -9.620000 0.002268
1230.000000 -9.610000 0.002303
1230.000000 -9.600000 0.002338
1230.000000 -9.590000 0.002374
1230.000000 -9.580000 0.002409
1230.000000 -9.570000 0.002445
1230.000000 -9.560000 0.002481
1230.000000 -9.550000 0.002517
1230.000000 -9.540000 0.002553
1230.000000 -9.530000 0.002589
1230.000000 -9.520000 0.002625
1230.000000 -9.510000 0.002661
1230.000000 -9.500000 0.002697
1230.000000 -9.490000 0.002733
1230.000000 -9.480000 0.002770
1230.000000 -9.470000 0.002806
1230.000000 -9.460000 0.002842
1230.000000 -9.450000 0.002879
1230.000000 -9.440000 0.002915
1230.000000 -9.430000 0.002952
1230.000000 -9.420000 0.002988
1230.000000 -9.410000 0.003025
1230.000000 -9.400000 0.003061
1230.000000 -9.390000 0.003097
1230.000000 -9.380000 0.003134
1230.000000 -9.370000 0.003170
1230.000000 -9.360000 0.003207
1230.000000 -9.350000 0.003243
1230.000000 -9.340000 0.003280
1230.000000 -9.330000 0.003316
1230.000000 -9.320000 0.003352
1230.000000 -9.310000 0.003389
1230.000000 -9.300000 0.003425
1230.000000 -9.290000 0.003461
1230.000000 -9.280000 0.003497
1230.000000 -9.270000 0.003534
1230.000000 -9.260000 0.003570
1230.000000 -9.250000 0.003606
1230.000000 -9.240000 0.003642
1230.000000 -9.230000 0.003678
1230.000000 -9.220000 0.003715
1230.000000 -9.210000 0.003751
1230.000000 -9.200000 0.003787
1230.000000 -9.190000 0.003823
1230.000000 -9.180000 0.003860
1230.000000 -9.170000 0.003896
1230.000000 -9.160000 0.003933
1230.000000 -9.150000 0.003969
1230.000000 -9.140000 0.004006
1230.000000 -9.130000 0.004042
1230.000000 -9.120000 0.004079
1230.000000 -9.110000 0.004116
1230.000000 -9.100000 0.004154
1230.000000 -9.090000 0.004191
1230.000000 -9.080000 0.004229
1230.000000 -9.070000 0.004267
1230.000000 -9.060000 0.004305
1230.000000 -9.050000 0.004344
1230.000000 -9.040000 0.004383
1230.000000 -9.030000 0.004422
1230.000000 -9.020000 0.004462
1230.000000 -9.010000 0.004502
1230.000000 -9.000000 0.004543
1230.000000 -8.990000 0.004585
1230.000000 -8.980000 0.004627
1230.000000 -8.970000 0.004670
1230.000000 -8.960000 0.004713
1230.000000 -8.950000 0.004758
1230.000000 -8.940000 0.004803
1230.000000 -8.930000 0.004849
1230.000000 -8.920000 0.004896
1230.000000 -8.910000 0.004945
1230.000000 -8.900000 0.004994
1230.000000 -8.890000 0.005045
1230.000000 -8.880000 0.005097
1230.000000 -8.870000 0.005150
1230.000000 -8.860000 0.005205
1230.000000 -8.850000 0.005262
1230.000000 -8.840000 0.005320
1230.000000 -8.830000 0.005380
1230.000000 -8.820000 0.005442
1230.000000 -8.810000 0.005506
1230.000000 -8.800000 0.005572
1230.000000 -8.790000 0.005640
1230.000000 -8.780000 0.005711
1230.000000 -8.770000 0.005784
1230.000000 -8.760000 0.005860
1230.000000 -8.750000 0.005939
1230.000000 -8.740000 0.006020
1230.000000 -8.730000 0.006105
1230.000000 -8.720000 0.006193
1230.000000 -8.710000 0.006284
1230.000000 -8.700000 0.006379
1230.000000 -8.690000 0.006477
1230.000000 -8.680000 0.006580
1230.000000 -8.670000 0.006686
1230.000000 -8.660000 0.006797
1230.000000 -8.650000 0.006912
1230.000000 -8.640000 0.007032
1230.000000 -8.630000 0.007156
1230.000000 -8.620000 0.007286
1230.000000 -8.610000 0.007421
1230.000000 -8.600000 0.007562
1230.000000 -8.590000 0.007708
1230.000000 -8.580000 0.007860
1230.000000 -8.570000 0.008018
1230.000000 -8.560000 0.008183
1230.000000 -8.550000 0.008354
1230.000000 -8.540000 0.008533
1230.000000 -8.530000 0.008718
1230.000000 -8.520000 0.008911
1230.000000 -8.510000 0.009112
1230.000000 -8.500000 0.009321
1230.000000 -8.490000 0.009538
1230.000000 -8.480000 0.009764
1230.000000 -8.470000 0.009998
1230.000000 -8.460000 0.010242
1230.000000 -8.450000 0.010495
1230.000000 -8.440000 0.010758
1230.000000 -8.430000 0.011031
1230.000000 -8.420000 0.011315
1230.000000 -8.410000 0.011609
1230.000000 -8.400000 0.011915
1230.000000 -8.390000 0.012232
1230.000000 -8.380000 0.012561
1230.000000 -8.370000 0.012902
1230.000000 -8.360000 0.013255
1230.000000 -8.350000 0.013621
1230.000000 -8.340000 0.014001
1230.000000 -8.330000 0.014394
1230.000000 -8.320000 0.014802
1230.000000 -8.310000 0.015224
1230.000000 -8.300000 0.015660
1230.000000 -8.290000 0.016112
1230.000000 -8.280000 0.016579
1230.000000 -8.270000 0.017062
1230.000000 -8.260000 0.017562
1230.000000 -8.250000 0.018078
1230.000000 -8.240000 0.018612
1230.000000 -8.230000 0.019163
1230.000000 -8.220000 0.019732
1230.000000 -8.210000 0.020320
1230.000000 -8.200000 0.020927
1230.000000 -8.190000 0.021553
1230.000000 -8.180000 0.022198
1230.000000 -8.170000 0.022864
1230.000000 -8.160000 0.023550
1230.000000 -8.150000 0.024257
1230.000000 -8.140000 0.024986
1230.000000 -8.130000 0.025736
1230.000000 -8.120000 0.026509
1230.000000 -8.110000 0.027305
1230.000000 -8.100000 0.028123
1230.000000 -8.090000 0.028965
1230.000000 -8.080000 0.029831
1230.000000 -8.070000 0.030722
1230.000000 -8.060000 0.031637
1230.000000 -8.050000 0.032578
1230.000000 -8.040000 0.033544
1230.000000 -8.030000 0.034536
1230.000000 -8.020000 0.035555
1230.000000 -8.010000 0.036600
1230.000000 -8.000000 0.037673
1230.000000 -7.990000 0.038773
1230.000000 -7.980000 0.039901
1230.000000 -7.970000 0.041058
1230.000000 -7.960000 0.042243
1230.000000 -7.950000 0.043457
1230.000000 -7.940000 0.044701
1230.000000 -7.930000 0.045974
1230.000000 -7.920000 0.047278
1230.000000 -7.910000 0.048612
1230.000000 -7.900000 0.049977
1230.000000 -7.890000 0.051372
1230.000000 -7.880000 0.052799
1230.000000 -7.870000 0.054258
1230.000000 -7.860000 0.055748
1230.000000 -7.850000 0.057271
1230.000000 -7.840000 0.058825
1230.000000 -7.830000 0.060412
1230.000000 -7.820000 0.062032
1230.000000 -7.810000 0.063685
1230.000000 -7.800000 0.065371
1230.000000 -7.790000 0.067090
1230.000000 -7.780000 0.068842
1230.000000 -7.770000 0.070628
1230.000000 -7.760000 0.072447
1230.000000 -7.750000 0.074300
1230.000000 -7.740000 0.076186
1230.000000 -7.730000 0.078106
1230.000000 -7.720000 0.080060
1230.000000 -7.710000 0.082047
1230.000000 -7.700000 0.084069
1230.000000 -7.690000 0.086123
1230.000000 -7.680000 0.088212
1230.000000 -7.670000 0.090333
1230.000000 -7.660000 0.092488
1230.000000 -7.650000 0.094676
1230.000000 -7.640000 0.096897
1230.000000 -7.630000 0.099150
1230.000000 -7.620000 0.101437
1230.000000 -7.610000 0.103755
1230.000000 -7.600000 0.106105
1230.000000 -7.590000 0.108487
1230.000000 -7.580000 0.110900
1230.000000 -7.570000 0.113344
1230.000000 -7.560000 0.115818
1230.000000 -7.550000 0.118323
1230.000000 -7.540000 0.120857
1230.000000 -7.530000 0.123420
1230.000000 -7.520000 0.126011
1230.000000 -7.510000 0.128631
1230.000000 -7.500000 0.131278
1230.000000 -7.490000 0.133952
1230.000000 -7.480000 0.136652
1230.000000 -7.470000 0.139377
1230.000000 -7.460000 0.142128
1230.000000 -7.450000 0.144902
1230.000000 -7.440000 0.147699
1230.000000 -7.430000 0.150519
1230.000000 -7.420000 0.153360
1230.000000 -7.410000 0.156222
1230.000000 -7.400000 0.159104
1230.000000 -7.390000 0.162005
1230.000000 -7.380000 0.164923
1230.000000 -7.370000 0.167859
1230.000000 -7.360000 0.170810
1230.000000 -7.350000 0.173776
1230.000000 -7.340000 0.176756
1230.000000 -7.330000 0.179748
1230.000000 -7.320000 0.182751
1230.000000 -7.310000 0.185765
1230.000000 -7.300000 0.188788
1230.000000 -7.290000 0.191819
1230.000000 -7.280000 0.194856
1230.000000 -7.270000 0.197898
1230.000000 -7.260000 0.200944
1230.000000 -7.250000 0.203993
1230.000000 -7.240000 0.207042
1230.000000 -7.230000 0.210092
1230.000000 -7.220000 0.213139
1230.000000 -7.210000 0.216184
1230.000000 -7.200000 0.219224
1230.000000 -7.190000 0.222257
1230.000000 -7.180000 0.225283
1230.000000 -7.170000 0.228300
1230.000000 -7.160000 0.231306
1230.000000 -7.150000 0.234300
1230.000000 -7.140000 0.237283
1230.000000 -7.130000 0.240260
1230.000000 -7.120000 0.243228
1230.000000 -7.110000 0.246187
1230.000000 -7.100000 0.249134
1230.000000 -7.090000 0.252069
1230.000000 -7.080000 0.254990
1230.000000 -7.070000 0.257896
1230.000000 -7.060000 0.260786
1230.000000 -7.050000 0.263657
1230.000000 -7.040000 0.266508
1230.000000 -7.030000 0.269339
1230.000000 -7.020000 0.272147
1230.000000 -7.010000 0.274931
1230.000000 -7.000000 0.277689
1230.000000 -6.990000 0.280421
1230.000000 -6.980000 0.283124
1230.000000 -6.970000 0.285797
1230.000000 -6.960000 0.288439
1230.000000 -6.950000 0.291047
1230.000000 -6.940000 0.293621
1230.000000 -6.930000 0.296159
1230.000000 -6.920000 0.298660
1230.000000 -6.910000 0.301121
1230.000000 -6.900000 0.303541
1230.000000 -6.890000 0.305919
1230.000000 -6.880000 0.308254
1230.000000 -6.870000 0.310543
1230.000000 -6.860000 0.312785
1230.000000 -6.850000 0.314979
1230.000000 -6.840000 0.317123
1230.000000 -6.830000 0.319215
1230.000000 -6.820000 0.321255
1230.000000 -6.810000 0.323240
1230.000000 -6.800000 0.325169
1230.000000 -6.790000 0.327041
1230.000000 -6.780000 0.328854
1230.000000 -6.770000 0.330606
1230.000000 -6.760000 0.332297
1230.000000 -6.750000 0.333925
1230.000000 -6.740000 0.335488
1230.000000 -6.730000 0.336985
1230.000000 -6.720000 0.338414
1230.000000 -6.710000 0.339775
1230.000000 -6.700000 0.341066
1230.000000 -6.690000 0.342286
1230.000000 -6.680000 0.343432
1230.000000 -6.670000 0.344505
1230.000000 -6.660000 0.345503
1230.000000 -6.650000 0.346425
1230.000000 -6.640000 0.347269
1230.000000 -6.630000 0.348034
1230.000000 -6.620000 0.348719
1230.000000 -6.610000 0.349323
1230.000000 -6.600000 0.349846
1230.000000 -6.590000 0.350285
1230.000000 -6.580000 0.350640
1230.000000 -6.570000 0.350911
1230.000000 -6.560000 0.351095
1230.000000 -6.550000 0.351192
1230.000000 -6.540000 0.351202
1230.000000 -6.530000 0.351123
1230.000000 -6.520000 0.350954
1230.000000 -6.510000 0.350696
1230.000000 -6.500000 0.350347
1230.000000 -6.490000 0.349906
1230.000000 -6.480000 0.349373
1230.000000 -6.470000 0.348748
1230.000000 -6.460000 0.348029
1230.000000 -6.450000 0.347216
1230.000000 -6.440000 0.346309
1230.000000 -6.430000 0.345308
1230.000000 -6.420000 0.344211
1230.000000 -6.410000 0.343019
1230.000000 -6.400000 0.341732
1230.000000 -6.390000 0.340349
1230.000000 -6.380000 0.338869
1230.000000 -6.370000 0.337294
1230.000000 -6.360000 0.335622
1230.000000 -6.350000 0.333854
1230.000000 -6.340000 0.331989
1230.000000 -6.330000 0.330029
1230.000000 -6.320000 0.327972
1230.000000 -6.310000 0.325819
1230.000000 -6.300000 0.323570
1230.000000 -6.290000 0.321226
1230.000000 -6.280000 0.318787
1230.000000 -6.270000 0.316252
1230.000000 -6.260000 0.313623
1230.000000 -6.250000 0.310901
1230.000000 -6.240000 0.308084
1230.000000 -6.230000 0.305175
1230.000000 -6.220000 0.302173
1230.000000 -6.210000 0.299079
1230.000000 -6.200000 0.295894
1230.000000 -6.190000 0.292619
1230.000000 -6.180000 0.289254
1230.000000 -6.170000 0.285801
1230.000000 -6.160000 0.282260
1230.000000 -6.150000 0.278632
1230.000000 -6.140000 0.274918
1230.000000 -6.130000 0.271119
1230.000000 -6.120000 0.267236
1230.000000 -6.110000 0.263271
1230.000000 -6.100000 0.259224
1230.000000 -6.090000 0.255096
1230.000000 -6.080000 0.250890
1230.000000 -6.070000 0.246606
1230.000000 -6.060000 0.242245
1230.000000 -6.050000 0.237809
1230.000000 -6.040000 0.233300
1230.000000 -6.030000 0.228719
1230.000000 -6.020000 0.224066
1230.000000 -6.010000 0.219345
1230.000000 -6.000000 0.214556
1230.000000 -5.990000 0.209701
1230.000000 -5.980000 0.204782
1230.000000 -5.970000 0.199800
1230.000000 -5.960000 0.194757
1230.000000 -5.950000 0.189655
1230.000000 -5.940000 0.184495
1230.000000 -5.930000 0.179280
1230.000000 -5.920000 0.174011
1230.000000 -5.910000 0.168691
1230.000000 -5.900000 0.163320
1230.000000 -5.890000 0.157901
1230.000000 -5.880000 0.152436
1230.000000 -5.870000 0.146927
1230.000000 -5.860000 0.141376
1230.000000 -5.850000 0.135785
1230.000000 -5.840000 0.130155
1230.000000 -5.830000 0.124490
1230.000000 -5.820000 0.118790
1230.000000 -5.810000 0.113059
1230.000000 -5.800000 0.107298
1230.000000 -5.790000 0.101509
1230.000000 -5.780000 0.095694
1230.000000 -5.770000 0.089857
1230.000000 -5.760000 0.083998
1230.000000 -5.750000 0.078120
1230.000000 -5.740000 0.072225
1230.000000 -5.730000 0.066315
1230.000000 -5.720000 0.060393
1230.000000 -5.710000 0.054460
1230.000000 -5.700000 0.048519
1230.000000 -5.690000 0.042572
1230.000000 -5.680000 0.036622
1230.000000 -5.670000 0.030670
1230.000000 -5.660000 0.024718
1230.000000 -5.650000 0.018769
1230.000000 -5.640000 0.012825
1230.000000 -5.630000 0.006888
1230.000000 -5.620000 0.000960
1230.000000 -5.610000 -0.004956
1230.000000 -5.600000 -0.010859
1230.000000 -5.590000 -0.016746
1230.000000 -5.580000 -0.022615
1230.000000 -5.570000 -0.028465
1230.000000 -5.560000 -0.034293
1230.000000 -5.550000 -0.040096
1230.000000 -5.540000 -0.045874
1230.000000 -5.530000 -0.051624
1230.000000 -5.520000 -0.057343
1230.000000 -5.510000 -0.063031
1230.000000 -5.500000 -0.068684
1230.000000 -5.490000 -0.074302
1230.000000 -5.480000 -0.079882
1230.000000 -5.470000 -0.085422
1230.000000 -5.460000 -0.090920
1230.000000 -5.450000 -0.096375
1230.000000 -5.440000 -0.101785
1230.000000 -5.430000 -0.107147
1230.000000 -5.420000 -0.112461
1230.000000 -5.410000 -0.117725
1230.000000 -5.400000 -0.122936
1230.000000 -5.390000 -0.128094
1230.000000 -5.380000 -0.133196
1230.000000 -5.370000 -0.138242
1230.000000 -5.360000 -0.143229
1230.000000 -5.350000 -0.148155
1230.000000 -5.340000 -0.153021
1230.000000 -5.330000 -0.157823
1230.000000 -5.320000 -0.162562
1230.000000 -5.310000 -0.167234
1230.000000 -5.300000 -0.171840
1230.000000 -5.290000 -0.176377
1230.000000 -5.280000 -0.180845
1230.000000 -5.270000 -0.185243
1230.000000 -5.260000 -0.189569
1230.000000 -5.250000 -0.193822
1230.000000 -5.240000 -0.198000
1230.000000 -5.230000 -0.202104
1230.000000 -5.220000 -0.206133
1230.000000 -5.210000 -0.210084
1230.000000 -5.200000 -0.213957
1230.000000 -5.190000 -0.217752
1230.000000 -5.180000 -0.221468
1230.000000 -5.170000 -0.225104
1230.000000 -5.160000 -0.228658
1230.000000 -5.150000 -0.232131
1230.000000 -5.140000 -0.235523
1230.000000 -5.130000 -0.238831
1230.000000 -5.120000 -0.242056
1230.000000 -5.110000 -0.245198
1230.000000 -5.100000 -0.248255
1230.000000 -5.090000 -0.251228
1230.000000 -5.080000 -0.254116
1230.000000 -5.070000 -0.256918
1230.000000 -5.060000 -0.259636
1230.000000 -5.050000 -0.262267
1230.000000 -5.040000 -0.264813
1230.000000 -5.030000 -0.267273
1230.000000 -5.020000 -0.269646
1230.000000 -5.010000 -0.271934
1230.000000 -5.000000 -0.274135
1230.000000 -4.990000 -0.276250
1230.000000 -4.980000 -0.278279
1230.000000 -4.970000 -0.280222
1230.000000 -4.960000 -0.282080
1230.000000 -4.950000 -0.283852
1230.000000 -4.940000 -0.285538
1230.000000 -4.930000 -0.287139
1230.000000 -4.920000 -0.288656
1230.000000 -4.910000 -0.290088
1230.000000 -4.900000 -0.291437
1230.000000 -4.890000 -0.292701
1230.000000 -4.880000 -0.293883
1230.000000 -4.870000 -0.294982
1230.000000 -4.860000 -0.295999
1230.000000 -4.850000 -0.296934
1230.000000 -4.840000 -0.297788
1230.000000 -4.830000 -0.298562
1230.000000 -4.820000 -0.299257
1230.000000 -4.810000 -0.299872
1230.000000 -4.800000 -0.300409
1230.000000 -4.790000 -0.300869
1230.000000 -4.780000 -0.301252
1230.000000 -4.770000 -0.301559
1230.000000 -4.760000 -0.301791
1230.000000 -4.750000 -0.301949
1230.000000 -4.740000 -0.302033
1230.000000 -4.730000 -0.302045
1230.000000 -4.720000 -0.301986
1230.000000 -4.710000 -0.301856
1230.000000 -4.700000 -0.301656
1230.000000 -4.690000 -0.301388
1230.000000 -4.680000 -0.301053
1230.000000 -4.670000 -0.300650
1230.000000 -4.660000 -0.300183
1230.000000 -4.650000 -0.299651
1230.000000 -4.640000 -0.299055
1230.000000 -4.630000 -0.298398
1230.000000 -4.620000 -0.297679
1230.000000 -4.610000 -0.296901
1230.000000 -4.600000 -0.296063
1230.000000 -4.590000 -0.295168
1230.000000 -4.580000 -0.294217
1230.000000 -4.570000 -0.293210
1230.000000 -4.560000 -0.292149
1230.000000 -4.550000 -0.291035
1230.000000 -4.540000 -0.289870
1230.000000 -4.530000 -0.288654
1230.000000 -4.520000 -0.287388
1230.000000 -4.510000 -0.286075
1230.000000 -4.500000 -0.284715
1230.000000 -4.490000 -0.283309
1230.000000 -4.480000 -0.281859
1230.000000 -4.470000 -0.280365
1230.000000 -4.460000 -0.278830
1230.000000 -4.450000 -0.277254
1230.000000 -4.440000 -0.275638
1230.000000 -4.430000 -0.273984
1230.000000 -4.420000 -0.272294
1230.000000 -4.410000 -0.270567
1230.000000 -4.400000 -0.268806
1230.000000 -4.390000 -0.267012
1230.000000 -4.380000 -0.265185
1230.000000 -4.370000 -0.263328
1230.000000 -4.360000 -0.261441
1230.000000 -4.350000 -0.259525
1230.000000 -4.340000 -0.257582
1230.000000 -4.330000 -0.255613
1230.000000 -4.320000 -0.253619
1230.000000 -4.310000 -0.251602
1230.000000 -4.300000 -0.249561
1230.000000 -4.290000 -0.247500
1230.000000 -4.280000 -0.245417
1230.000000 -4.270000 -0.243316
1230.000000 -4.260000 -0.241196
1230.000000 -4.250000 -0.239060
1230.000000 -4.240000 -0.236907
1230.000000 -4.230000 -0.234740
1230.000000 -4.220000 -0.232559
1230.000000 -4.210000 -0.230365
1230.000000 -4.200000 -0.228159
1230.000000 -4.190000 -0.225943
1230.000000 -4.180000 -0.223717
1230.000000 -4.170000 -0.221482
1230.000000 -4.160000 -0.219239
1230.000000 -4.150000 -0.216990
1230.000000 -4.140000 -0.214735
1230.000000 -4.130000 -0.212475
1230.000000 -4.120000 -0.210210
1230.000000 -4.110000 -0.207943
1230.000000 -4.100000 -0.205673
1230.000000 -4.090000 -0.203402
1230.000000 -4.080000 -0.201130
1230.000000 -4.070000 -0.198859
1230.000000 -4.060000 -0.196588
1230.000000 -4.050000 -0.194319
1230.000000 -4.040000 -0.192053
1230.000000 -4.030000 -0.189790
1230.000000 -4.020000 -0.187530
1230.000000 -4.010000 -0.185276
1230.000000 -4.000000 -0.183027
1230.000000 -3.990000 -0.180784
1230.000000 -3.980000 -0.178547
1230.000000 -3.970000 -0.176318
1230.000000 -3.960000 -0.174097
1230.000000 -3.950000 -0.171884
1230.000000 -3.940000 -0.169681
1230.000000 -3.930000 -0.167487
1230.000000 -3.920000 -0.165303
1230.000000 -3.910000 -0.163129
1230.000000 -3.900000 -0.160967
1230.000000 -3.890000 -0.158816
1230.000000 -3.880000 -0.156677
1230.000000 -3.870000 -0.154551
1230.000000 -3.860000 -0.152438
1230.000000 -3.850000 -0.150338
1230.000000 -3.840000 -0.148251
1230.000000 -3.830000 -0.146179
1230.000000 -3.820000 -0.144120
1230.000000 -3.810000 -0.142077
1230.000000 -3.800000 -0.140048
1230.000000 -3.790000 -0.138035
1230.000000 -3.780000 -0.136037
1230.000000 -3.770000 -0.134054
1230.000000 -3.760000 -0.132088
1230.000000 -3.750000 -0.130138
1230.000000 -3.740000 -0.128204
1230.000000 -3.730000 -0.126286
1230.000000 -3.720000 -0.124385
1230.000000 -3.710000 -0.122501
1230.000000 -3.700000 -0.120634
1230.000000 -3.690000 -0.118783
1230.000000 -3.680000 -0.116950
1230.000000 -3.670000 -0.115134
1230.000000 -3.660000 -0.113335
1230.000000 -3.650000 -0.111553
1230.000000 -3.640000 -0.109788
1230.000000 -3.630000 -0.108041
1230.000000 -3.620000 -0.106310
1230.000000 -3.610000 -0.104597
1230.000000 -3.600000 -0.102901
1230.000000 -3.590000 -0.101222
1230.000000 -3.580000 -0.099560
1230.000000 -3.570000 -0.097914
1230.000000 -3.560000 -0.096286
1230.000000 -3.550000 -0.094674
1230.000000 -3.540000 -0.093078
1230.000000 -3.530000 -0.091499
1230.000000 -3.520000 -0.089935
1230.000000 -3.510000 -0.088388
1230.000000 -3.500000 -0.086856
1230.000000 -3.490000 -0.085340
1230.000000 -3.480000 -0.083839
1230.000000 -3.470000 -0.082353
1230.000000 -3.460000 -0.080882
1230.000000 -3.450000 -0.079426
1230.000000 -3.440000 -0.077983
1230.000000 -3.430000 -0.076555
1230.000000 -3.420000 -0.075140
1230.000000 -3.410000 -0.073739
1230.000000 -3.400000 -0.072350
1230.000000 -3.390000 -0.070974
1230.000000 -3.380000 -0.069610
1230.000000 -3.370000 -0.068259
1230.000000 -3.360000 -0.066918
1230.000000 -3.350000 -0.065589
1230.000000 -3.340000 -0.064270
1230.000000 -3.330000 -0.062962
1230.000000 -3.320000 -0.061664
1230.000000 -3.310000 -0.060375
1230.000000 -3.300000 -0.059094
1230.000000 -3.290000 -0.057823
1230.000000 -3.280000 -0.056559
1230.000000 -3.270000 -0.055303
1230.000000 -3.260000 -0.054054
1230.000000 -3.250000 -0.052812
1230.000000 -3.240000 -0.051575
1230.000000 -3.230000 -0.050344
1230.000000 -3.220000 -0.049118
1230.000000 -3.210000 -0.047896
1230.000000 -3.200000 -0.046678
1230.000000 -3.190000 -0.045464
1230.000000 -3.180000 -0.044252
1230.000000 -3.170000 -0.043042
1230.000000 -3.160000 -0.041834
1230.000000 -3.150000 -0.040626
1230.000000 -3.140000 -0.039419
1230.000000 -3.130000 -0.038212
1230.000000 -3.120000 -0.037003
1230.000000 -3.110000 -0.035793
1230.000000 -3.100000 -0.034581
1230.000000 -3.090000 -0.033365
1230.000000 -3.080000 -0.032146
1230.000000 -3.070000 -0.030923
1230.000000 -3.060000 -0.029694
1230.000000 -3.050000 -0.028460
1230.000000 -3.040000 -0.027220
1230.000000 -3.030000 -0.025972
1230.000000 -3.020000 -0.024716
1230.000000 -3.010000 -0.023452
1230.000000 -3.000000 -0.022179
1230.000000 -2.990000 -0.020895
1230.000000 -2.980000 -0.019600
1230.000000 -2.970000 -0.018294
1230.000000 -2.960000 -0.016975
1230.000000 -2.950000 -0.015643
1230.000000 -2.940000 -0.014297
1230.000000 -2.930000 -0.012936
1230.000000 -2.920000 -0.011560
1230.000000 -2.910000 -0.010167
1230.000000 -2.900000 -0.008756
1230.000000 -2.890000 -0.007328
1230.000000 -2.880000 -0.005880
1230.000000 -2.870000 -0.004412
1230.000000 -2.860000 -0.002924
1230.000000 -2.850000 -0.001414
1230.000000 -2.840000 0.000119
1230.000000 -2.830000 0.001675
1230.000000 -2.820000 0.003256
1230.000000 -2.810000 0.004862
1230.000000 -2.800000 0.006494
1230.000000 -2.790000 0.008153
1230.000000 -2.780000 0.009840
1230.000000 -2.770000 0.011556
1230.000000 -2.760000 0.013303
1230.000000 -2.750000 0.015080
1230.000000 -2.740000 0.016889
1230.000000 -2.730000 0.018731
1230.000000 -2.720000 0.020607
1230.000000 -2.710000 0.022518
1230.000000 -2.700000 0.024465
1230.000000 -2.690000 0.026448
1230.000000 -2.680000 0.028470
1230.000000 -2.670000 0.030530
1230.000000 -2.660000 0.032631
1230.000000 -2.650000 0.034773
1230.000000 -2.640000 0.036956
1230.000000 -2.630000 0.039183
1230.000000 -2.620000 0.041454
1230.000000 -2.610000 0.043770
1230.000000 -2.600000 0.046132
1230.000000 -2.590000 0.048542
1230.000000 -2.580000 0.051000
1230.000000 -2.570000 0.053508
1230.000000 -2.560000 0.056067
1230.000000 -2.550000 0.058677
1230.000000 -2.540000 0.061340
1230.000000 -2.530000 0.064057
1230.000000 -2.520000 0.066829
1230.000000 -2.510000 0.069657
1230.000000 -2.500000 0.072542
1230.000000 -2.490000 0.075485
1230.000000 -2.480000 0.078488
1230.000000 -2.470000 0.081552
1230.000000 -2.460000 0.084677
1230.000000 -2.450000 0.087865
1230.000000 -2.440000 0.091117
1230.000000 -2.430000 0.094434
1230.000000 -2.420000 0.097817
1230.000000 -2.410000 0.101267
1230.000000 -2.400000 0.104786
1230.000000 -2.390000 0.108374
1230.000000 -2.380000 0.112032
1230.000000 -2.370000 0.115762
1230.000000 -2.360000 0.119565
1230.000000 -2.350000 0.123441
1230.000000 -2.340000 0.127393
1230.000000 -2.330000 0.131420
1230.000000 -2.320000 0.135524
1230.000000 -2.310000 0.139706
1230.000000 -2.300000 0.143966
1230.000000 -2.290000 0.148307
1230.000000 -2.280000 0.152729
1230.000000 -2.270000 0.157233
1230.000000 -2.260000 0.161820
1230.000000 -2.250000 0.166490
1230.000000 -2.240000 0.171246
1230.000000 -2.230000 0.176087
1230.000000 -2.220000 0.181015
1230.000000 -2.210000 0.186031
1230.000000 -2.200000 0.191135
1230.000000 -2.190000 0.196328
1230.000000 -2.180000 0.201611
1230.000000 -2.170000 0.206985
1230.000000 -2.160000 0.212451
1230.000000 -2.150000 0.218009
1230.000000 -2.140000 0.223660
1230.000000 -2.130000 0.229405
1230.000000 -2.120000 0.235244
1230.000000 -2.110000 0.241178
1230.000000 -2.100000 0.247208
1230.000000 -2.090000 0.253334
1230.000000 -2.080000 0.259556
1230.000000 -2.070000 0.265876
1230.000000 -2.060000 0.272293
1230.000000 -2.050000 0.278808
1230.000000 -2.040000 0.285421
1230.000000 -2.030000 0.292133
1230.000000 -2.020000 0.298944
1230.000000 -2.010000 0.305853
1230.000000 -2.000000 0.312862
1230.000000 -1.990000 0.319970
1230.000000 -1.980000 0.327178
1230.000000 -1.970000 0.334485
1230.000000 -1.960000 0.341891
1230.000000 -1.950000 0.349396
1230.000000 -1.940000 0.357000
1230.000000 -1.930000 0.364704
1230.000000 -1.920000 0.372505
1230.000000 -1.910000 0.380405
1230.000000 -1.900000 0.388403
1230.000000 -1.890000 0.396498
1230.000000 -1.880000 0.404690
1230.000000 -1.870000 0.412978
1230.000000 -1.860000 0.421362
1230.000000 -1.850000 0.429841
1230.000000 -1.840000 0.438413
1230.000000 -1.830000 0.447079
1230.000000 -1.820000 0.455837
1230.000000 -1.810000 0.464686
1230.000000 -1.800000 0.473625
1230.000000 -1.790000 0.482653
1230.000000 -1.780000 0.491768
1230.000000 -1.770000 0.500970
1230.000000 -1.760000 0.510257
1230.000000 -1.750000 0.519626
1230.000000 -1.740000 0.529078
1230.000000 -1.730000 0.538610
1230.000000 -1.720000 0.548220
1230.000000 -1.710000 0.557907
1230.000000 -1.700000 0.567668
1230.000000 -1.690000 0.577502
1230.000000 -1.680000 0.587406
1230.000000 -1.670000 0.597379
1230.000000 -1.660000 0.607417
1230.000000 -1.650000 0.617519
1230.000000 -1.640000 0.627683
1230.000000 -1.630000 0.637905
1230.000000 -1.620000 0.648183
1230.000000 -1.610000 0.658515
1230.000000 -1.600000 0.668897
1230.000000 -1.590000 0.679326
1230.000000 -1.580000 0.689800
1230.000000 -1.570000 0.700316
1230.000000 -1.560000 0.710870
1230.000000 -1.550000 0.721459
1230.000000 -1.540000 0.732080
1230.000000 -1.530000 0.742729
1230.000000 -1.520000 0.753403
1230.000000 -1.510000 0.764098
1230.000000 -1.500000 0.774810
1230.000000 -1.490000 0.785536
1230.000000 -1.480000 0.796271
1230.000000 -1.470000 0.807013
1230.000000 -1.460000 0.817756
1230.000000 -1.450000 0.828496
1230.000000 -1.440000 0.839230
1230.000000 -1.430000 0.849953
1230.000000 -1.420000 0.860661
1230.000000 -1.410000 0.871348
1230.000000 -1.400000 0.882011
1230.000000 -1.390000 0.892646
1230.000000 -1.380000 0.903246
1230.000000 -1.370000 0.913808
1230.000000 -1.360000 0.924327
1230.000000 -1.350000 0.934798
1230.000000 -1.340000 0.945215
1230.000000 -1.330000 0.955574
1230.000000 -1.320000 0.965870
1230.000000 -1.310000 0.976098
1230.000000 -1.300000 0.986251
1230.000000 -1.290000 0.996326
1230.000000 -1.280000 1.006317
1230.000000 -1.270000 1.016218
1230.000000 -1.260000 1.026024
1230.000000 -1.250000 1.035729
1230.000000 -1.240000 1.045328
1230.000000 -1.230000 1.054816
1230.000000 -1.220000 1.064187
1230.000000 -1.210000 1.073435
1230.000000 -1.200000 1.082555
1230.000000 -1.190000 1.091540
1230.000000 -1.180000 1.100386
1230.000000 -1.170000 1.109087
1230.000000 -1.160000 1.117636
1230.000000 -1.150000 1.126029
1230.000000 -1.140000 1.134259
1230.000000 -1.130000 1.142321
1230.000000 -1.120000 1.150208
1230.000000 -1.110000 1.157916
1230.000000 -1.100000 1.165439
1230.000000 -1.090000 1.172770
1230.000000 -1.080000 1.179904
1230.000000 -1.070000 1.186836
1230.000000 -1.060000 1.193559
1230.000000 -1.050000 1.200068
1230.000000 -1.040000 1.206358
1230.000000 -1.030000 1.212423
1230.000000 -1.020000 1.218257
1230.000000 -1.010000 1.223856
1230.000000 -1.000000 1.229212
1230.000000 -0.990000 1.234322
1230.000000 -0.980000 1.239180
1230.000000 -0.970000 1.243780
1230.000000 -0.960000 1.248118
1230.000000 -0.950000 1.252187
1230.000000 -0.940000 1.255984
1230.000000 -0.930000 1.259503
1230.000000 -0.920000 1.262740
1230.000000 -0.910000 1.265688
1230.000000 -0.900000 1.268345
1230.000000 -0.890000 1.270705
1230.000000 -0.880000 1.272763
1230.000000 -0.870000 1.274515
1230.000000 -0.860000 1.275957
1230.000000 -0.850000 1.277085
1230.000000 -0.840000 1.277895
1230.000000 -0.830000 1.278382
1230.000000 -0.820000 1.278542
1230.000000 -0.810000 1.278373
1230.000000 -0.800000 1.277870
1230.000000 -0.790000 1.277030
1230.000000 -0.780000 1.275849
1230.000000 -0.770000 1.274325
1230.000000 -0.760000 1.272454
1230.000000 -0.750000 1.270234
1230.000000 -0.740000 1.267661
1230.000000 -0.730000 1.264734
1230.000000 -0.720000 1.261449
1230.000000 -0.710000 1.257805
1230.000000 -0.700000 1.253798
1230.000000 -0.690000 1.249428
1230.000000 -0.680000 1.244693
1230.000000 -0.670000 1.239591
1230.000000 -0.660000 1.234120
1230.000000 -0.650000 1.228279
1230.000000 -0.640000 1.222068
1230.000000 -0.630000 1.215484
1230.000000 -0.620000 1.208529
1230.000000 -0.610000 1.201200
1230.000000 -0.600000 1.193498
1230.000000 -0.590000 1.185422
1230.000000 -0.580000 1.176973
1230.000000 -0.570000 1.168151
1230.000000 -0.560000 1.158955
1230.000000 -0.550000 1.149388
1230.000000 -0.540000 1.139449
1230.000000 -0.530000 1.129139
1230.000000 -0.520000 1.118460
1230.000000 -0.510000 1.107414
1230.000000 -0.500000 1.096000
1230.000000 -0.490000 1.084222
1230.000000 -0.480000 1.072082
1230.000000 -0.470000 1.059581
1230.000000 -0.460000 1.046722
1230.000000 -0.450000 1.033507
1230.000000 -0.440000 1.019940
1230.000000 -0.430000 1.006022
1230.000000 -0.420000 0.991758
1230.000000 -0.410000 0.977151
1230.000000 -0.400000 0.962203
1230.000000 -0.390000 0.946919
1230.000000 -0.380000 0.931303
1230.000000 -0.370000 0.915359
1230.000000 -0.360000 0.899091
1230.000000 -0.350000 0.882503
1230.000000 -0.340000 0.865600
1230.000000 -0.330000 0.848388
1230.000000 -0.320000 0.830870
1230.000000 -0.310000 0.813052
1230.000000 -0.300000 0.794940
1230.000000 -0.290000 0.776539
1230.000000 -0.280000 0.757854
1230.000000 -0.270000 0.738892
1230.000000 -0.260000 0.719658
1230.000000 -0.250000 0.700159
1230.000000 -0.240000 0.680401
1230.000000 -0.230000 0.660390
1230.000000 -0.220000 0.640133
1230.000000 -0.210000 0.619636
1230.000000 -0.200000 0.598908
1230.000000 -0.190000 0.577954
1230.000000 -0.180000 0.556782
1230.000000 -0.170000 0.535398
1230.000000 -0.160000 0.513812
1230.000000 -0.150000 0.492029
1230.000000 -0.140000 0.470058
1230.000000 -0.130000 0.447906
1230.000000 -0.120000 0.425581
1230.000000 -0.110000 0.403092
1230.000000 -0.100000 0.380446
1230.000000 -0.090000 0.357651
1230.000000 -0.080000 0.334716
1230.000000 -0.070000 0.311649
1230.000000 -0.060000 0.288458
1230.000000 -0.050000 0.265151
1230.000000 -0.040000 0.241738
1230.000000 -0.030000 0.218227
1230.000000 -0.020000 0.194626
1230.000000 -0.010000 0.170944
1230.000000 -0.000000 0.147190
1230.000000 0.010000 0.123373
1230.000000 0.020000 0.099501
1230.000000 0.030000 0.075583
1230.000000 0.040000 0.051628
1230.000000 0.050000 0.027646
1230.000000 0.060000 0.003644
1230.000000 0.070000 -0.020369
1230.000000 0.080000 -0.044382
1230.000000 0.090000 -0.068389
1230.000000 0.100000 -0.092379
1230.000000 0.110000 -0.116344
1230.000000 0.120000 -0.140274
1230.000000 0.130000 -0.164163
1230.000000 0.140000 -0.187999
1230.000000 0.150000 -0.211775
1230.000000 0.160000 -0.235483
1230.000000 0.170000 -0.259112
1230.000000 0.180000 -0.282656
1230.000000 0.190000 -0.306104
1230.000000 0.200000 -0.329449
1230.000000 0.210000 -0.352683
1230.000000 0.220000 -0.375797
1230.000000 0.230000 -0.398782
1230.000000 0.240000 -0.421632
1230.000000 0.250000 -0.444336
1230.000000 0.260000 -0.466888
1230.000000 0.270000 -0.489280
1230.000000 0.280000 -0.511504
1230.000000 0.290000 -0.533552
1230.000000 0.300000 -0.555416
1230.000000 0.310000 -0.577089
1230.000000 0.320000 -0.598565
1230.000000 0.330000 -0.619834
1230.000000 0.340000 -0.640891
1230.000000 0.350000 -0.661729
1230.000000 0.360000 -0.682340
1230.000000 0.370000 -0.702719
1230.000000 0.380000 -0.722857
1230.000000 0.390000 -0.742750
1230.000000 0.400000 -0.762390
1230.000000 0.410000 -0.781772
1230.000000 0.420000 -0.800889
1230.000000 0.430000 -0.819736
1230.000000 0.440000 -0.838308
1230.000000 0.450000 -0.856598
1230.000000 0.460000 -0.874601
1230.000000 0.470000 -0.892313
1230.000000 0.480000 -0.909728
1230.000000 0.490000 -0.926841
1230.000000 0.500000 -0.943648
1230.000000 0.510000 -0.960144
1230.000000 0.520000 -0.976325
1230.000000 0.530000 -0.992188
1230.000000 0.540000 -1.007727
1230.000000 0.550000 -1.022939
1230.000000 0.560000 -1.037821
1230.000000 0.570000 -1.052369
1230.000000 0.580000 -1.066580
1230.000000 0.590000 -1.080451
1230.000000 0.600000 -1.093979
1230.000000 0.610000 -1.107162
1230.000000 0.620000 -1.119997
1230.000000 0.630000 -1.132481
1230.000000 0.640000 -1.144614
1230.000000 0.650000 -1.156391
1230.000000 0.660000 -1.167813
1230.000000 0.670000 -1.178878
1230.000000 0.680000 -1.189583
1230.000000 0.690000 -1.199928
1230.000000 0.700000 -1.209913
1230.000000 0.710000 -1.219535
1230.000000 0.720000 -1.228795
1230.000000 0.730000 -1.237692
1230.000000 0.740000 -1.246226
1230.000000 0.750000 -1.254396
1230.000000 0.760000 -1.262203
1230.000000 0.770000 -1.269647
1230.000000 0.780000 -1.276729
1230.000000 0.790000 -1.283449
1230.000000 0.800000 -1.289808
1230.000000 0.810000 -1.295806
1230.000000 0.820000 -1.301445
1230.000000 0.830000 -1.306727
1230.000000 0.840000 -1.311652
1230.000000 0.850000 -1.316222
1230.000000 0.860000 -1.320439
1230.000000 0.870000 -1.324305
1230.000000 0.880000 -1.327822
1230.000000 0.890000 -1.330992
1230.000000 0.900000 -1.333817
1230.000000 0.910000 -1.336301
1230.000000 0.920000 -1.338444
1230.000000 0.930000 -1.340252
1230.000000 0.940000 -1.341725
1230.000000 0.950000 -1.342867
1230.000000 0.960000 -1.343682
1230.000000 0.970000 -1.344172
1230.000000 0.980000 -1.344342
1230.000000 0.990000 -1.344194
1230.000000 1.000000 -1.343732
1230.000000 1.010000 -1.342960
1230.000000 1.020000 -1.341882
1230.000000 1.030000 -1.340501
1230.000000 1.040000 -1.338822
1230.000000 1.050000 -1.336849
1230.000000 1.060000 -1.334586
1230.000000 1.070000 -1.332038
1230.000000 1.080000 -1.329208
1230.000000 1.090000 -1.326102
1230.000000 1.100000 -1.322723
1230.000000 1.110000 -1.319077
1230.000000 1.120000 -1.315169
1230.000000 1.130000 -1.311002
1230.000000 1.140000 -1.306583
1230.000000 1.150000 -1.301915
1230.000000 1.160000 -1.297004
1230.000000 1.170000 -1.291854
1230.000000 1.180000 -1.286472
1230.000000 1.190000 -1.280861
1230.000000 1.200000 -1.275028
1230.000000 1.210000 -1.268976
1230.000000 1.220000 -1.262713
1230.000000 1.230000 -1.256242
1230.000000 1.240000 -1.249569
1230.000000 1.250000 -1.242699
1230.000000 1.260000 -1.235638
1230.000000 1.270000 -1.228391
1230.000000 1.280000 -1.220964
1230.000000 1.290000 -1.213361
1230.000000 1.300000 -1.205588
1230.000000 1.310000 -1.197650
1230.000000 1.320000 -1.189553
1230.000000 1.330000 -1.181303
1230.000000 1.340000 -1.172904
1230.000000 1.350000 -1.164362
1230.000000 1.360000 -1.155682
1230.000000 1.370000 -1.146870
1230.000000 1.380000 -1.137930
1230.000000 1.390000 -1.128869
1230.000000 1.400000 -1.119691
1230.000000 1.410000 -1.110402
1230.000000 1.420000 -1.101007
1230.000000 1.430000 -1.091510
1230.000000 1.440000 -1.081918
1230.000000 1.450000 -1.072235
1230.000000 1.460000 -1.062466
1230.000000 1.470000 -1.052617
1230.000000 1.480000 -1.042692
1230.000000 1.490000 -1.032696
1230.000000 1.500000 -1.022635
1230.000000 1.510000 -1.012512
1230.000000 1.520000 -1.002333
1230.000000 1.530000 -0.992102
1230.000000 1.540000 -0.981825
1230.000000 1.550000 -0.971505
1230.000000 1.560000 -0.961148
1230.000000 1.570000 -0.950757
1230.000000 1.580000 -0.940338
1230.000000 1.590000 -0.929894
1230.000000 1.600000 -0.919430
1230.000000 1.610000 -0.908950
1230.000000 1.620000 -0.898458
1230.000000 1.630000 -0.887958
1230.000000 1.640000 -0.877455
1230.000000 1.650000 -0.866952
1230.000000 1.660000 -0.856453
1230.000000 1.670000 -0.845962
1230.000000 1.680000 -0.835483
1230.000000 1.690000 -0.825018
1230.000000 1.700000 -0.814573
1230.000000 1.710000 -0.804150
1230.000000 1.720000 -0.793753
1230.000000 1.730000 -0.783385
1230.000000 1.740000 -0.773049
1230.000000 1.750000 -0.762749
1230.000000 1.760000 -0.752487
1230.000000 1.770000 -0.742267
1230.000000 1.780000 -0.732091
1230.000000 1.790000 -0.721963
1230.000000 1.800000 -0.711885
1230.000000 1.810000 -0.701859
1230.000000 1.820000 -0.691890
1230.000000 1.830000 -0.681978
1230.000000 1.840000 -0.672127
1230.000000 1.850000 -0.662338
1230.000000 1.860000 -0.652615
1230.000000 1.870000 -0.642959
1230.000000 1.880000 -0.633372
1230.000000 1.890000 -0.623857
1230.000000 1.900000 -0.614416
1230.000000 1.910000 -0.605050
1230.000000 1.920000 -0.595761
1230.000000 1.930000 -0.586551
1230.000000 1.940000 -0.577422
1230.000000 1.950000 -0.568375
1230.000000 1.960000 -0.559412
1230.000000 1.970000 -0.550534
1230.000000 1.980000 -0.541742
1230.000000 1.990000 -0.533039
1230.000000 2.000000 -0.524424
1230.000000 2.010000 -0.515900
1230.000000 2.020000 -0.507468
1230.000000 2.030000 -0.499127
1230.000000 2.040000 -0.490880
1230.000000 2.050000 -0.482728
1230.000000 2.060000 -0.474670
1230.000000 2.070000 -0.466709
1230.000000 2.080000 -0.458843
1230.000000 2.090000 -0.451075
1230.000000 2.100000 -0.443405
1230.000000 2.110000 -0.435833
1230.000000 2.120000 -0.428360
1230.000000 2.130000 -0.420986
1230.000000 2.140000 -0.413711
1230.000000 2.150000 -0.406536
1230.000000 2.160000 -0.399461
1230.000000 2.170000 -0.392486
1230.000000 2.180000 -0.385612
1230.000000 2.190000 -0.378838
1230.000000 2.200000 -0.372164
1230.000000 2.210000 -0.365590
1230.000000 2.220000 -0.359117
1230.000000 2.230000 -0.352744
1230.000000 2.240000 -0.346471
1230.000000 2.250000 -0.340298
1230.000000 2.260000 -0.334224
1230.000000 2.270000 -0.328250
1230.000000 2.280000 -0.322374
1230.000000 2.290000 -0.316598
1230.000000 2.300000 -0.310919
1230.000000 2.310000 -0.305338
1230.000000 2.320000 -0.299855
1230.000000 2.330000 -0.294468
1230.000000 2.340000 -0.289178
1230.000000 2.350000 -0.283983
1230.000000 2.360000 -0.278883
1230.000000 2.370000 -0.273878
1230.000000 2.380000 -0.268967
1230.000000 2.390000 -0.264149
1230.000000 2.400000 -0.259423
1230.000000 2.410000 -0.254789
1230.000000 2.420000 -0.250246
1230.000000 2.430000 -0.245793
1230.000000 2.440000 -0.241430
1230.000000 2.450000 -0.237155
1230.000000 2.460000 -0.232968
1230.000000 2.470000 -0.228868
1230.000000 2.480000 -0.224854
1230.000000 2.490000 -0.220926
1230.000000 2.500000 -0.217081
1230.000000 2.510000 -0.213321
1230.000000 2.520000 -0.209642
1230.000000 2.530000 -0.206045
1230.000000 2.540000 -0.202529
1230.000000 2.550000 -0.199093
1230.000000 2.560000 -0.195735
1230.000000 2.570000 -0.192455
1230.000000 2.580000 -0.189252
1230.000000 2.590000 -0.186125
1230.000000 2.600000 -0.183072
1230.000000 2.610000 -0.180094
1230.000000 2.620000 -0.177188
1230.000000 2.630000 -0.174354
1230.000000 2.640000 -0.171591
1230.000000 2.650000 -0.168898
1230.000000 2.660000 -0.166274
1230.000000 2.670000 -0.163718
1230.000000 2.680000 -0.161229
1230.000000 2.690000 -0.158806
1230.000000 2.700000 -0.156447
1230.000000 2.710000 -0.154153
1230.000000 2.720000 -0.151921
1230.000000 2.730000 -0.149752
1230.000000 2.740000 -0.147643
1230.000000 2.750000 -0.145595
1230.000000 2.760000 -0.143606
1230.000000 2.770000 -0.141674
1230.000000 2.780000 -0.139800
1230.000000 2.790000 -0.137982
1230.000000 2.800000 -0.136219
1230.000000 2.810000 -0.134511
1230.000000 2.820000 -0.132856
1230.000000 2.830000 -0.131254
1230.000000 2.840000 -0.129703
1230.000000 2.850000 -0.128202
1230.000000 2.860000 -0.126752
1230.000000 2.870000 -0.125350
1230.000000 2.880000 -0.123997
1230.000000 2.890000 -0.122691
1230.000000 2.900000 -0.121431
1230.000000 2.910000 -0.120216
1230.000000 2.920000 -0.119046
1230.000000 2.930000 -0.117921
1230.000000 2.940000 -0.116838
1230.000000 2.950000 -0.115797
1230.000000 2.960000 -0.114798
1230.000000 2.970000 -0.113840
1230.000000 2.980000 -0.112922
1230.000000 2.990000 -0.112043
1230.000000 3.000000 -0.111203
1230.000000 3.010000 -0.110400
1230.000000 3.020000 -0.109635
1230.000000 3.030000 -0.108906
1230.000000 3.040000 -0.108213
1230.000000 3.050000 -0.107555
1230.000000 3.060000 -0.106931
1230.000000 3.070000 -0.106342
1230.000000 3.080000 -0.105785
1230.000000 3.090000 -0.105262
1230.000000 3.100000 -0.104770
1230.000000 3.110000 -0.104310
1230.000000 3.120000 -0.103881
1230.000000 3.130000 -0.103483
1230.000000 3.140000 -0.103114
1230.000000 3.150000 -0.102775
1230.000000 3.160000 -0.102465
1230.000000 3.170000 -0.102183
1230.000000 3.180000 -0.101929
1230.000000 3.190000 -0.101703
1230.000000 3.200000 -0.101503
1230.000000 3.210000 -0.101331
1230.000000 3.220000 -0.101185
1230.000000 3.230000 -0.101064
1230.000000 3.240000 -0.100969
1230.000000 3.250000 -0.100900
1230.000000 3.260000 -0.100855
1230.000000 3.270000 -0.100834
1230.000000 3.280000 -0.100838
1230.000000 3.290000 -0.100865
1230.000000 3.300000 -0.100916
1230.000000 3.310000 -0.100990
1230.000000 3.320000 -0.101087
1230.000000 3.330000 -0.101207
1230.000000 3.340000 -0.101350
1230.000000 3.350000 -0.101514
1230.000000 3.360000 -0.101701
1230.000000 3.370000 -0.101910
1230.000000 3.380000 -0.102140
1230.000000 3.390000 -0.102392
1230.000000 3.400000 -0.102665
1230.000000 3.410000 -0.102959
1230.000000 3.420000 -0.103275
1230.000000 3.430000 -0.103611
1230.000000 3.440000 -0.103968
1230.000000 3.450000 -0.104346
1230.000000 3.460000 -0.104745
1230.000000 3.470000 -0.105164
1230.000000 3.480000 -0.105603
1230.000000 3.490000 -0.106064
1230.000000 3.500000 -0.106544
1230.000000 3.510000 -0.107045
1230.000000 3.520000 -0.107566
1230.000000 3.530000 -0.108108
1230.000000 3.540000 -0.108670
1230.000000 3.550000 -0.109253
1230.000000 3.560000 -0.109856
1230.000000 3.570000 -0.110479
1230.000000 3.580000 -0.111123
1230.000000 3.590000 -0.111787
1230.000000 3.600000 -0.112472
1230.000000 3.610000 -0.113178
1230.000000 3.620000 -0.113904
1230.000000 3.630000 -0.114651
1230.000000 3.640000 -0.115419
1230.000000 3.650000 -0.116208
1230.000000 3.660000 -0.117019
1230.000000 3.670000 -0.117850
1230.000000 3.680000 -0.118703
1230.000000 3.690000 -0.119578
1230.000000 3.700000 -0.120474
1230.000000 3.710000 -0.121392
1230.000000 3.720000 -0.122332
1230.000000 3.730000 -0.123294
1230.000000 3.740000 -0.124278
1230.000000 3.750000 -0.125285
1230.000000 3.760000 -0.126314
1230.000000 3.770000 -0.127366
1230.000000 3.780000 -0.128441
1230.000000 3.790000 -0.129539
1230.000000 3.800000 -0.130661
1230.000000 3.810000 -0.131806
1230.000000 3.820000 -0.132975
1230.000000 3.830000 -0.134168
1230.000000 3.840000 -0.135385
1230.000000 3.850000 -0.136627
1230.000000 3.860000 -0.137893
1230.000000 3.870000 -0.139184
1230.000000 3.880000 -0.140500
1230.000000 3.890000 -0.141841
1230.000000 3.900000 -0.143208
1230.000000 3.910000 -0.144600
1230.000000 3.920000 -0.146018
1230.000000 3.930000 -0.147463
1230.000000 3.940000 -0.148933
1230.000000 3.950000 -0.150431
1230.000000 3.960000 -0.151955
1230.000000 3.970000 -0.153506
1230.000000 3.980000 -0.155085
1230.000000 3.990000 -0.156691
1230.000000 4.000000 -0.158324
1230.000000 4.010000 -0.159986
1230.000000 4.020000 -0.161676
1230.000000 4.030000 -0.163394
1230.000000 4.040000 -0.165141
1230.000000 4.050000 -0.166916
1230.000000 4.060000 -0.168720
1230.000000 4.070000 -0.170554
1230.000000 4.080000 -0.172417
1230.000000 4.090000 -0.174310
1230.000000 4.100000 -0.176232
1230.000000 4.110000 -0.178184
1230.000000 4.120000 -0.180166
1230.000000 4.130000 -0.182179
1230.000000 4.140000 -0.184222
1230.000000 4.150000 -0.186296
1230.000000 4.160000 -0.188400
1230.000000 4.170000 -0.190536
1230.000000 4.180000 -0.192702
1230.000000 4.190000 -0.194900
1230.000000 4.200000 -0.197129
1230.000000 4.210000 -0.199389
1230.000000 4.220000 -0.201681
1230.000000 4.230000 -0.204004
1230.000000 4.240000 -0.206360
1230.000000 4.250000 -0.208746
1230.000000 4.260000 -0.211165
1230.000000 4.270000 -0.213616
1230.000000 4.280000 -0.216098
1230.000000 4.290000 -0.218613
1230.000000 4.300000 -0.221159
1230.000000 4.310000 -0.223737
1230.000000 4.320000 -0.226348
1230.000000 4.330000 -0.228990
1230.000000 4.340000 -0.231664
1230.000000 4.350000 -0.234370
1230.000000 4.360000 -0.237107
1230.000000 4.370000 -0.239876
1230.000000 4.380000 -0.242677
1230.000000 4.390000 -0.245509
1230.000000 4.400000 -0.248373
1230.000000 4.410000 -0.251267
1230.000000 4.420000 -0.254193
1230.000000 4.430000 -0.257149
1230.000000 4.440000 -0.260136
1230.000000 4.450000 -0.263153
1230.000000 4.460000 -0.266200
1230.000000 4.470000 -0.269277
1230.000000 4.480000 -0.272383
1230.000000 4.490000 -0.275518
1230.000000 4.500000 -0.278683
1230.000000 4.510000 -0.281875
1230.000000 4.520000 -0.285096
1230.000000 4.530000 -0.288344
1230.000000 4.540000 -0.291619
1230.000000 4.550000 -0.294921
1230.000000 4.560000 -0.298249
1230.000000 4.570000 -0.301602
1230.000000 4.580000 -0.304981
1230.000000 4.590000 -0.308384
1230.000000 4.600000 -0.311811
1230.000000 4.610000 -0.315261
1230.000000 4.620000 -0.318733
1230.000000 4.630000 -0.322228
1230.000000 4.640000 -0.325743
1230.000000 4.650000 -0.329279
1230.000000 4.660000 -0.332834
1230.000000 4.670000 -0.336408
1230.000000 4.680000 -0.340000
1230.000000 4.690000 -0.343609
1230.000000 4.700000 -0.347233
1230.000000 4.710000 -0.350872
1230.000000 4.720000 -0.354526
1230.000000 4.730000 -0.358192
1230.000000 4.740000 -0.361870
1230.000000 4.750000 -0.365559
1230.000000 4.760000 -0.369257
1230.000000 4.770000 -0.372963
1230.000000 4.780000 -0.376676
1230.000000 4.790000 -0.380395
1230.000000 4.800000 -0.384118
1230.000000 4.810000 -0.387845
1230.000000 4.820000 -0.391573
1230.000000 4.830000 -0.395301
1230.000000 4.840000 -0.399028
1230.000000 4.850000 -0.402752
1230.000000 4.860000 -0.406471
1230.000000 4.870000 -0.410184
1230.000000 4.880000 -0.413890
1230.000000 4.890000 -0.417586
1230.000000 4.900000 -0.421270
1230.000000 4.910000 -0.424942
1230.000000 4.920000 -0.428599
1230.000000 4.930000 -0.432239
1230.000000 4.940000 -0.435860
1230.000000 4.950000 -0.439460
1230.000000 4.960000 -0.443038
1230.000000 4.970000 -0.446591
1230.000000 4.980000 -0.450117
1230.000000 4.990000 -0.453614
1230.000000 5.000000 -0.457079
1230.000000 5.010000 -0.460512
1230.000000 5.020000 -0.463908
1230.000000 5.030000 -0.467266
1230.000000 5.040000 -0.470583
1230.000000 5.050000 -0.473858
1230.000000 5.060000 -0.477087
1230.000000 5.070000 -0.480268
1230.000000 5.080000 -0.483399
1230.000000 5.090000 -0.486476
1230.000000 5.100000 -0.489498
1230.000000 5.110000 -0.492461
1230.000000 5.120000 -0.495364
1230.000000 5.130000 -0.498202
1230.000000 5.140000 -0.500974
1230.000000 5.150000 -0.503676
1230.000000 5.160000 -0.506306
1230.000000 5.170000 -0.508861
1230.000000 5.180000 -0.511338
1230.000000 5.190000 -0.513733
1230.000000 5.200000 -0.516045
1230.000000 5.210000 -0.518269
1230.000000 5.220000 -0.520403
1230.000000 5.230000 -0.522444
1230.000000 5.240000 -0.524389
1230.000000 5.250000 -0.526234
1230.000000 5.260000 -0.527976
1230.000000 5.270000 -0.529613
1230.000000 5.280000 -0.531141
1230.000000 5.290000 -0.532556
1230.000000 5.300000 -0.533856
1230.000000 5.310000 -0.535038
1230.000000 5.320000 -0.536097
1230.000000 5.330000 -0.537031
1230.000000 5.340000 -0.537837
1230.000000 5.350000 -0.538511
1230.000000 5.360000 -0.539050
1230.000000 5.370000 -0.539450
1230.000000 5.380000 -0.539709
1230.000000 5.390000 -0.539823
1230.000000 5.400000 -0.539789
1230.000000 5.410000 -0.539603
1230.000000 5.420000 -0.539262
1230.000000 5.430000 -0.538764
1230.000000 5.440000 -0.538104
1230.000000 5.450000 -0.537279
1230.000000 5.460000 -0.536287
1230.000000 5.470000 -0.535124
1230.000000 5.480000 -0.533786
1230.000000 5.490000 -0.532272
1230.000000 5.500000 -0.530577
1230.000000 5.510000 -0.528698
1230.000000 5.520000 -0.526633
1230.000000 5.530000 -0.524378
1230.000000 5.540000 -0.521931
1230.000000 5.550000 -0.519289
1230.000000 5.560000 -0.516448
1230.000000 5.570000 -0.513405
1230.000000 5.580000 -0.510159
1230.000000 5.590000 -0.506706
1230.000000 5.600000 -0.503044
1230.000000 5.610000 -0.499169
1230.000000 5.620000 -0.495080
1230.000000 5.630000 -0.490774
1230.000000 5.640000 -0.486249
1230.000000 5.650000 -0.481501
1230.000000 5.660000 -0.476530
1230.000000 5.670000 -0.471332
1230.000000 5.680000 -0.465905
1230.000000 5.690000 -0.460249
1230.000000 5.700000 -0.454359
1230.000000 5.710000 -0.448236
1230.000000 5.720000 -0.441876
1230.000000 5.730000 -0.435278
1230.000000 5.740000 -0.428441
1230.000000 5.750000 -0.421364
1230.000000 5.760000 -0.414044
1230.000000 5.770000 -0.406480
1230.000000 5.780000 -0.398672
1230.000000 5.790000 -0.390619
1230.000000 5.800000 -0.382318
1230.000000 5.810000 -0.373770
1230.000000 5.820000 -0.364974
1230.000000 5.830000 -0.355929
1230.000000 5.840000 -0.346635
1230.000000 5.850000 -0.337091
1230.000000 5.860000 -0.327298
1230.000000 5.870000 -0.317254
1230.000000 5.880000 -0.306960
1230.000000 5.890000 -0.296417
1230.000000 5.900000 -0.285625
1230.000000 5.910000 -0.274583
1230.000000 5.920000 -0.263293
1230.000000 5.930000 -0.251755
1230.000000 5.940000 -0.239971
1230.000000 5.950000 -0.227940
1230.000000 5.960000 -0.215665
1230.000000 5.970000 -0.203147
1230.000000 5.980000 -0.190386
1230.000000 5.990000 -0.177385
1230.000000 6.000000 -0.164146
1230.000000 6.010000 -0.150670
1230.000000 6.020000 -0.136959
1230.000000 6.030000 -0.123015
1230.000000 6.040000 -0.108841
1230.000000 6.050000 -0.094439
1230.000000 6.060000 -0.079812
1230.000000 6.070000 -0.064963
1230.000000 6.080000 -0.049895
1230.000000 6.090000 -0.034609
1230.000000 6.100000 -0.019111
1230.000000 6.110000 -0.003403
1230.000000 6.120000 0.012511
1230.000000 6.130000 0.028628
1230.000000 6.140000 0.044943
1230.000000 6.150000 0.061453
1230.000000 6.160000 0.078154
1230.000000 6.170000 0.095042
1230.000000 6.180000 0.112111
1230.000000 6.190000 0.129357
1230.000000 6.200000 0.146777
1230.000000 6.210000 0.164364
1230.000000 6.220000 0.182114
1230.000000 6.230000 0.200022
1230.000000 6.240000 0.218082
1230.000000 6.250000 0.236289
1230.000000 6.260000 0.254638
1230.000000 6.270000 0.273123
1230.000000 6.280000 0.291739
1230.000000 6.290000 0.310478
1230.000000 6.300000 0.329336
1230.000000 6.310000 0.348306
1230.000000 6.320000 0.367382
1230.000000 6.330000 0.386558
1230.000000 6.340000 0.405827
1230.000000 6.350000 0.425182
1230.000000 6.360000 0.444617
1230.000000 6.370000 0.464125
1230.000000 6.380000 0.483700
1230.000000 6.390000 0.503334
1230.000000 6.400000 0.523020
1230.000000 6.410000 0.542751
1230.000000 6.420000 0.562521
1230.000000 6.430000 0.582321
1230.000000 6.440000 0.602144
1230.000000 6.450000 0.621983
1230.000000 6.460000 0.641830
1230.000000 6.470000 0.661679
1230.000000 6.480000 0.681520
1230.000000 6.490000 0.701347
1230.000000 6.500000 0.721152
1230.000000 6.510000 0.740927
1230.000000 6.520000 0.760665
1230.000000 6.530000 0.780357
1230.000000 6.540000 0.799996
1230.000000 6.550000 0.819574
1230.000000 6.560000 0.839083
1230.000000 6.570000 0.858515
1230.000000 6.580000 0.877862
1230.000000 6.590000 0.897116
1230.000000 6.600000 0.916270
1230.000000 6.610000 0.935316
1230.000000 6.620000 0.954245
1230.000000 6.630000 0.973050
1230.000000 6.640000 0.991723
1230.000000 6.650000 1.010256
1230.000000 6.660000 1.028642
1230.000000 6.670000 1.046872
1230.000000 6.680000 1.064939
1230.000000 6.690000 1.082836
1230.000000 6.700000 1.100554
1230.000000 6.710000 1.118087
1230.000000 6.720000 1.135426
1230.000000 6.730000 1.152565
1230.000000 6.740000 1.169495
1230.000000 6.750000 1.186210
1230.000000 6.760000 1.202703
1230.000000 6.770000 1.218966
1230.000000 6.780000 1.234993
1230.000000 6.790000 1.250776
1230.000000 6.800000 1.266309
1230.000000 6.810000 1.281585
1230.000000 6.820000 1.296597
1230.000000 6.830000 1.311339
1230.000000 6.840000 1.325805
1230.000000 6.850000 1.339988
1230.000000 6.860000 1.353882
1230.000000 6.870000 1.367482
1230.000000 6.880000 1.380781
1230.000000 6.890000 1.393774
1230.000000 6.900000 1.406454
1230.000000 6.910000 1.418818
1230.000000 6.920000 1.430859
1230.000000 6.930000 1.442572
1230.000000 6.940000 1.453952
1230.000000 6.950000 1.464995
1230.000000 6.960000 1.475695
1230.000000 6.970000 1.486050
1230.000000 6.980000 1.496053
1230.000000 6.990000 1.505700
1230.000000 7.000000 1.514989
1230.000000 7.010000 1.523915
1230.000000 7.020000 1.532475
1230.000000 7.030000 1.540664
1230.000000 7.040000 1.548480
1230.000000 7.050000 1.555920
1230.000000 7.060000 1.562981
1230.000000 7.070000 1.569660
1230.000000 7.080000 1.575954
1230.000000 7.090000 1.581862
1230.000000 7.100000 1.587381
1230.000000 7.110000 1.592509
1230.000000 7.120000 1.597245
1230.000000 7.130000 1.601586
1230.000000 7.140000 1.605533
1230.000000 7.150000 1.609082
1230.000000 7.160000 1.612234
1230.000000 7.170000 1.614988
1230.000000 7.180000 1.617342
1230.000000 7.190000 1.619298
1230.000000 7.200000 1.620854
1230.000000 7.210000 1.622010
1230.000000 7.220000 1.622768
1230.000000 7.230000 1.623126
1230.000000 7.240000 1.623087
1230.000000 7.250000 1.622650
1230.000000 7.260000 1.621816
1230.000000 7.270000 1.620588
1230.000000 7.280000 1.618965
1230.000000 7.290000 1.616950
1230.000000 7.300000 1.614545
1230.000000 7.310000 1.611751
1230.000000 7.320000 1.608571
1230.000000 7.330000 1.605006
1230.000000 7.340000 1.601060
1230.000000 7.350000 1.596735
1230.000000 7.360000 1.592033
1230.000000 7.370000 1.586958
1230.000000 7.380000 1.581514
1230.000000 7.390000 1.575702
1230.000000 7.400000 1.569528
1230.000000 7.410000 1.562994
1230.000000 7.420000 1.556104
1230.000000 7.430000 1.548863
1230.000000 7.440000 1.541274
1230.000000 7.450000 1.533342
1230.000000 7.460000 1.525071
1230.000000 7.470000 1.516466
1230.000000 7.480000 1.507531
1230.000000 7.490000 1.498272
1230.000000 7.500000 1.488693
1230.000000 7.510000 1.478799
1230.000000 7.520000 1.468597
1230.000000 7.530000 1.458090
1230.000000 7.540000 1.447285
1230.000000 7.550000 1.436187
1230.000000 7.560000 1.424802
1230.000000 7.570000 1.413136
1230.000000 7.580000 1.401194
1230.000000 7.590000 1.388983
1230.000000 7.600000 1.376509
1230.000000 7.610000 1.363778
1230.000000 7.620000 1.350796
1230.000000 7.630000 1.337569
1230.000000 7.640000 1.324104
1230.000000 7.650000 1.310408
1230.000000 7.660000 1.296487
1230.000000 7.670000 1.282347
1230.000000 7.680000 1.267996
1230.000000 7.690000 1.253440
1230.000000 7.700000 1.238686
1230.000000 7.710000 1.223741
1230.000000 7.720000 1.208611
1230.000000 7.730000 1.193304
1230.000000 7.740000 1.177826
1230.000000 7.750000 1.162185
1230.000000 7.760000 1.146387
1230.000000 7.770000 1.130440
1230.000000 7.780000 1.114350
1230.000000 7.790000 1.098124
1230.000000 7.800000 1.081771
1230.000000 7.810000 1.065295
1230.000000 7.820000 1.048706
1230.000000 7.830000 1.032009
1230.000000 7.840000 1.015212
1230.000000 7.850000 0.998322
1230.000000 7.860000 0.981345
1230.000000 7.870000 0.964289
1230.000000 7.880000 0.947161
1230.000000 7.890000 0.929967
1230.000000 7.900000 0.912714
1230.000000 7.910000 0.895410
1230.000000 7.920000 0.878061
1230.000000 7.930000 0.860674
1230.000000 7.940000 0.843255
1230.000000 7.950000 0.825811
1230.000000 7.960000 0.808349
1230.000000 7.970000 0.790875
1230.000000 7.980000 0.773396
1230.000000 7.990000 0.755917
1230.000000 8.000000 0.738447
1230.000000 8.010000 0.720990
1230.000000 8.020000 0.703553
1230.000000 8.030000 0.686142
1230.000000 8.040000 0.668763
1230.000000 8.050000 0.651421
1230.000000 8.060000 0.634124
1230.000000 8.070000 0.616876
1230.000000 8.080000 0.599684
1230.000000 8.090000 0.582552
1230.000000 8.100000 0.565487
1230.000000 8.110000 0.548493
1230.000000 8.120000 0.531577
1230.000000 8.130000 0.514742
1230.000000 8.140000 0.497995
1230.000000 8.150000 0.481341
1230.000000 8.160000 0.464783
1230.000000 8.170000 0.448328
1230.000000 8.180000 0.431979
1230.000000 8.190000 0.415741
1230.000000 8.200000 0.399619
1230.000000 8.210000 0.383617
1230.000000 8.220000 0.367738
1230.000000 8.230000 0.351989
1230.000000 8.240000 0.336371
1230.000000 8.250000 0.320890
1230.000000 8.260000 0.305548
1230.000000 8.270000 0.290350
1230.000000 8.280000 0.275299
1230.000000 8.290000 0.260398
1230.000000 8.300000 0.245651
1230.000000 8.310000 0.231061
1230.000000 8.320000 0.216631
1230.000000 8.330000 0.202363
1230.000000 8.340000 0.188261
1230.000000 8.350000 0.174327
1230.000000 8.360000 0.160564
1230.000000 8.370000 0.146974
1230.000000 8.380000 0.133560
1230.000000 8.390000 0.120323
1230.000000 8.400000 0.107267
1230.000000 8.410000 0.094392
1230.000000 8.420000 0.081701
1230.000000 8.430000 0.069195
1230.000000 8.440000 0.056876
1230.000000 8.450000 0.044745
1230.000000 8.460000 0.032805
1230.000000 8.470000 0.021055
1230.000000 8.480000 0.009498
1230.000000 8.490000 -0.001865
1230.000000 8.500000 -0.013035
1230.000000 8.510000 -0.024009
1230.000000 8.520000 -0.034787
1230.000000 8.530000 -0.045369
1230.000000 8.540000 -0.055754
1230.000000 8.550000 -0.065942
1230.000000 8.560000 -0.075932
1230.000000 8.570000 -0.085723
1230.000000 8.580000 -0.095317
1230.000000 8.590000 -0.104713
1230.000000 8.600000 -0.113910
1230.000000 8.610000 -0.122910
1230.000000 8.620000 -0.131712
1230.000000 8.630000 -0.140317
1230.000000 8.640000 -0.148725
1230.000000 8.650000 -0.156937
1230.000000 8.660000 -0.164953
1230.000000 8.670000 -0.172774
1230.000000 8.680000 -0.180401
1230.000000 8.690000 -0.187835
1230.000000 8.700000 -0.195076
1230.000000 8.710000 -0.202125
1230.000000 8.720000 -0.208985
1230.000000 8.730000 -0.215654
1230.000000 8.740000 -0.222136
1230.000000 8.750000 -0.228431
1230.000000 8.760000 -0.234541
1230.000000 8.770000 -0.240466
1230.000000 8.780000 -0.246209
1230.000000 8.790000 -0.251771
1230.000000 8.800000 -0.257154
1230.000000 8.810000 -0.262358
1230.000000 8.820000 -0.267386
1230.000000 8.830000 -0.272240
1230.000000 8.840000 -0.276921
1230.000000 8.850000 -0.281432
1230.000000 8.860000 -0.285773
1230.000000 8.870000 -0.289947
1230.000000 8.880000 -0.293956
1230.000000 8.890000 -0.297802
1230.000000 8.900000 -0.301487
1230.000000 8.910000 -0.305013
1230.000000 8.920000 -0.308382
1230.000000 8.930000 -0.311596
1230.000000 8.940000 -0.314657
1230.000000 8.950000 -0.317568
1230.000000 8.960000 -0.320330
1230.000000 8.970000 -0.322946
1230.000000 8.980000 -0.325419
1230.000000 8.990000 -0.327749
1230.000000 9.000000 -0.329941
1230.000000 9.010000 -0.331995
1230.000000 9.020000 -0.333914
1230.000000 9.030000 -0.335701
1230.000000 9.040000 -0.337358
1230.000000 9.050000 -0.338887
1230.000000 9.060000 -0.340291
1230.000000 9.070000 -0.341572
1230.000000 9.080000 -0.342731
1230.000000 9.090000 -0.343773
1230.000000 9.100000 -0.344698
1230.000000 9.110000 -0.345510
1230.000000 9.120000 -0.346210
1230.000000 9.130000 -0.346801
1230.000000 9.140000 -0.347286
1230.000000 9.150000 -0.347666
1230.000000 9.160000 -0.347944
1230.000000 9.170000 -0.348123
1230.000000 9.180000 -0.348204
1230.000000 9.190000 -0.348190
1230.000000 9.200000 -0.348083
1230.000000 9.210000 -0.347886
1230.000000 9.220000 -0.347600
1230.000000 9.230000 -0.347229
1230.000000 9.240000 -0.346773
1230.000000 9.250000 -0.346236
1230.000000 9.260000 -0.345620
1230.000000 9.270000 -0.344926
1230.000000 9.280000 -0.344157
1230.000000 9.290000 -0.343315
1230.000000 9.300000 -0.342402
1230.000000 9.310000 -0.341421
1230.000000 9.320000 -0.340373
1230.000000 9.330000 -0.339260
1230.000000 9.340000 -0.338084
1230.000000 9.350000 -0.336847
1230.000000 9.360000 -0.335552
1230.000000 9.370000 -0.334200
1230.000000 9.380000 -0.332793
1230.000000 9.390000 -0.331333
1230.000000 9.400000 -0.329822
1230.000000 9.410000 -0.328262
1230.000000 9.420000 -0.326654
1230.000000 9.430000 -0.325000
1230.000000 9.440000 -0.323302
1230.000000 9.450000 -0.321562
1230.000000 9.460000 -0.319781
1230.000000 9.470000 -0.317962
1230.000000 9.480000 -0.316104
1230.000000 9.490000 -0.314211
1230.000000 9.500000 -0.312284
1230.000000 9.510000 -0.310324
1230.000000 9.520000 -0.308333
1230.000000 9.530000 -0.306313
1230.000000 9.540000 -0.304264
1230.000000 9.550000 -0.302188
1230.000000 9.560000 -0.300086
1230.000000 9.570000 -0.297961
1230.000000 9.580000 -0.295812
1230.000000 9.590000 -0.293642
1230.000000 9.600000 -0.291452
1230.000000 9.610000 -0.289243
1230.000000 9.620000 -0.287016
1230.000000 9.630000 -0.284772
1230.000000 9.640000 -0.282513
1230.000000 9.650000 -0.280239
1230.000000 9.660000 -0.277952
1230.000000 9.670000 -0.275653
1230.000000 9.680000 -0.273342
1230.000000 9.690000 -0.271021
1230.000000 9.700000 -0.268691
1230.000000 9.710000 -0.266352
1230.000000 9.720000 -0.264006
1230.000000 9.730000 -0.261654
1230.000000 9.740000 -0.259296
1230.000000 9.750000 -0.256933
1230.000000 9.760000 -0.254566
1230.000000 9.770000 -0.252195
1230.000000 9.780000 -0.249822
1230.000000 9.790000 -0.247448
1230.000000 9.800000 -0.245072
1230.000000 9.810000 -0.242696
1230.000000 9.820000 -0.240320
1230.000000 9.830000 -0.237946
1230.000000 9.840000 -0.235572
1230.000000 9.850000 -0.233201
1230.000000 9.860000 -0.230833
1230.000000 9.870000 -0.228468
1230.000000 9.880000 -0.226107
1230.000000 9.890000 -0.223750
1230.000000 9.900000 -0.221398
1230.000000 9.910000 -0.219051
1230.000000 9.920000 -0.216710
1230.000000 9.930000 -0.214375
1230.000000 9.940000 -0.212047
1230.000000 9.950000 -0.209726
1230.000000 9.960000 -0.207413
1230.000000 9.970000 -0.205107
1230.000000 9.980000 -0.202809
1230.000000 9.990000 -0.200519
1230.000000 10.000000 -0.198239
1230.000000 10.010000 -0.195968
1230.000000 10.020000 -0.193706
1230.000000 10.030000 -0.191453
1230.000000 10.040000 -0.189211
1230.000000 10.050000 -0.186979
1230.000000 10.060000 -0.184757
1230.000000 10.070000 -0.182546
1230.000000 10.080000 -0.180346
1230.000000 10.090000 -0.178157
1230.000000 10.100000 -0.175980
1230.000000 10.110000 -0.173814
1230.000000 10.120000 -0.171659
1230.000000 10.130000 -0.169517
1230.000000 10.140000 -0.167387
1230.000000 10.150000 -0.165269
1230.000000 10.160000 -0.163163
1230.000000 10.170000 -0.161070
1230.000000 10.180000 -0.158989
1230.000000 10.190000 -0.156922
1230.000000 10.200000 -0.154867
1230.000000 10.210000 -0.152825
1230.000000 10.220000 -0.150796
1230.000000 10.230000 -0.148781
1230.000000 10.240000 -0.146779
1230.000000 10.250000 -0.144791
1230.000000 10.260000 -0.142816
1230.000000 10.270000 -0.140855
1230.000000 10.280000 -0.138908
1230.000000 10.290000 -0.136975
1230.000000 10.300000 -0.135056
1230.000000 10.310000 -0.133150
1230.000000 10.320000 -0.131259
1230.000000 10.330000 -0.129383
1230.000000 10.340000 -0.127521
1230.000000 10.350000 -0.125673
1230.000000 10.360000 -0.123838
1230.000000 10.370000 -0.122013
1230.000000 10.380000 -0.120199
1230.000000 10.390000 -0.118396
1230.000000 10.400000 -0.116604
1230.000000 10.410000 -0.114824
1230.000000 10.420000 -0.113055
1230.000000 10.430000 -0.111299
1230.000000 10.440000 -0.109556
1230.000000 10.450000 -0.107825
1230.000000 10.460000 -0.106107
1230.000000 10.470000 -0.104403
1230.000000 10.480000 -0.102712
1230.000000 10.490000 -0.101035
1230.000000 10.500000 -0.099372
1230.000000 10.510000 -0.097723
1230.000000 10.520000 -0.096090
1230.000000 10.530000 -0.094471
1230.000000 10.540000 -0.092868
1230.000000 10.550000 -0.091280
1230.000000 10.560000 -0.089708
1230.000000 10.570000 -0.088152
1230.000000 10.580000 -0.086613
1230.000000 10.590000 -0.085091
1230.000000 10.600000 -0.083586
1230.000000 10.610000 -0.082098
1230.000000 10.620000 -0.080628
1230.000000 10.630000 -0.079176
1230.000000 10.640000 -0.077742
1230.000000 10.650000 -0.076327
1230.000000 10.660000 -0.074931
1230.000000 10.670000 -0.073554
1230.000000 10.680000 -0.072197
1230.000000 10.690000 -0.070860
1230.000000 10.700000 -0.069543
1230.000000 10.710000 -0.068246
1230.000000 10.720000 -0.066970
1230.000000 10.730000 -0.065716
1230.000000 10.740000 -0.064483
1230.000000 10.750000 -0.063272
1230.000000 10.760000 -0.062083
1230.000000 10.770000 -0.060916
1230.000000 10.780000 -0.059772
1230.000000 10.790000 -0.058652
1230.000000 10.800000 -0.057555
1230.000000 10.810000 -0.056482
1230.000000 10.820000 -0.055433
1230.000000 10.830000 -0.054408
1230.000000 10.840000 -0.053408
1230.000000 10.850000 -0.052433
1230.000000 10.860000 -0.051484
1230.000000 10.870000 -0.050561
1230.000000 10.880000 -0.049663
1230.000000 10.890000 -0.048792
1230.000000 10.900000 -0.047948
1230.000000 10.910000 -0.047131
1230.000000 10.920000 -0.046341
1230.000000 10.930000 -0.045579
1230.000000 10.940000 -0.044845
1230.000000 10.950000 -0.044139
1230.000000 10.960000 -0.043461
1230.000000 10.970000 -0.042813
1230.000000 10.980000 -0.042194
1230.000000 10.990000 -0.041604
1230.000000 11.000000 -0.041043
1230.000000 11.010000 -0.040513
1230.000000 11.020000 -0.040013
1230.000000 11.030000 -0.039543
1230.000000 11.040000 -0.039104
1230.000000 11.050000 -0.038696
1230.000000 11.060000 -0.038319
1230.000000 11.070000 -0.037974
1230.000000 11.080000 -0.037660
1230.000000 11.090000 -0.037378
1230.000000 11.100000 -0.037127
1230.000000 11.110000 -0.036909
1230.000000 11.120000 -0.036724
1230.000000 11.130000 -0.036571
1230.000000 11.140000 -0.036450
1230.000000 11.150000 -0.036362
1230.000000 11.160000 -0.036307
1230.000000 11.170000 -0.036286
1230.000000 11.180000 -0.036297
1230.000000 11.190000 -0.036341
1230.000000 11.200000 -0.036418
1230.000000 11.210000 -0.036529
1230.000000 11.220000 -0.036673
1230.000000 11.230000 -0.036851
1230.000000 11.240000 -0.037061
1230.000000 11.250000 -0.037305
1230.000000 11.260000 -0.037583
1230.000000 11.270000 -0.037893
1230.000000 11.280000 -0.038237
1230.000000 11.290000 -0.038613
1230.000000 11.300000 -0.039023
1230.000000 11.310000 -0.039466
1230.000000 11.320000 -0.039941
1230.000000 11.330000 -0.040448
1230.000000 11.340000 -0.040989
1230.000000 11.350000 -0.041561
1230.000000 11.360000 -0.042165
1230.000000 11.370000 -0.042801
1230.000000 11.380000 -0.043468
1230.000000 11.390000 -0.044167
1230.000000 11.400000 -0.044896
1230.000000 11.410000 -0.045656
1230.000000 11.420000 -0.046446
1230.000000 11.430000 -0.047266
1230.000000 11.440000 -0.048116
1230.000000 11.450000 -0.048994
1230.000000 11.460000 -0.049902
1230.000000 11.470000 -0.050837
1230.000000 11.480000 -0.051800
1230.000000 11.490000 -0.052791
1230.000000 11.500000 -0.053808
1230.000000 11.510000 -0.054851
1230.000000 11.520000 -0.055920
1230.000000 11.530000 -0.057014
1230.000000 11.540000 -0.058133
1230.000000 11.550000 -0.059275
1230.000000 11.560000 -0.060441
1230.000000 11.570000 -0.061629
1230.000000 11.580000 -0.062840
1230.000000 11.590000 -0.064071
1230.000000 11.600000 -0.065323
1230.000000 11.610000 -0.066595
1230.000000 11.620000 -0.067886
1230.000000 11.630000 -0.069195
1230.000000 11.640000 -0.070521
1230.000000 11.650000 -0.071864
1230.000000 11.660000 -0.073223
1230.000000 11.670000 -0.074597
1230.000000 11.680000 -0.075986
1230.000000 11.690000 -0.077387
1230.000000 11.700000 -0.078801
1230.000000 11.710000 -0.080226
1230.000000 11.720000 -0.081662
1230.000000 11.730000 -0.083108
1230.000000 11.740000 -0.084562
1230.000000 11.750000 -0.086024
1230.000000 11.760000 -0.087492
1230.000000 11.770000 -0.088967
1230.000000 11.780000 -0.090446
1230.000000 11.790000 -0.091930
1230.000000 11.800000 -0.093415
1230.000000 11.810000 -0.094903
1230.000000 11.820000 -0.096392
1230.000000 11.830000 -0.097880
1230.000000 11.840000 -0.099367
1230.000000 11.850000 -0.100851
1230.000000 11.860000 -0.102332
1230.000000 11.870000 -0.103809
1230.000000 11.880000 -0.105280
1230.000000 11.890000 -0.106745
1230.000000 11.900000 -0.108202
1230.000000 11.910000 -0.109650
1230.000000 11.920000 -0.111089
1230.000000 11.930000 -0.112516
1230.000000 11.940000 -0.113932
1230.000000 11.950000 -0.115335
1230.000000 11.960000 -0.116724
1230.000000 11.970000 -0.118099
1230.000000 11.980000 -0.119457
1230.000000 11.990000 -0.120798
1230.000000 12.000000 -0.122121
1230.000000 12.010000 -0.123425
1230.000000 12.020000 -0.124709
1230.000000 12.030000 -0.125972
1230.000000 12.040000 -0.127213
1230.000000 12.050000 -0.128431
1230.000000 12.060000 -0.129624
1230.000000 12.070000 -0.130794
1230.000000 12.080000 -0.131937
1230.000000 12.090000 -0.133054
1230.000000 12.100000 -0.134143
1230.000000 12.110000 -0.135203
1230.000000 12.120000 -0.136235
1230.000000 12.130000 -0.137236
1230.000000 12.140000 -0.138206
1230.000000 12.150000 -0.139144
1230.000000 12.160000 -0.140050
1230.000000 12.170000 -0.140923
1230.000000 12.180000 -0.141762
1230.000000 12.190000 -0.142566
1230.000000 12.200000 -0.143335
1230.000000 12.210000 -0.144067
1230.000000 12.220000 -0.144763
1230.000000 12.230000 -0.145422
1230.000000 12.240000 -0.146043
1230.000000 12.250000 -0.146626
1230.000000 12.260000 -0.147170
1230.000000 12.270000 -0.147675
1230.000000 12.280000 -0.148139
1230.000000 12.290000 -0.148564
1230.000000 12.300000 -0.148948
1230.000000 12.310000 -0.149291
1230.000000 12.320000 -0.149592
1230.000000 12.330000 -0.149852
1230.000000 12.340000 -0.150071
1230.000000 12.350000 -0.150247
1230.000000 12.360000 -0.150380
1230.000000 12.369999 -0.150472
1230.000000 12.379999 -0.150520
1230.000000 12.389999 -0.150526
1230.000000 12.399999 -0.150489
1230.000000 12.409999 -0.150409
1230.000000 12.419999 -0.150286
1230.000000 12.429999 -0.150121
1230.000000 12.439999 -0.149912
1230.000000 12.449999 -0.149661
1230.000000 12.459999 -0.149367
1230.000000 12.469999 -0.149031
1230.000000 12.479999 -0.148653
1230.000000 12.489999 -0.148232
1230.000000 12.499999 -0.147770
1230.000000 12.509999 -0.147267
1230.000000 12.519999 -0.146722
1230.000000 12.529999 -0.146136
1230.000000 12.539999 -0.145510
1230.000000 12.549999 -0.144843
1230.000000 12.559999 -0.144138
1230.000000 12.569999 -0.143393
1230.000000 12.579999 -0.142609
1230.000000 12.589999 -0.141787
1230.000000 12.599999 -0.140928
1230.000000 12.609999 -0.140031
1230.000000 12.619999 -0.139099
1230.000000 12.629999 -0.138130
1230.000000 12.639999 -0.137126
1230.000000 12.649999 -0.136088
1230.000000 12.659999 -0.135017
1230.000000 12.669999 -0.133912
1230.000000 12.679999 -0.132775
1230.000000 12.689999 -0.131607
1230.000000 12.699999 -0.130408
1230.000000 12.709999 -0.129179
1230.000000 12.719999 -0.127921
1230.000000 12.729999 -0.126635
1230.000000 12.739999 -0.125322
1230.000000 12.749999 -0.123983
1230.000000 12.759999 -0.122618
1230.000000 12.769999 -0.121228
1230.000000 12.779999 -0.119815
1230.000000 12.789999 -0.118379
1230.000000 12.799999 -0.116922
1230.000000 12.809999 -0.115444
1230.000000 12.819999 -0.113946
1230.000000 12.829999 -0.112429
1230.000000 12.839999 -0.110894
1230.000000 12.849999 -0.109343
1230.000000 12.859999 -0.107776
1230.000000 12.869999 -0.106195
1230.000000 12.879999 -0.104600
1230.000000 12.889999 -0.102992
1230.000000 12.899999 -0.101372
1230.000000 12.909999 -0.099742
1230.000000 12.919999 -0.098102
1230.000000 12.929999 -0.096454
1230.000000 12.939999 -0.094798
1230.000000 12.949999 -0.093136
1230.000000 12.959999 -0.091469
1230.000000 12.969999 -0.089797
1230.000000 12.979999 -0.088121
1230.000000 12.989999 -0.086443
1230.000000 12.999999 -0.084764
1230.000000 13.009999 -0.083084
1230.000000 13.019999 -0.081405
1230.000000 13.029999 -0.079728
1230.000000 13.039999 -0.078053
1230.000000 13.049999 -0.076381
1230.000000 13.059999 -0.074714
1230.000000 13.069999 -0.073052
1230.000000 13.079999 -0.071396
1230.000000 13.089999 -0.069748
1230.000000 13.099999 -0.068107
1230.000000 13.109999 -0.066475
1230.000000 13.119999 -0.064853
1230.000000 13.129999 -0.063242
1230.000000 13.139999 -0.061642
1230.000000 13.149999 -0.060054
1230.000000 13.159999 -0.058479
1230.000000 13.169999 -0.056917
1230.000000 13.179999 -0.055370
1230.000000 13.189999 -0.053838
1230.000000 13.199999 -0.052322
1230.000000 13.209999 -0.050823
1230.000000 13.219999 -0.049340
1230.000000 13.229999 -0.047875
1230.000000 13.239999 -0.046429
1230.000000 13.249999 -0.045001
1230.000000 13.259999 -0.043593
1230.000000 13.269999 -0.042204
1230.000000 13.279999 -0.040837
1230.000000 13.289999 -0.039490
1230.000000 13.299999 -0.038164
1230.000000 13.309999 -0.036861
1230.000000 13.319999 -0.035579
1230.000000 13.329999 -0.034320
1230.000000 13.339999 -0.033084
1230.000000 13.349999 -0.031872
1230.000000 13.359999 -0.030683
1230.000000 13.369999 -0.029517
1230.000000 13.379999 -0.028376
1230.000000 13.389999 -0.027259
1230.000000 13.399999 -0.026167
1230.000000 13.409999 -0.025099
1230.000000 13.419999 -0.024056
1230.000000 13.429999 -0.023038
1230.000000 13.439999 -0.022045
1230.000000 13.449999 -0.021076
1230.000000 13.459999 -0.020134
1230.000000 13.469999 -0.019216
1230.000000 13.479999 -0.018323
1230.000000 13.489999 -0.017455
1230.000000 13.499999 -0.016613
1230.000000 13.509999 -0.015795
1230.000000 13.519999 -0.015003
1230.000000 13.529999 -0.014235
1230.000000 13.539999 -0.013492
1230.000000 13.549999 -0.012773
1230.000000 13.559999 -0.012078
1230.000000 13.569999 -0.011408
1230.000000 13.579999 -0.010761
1230.000000 13.589999 -0.010138
1230.000000 13.599999 -0.009539
1230.000000 13.609999 -0.008962
1230.000000 13.619999 -0.008408
1230.000000 13.629999 -0.007877
1230.000000 13.639999 -0.007368
1230.000000 13.649999 -0.006881
1230.000000 13.659999 -0.006415
1230.000000 13.669999 -0.005970
1230.000000 13.679999 -0.005545
1230.000000 13.689999 -0.005141
1230.000000 13.699999 -0.004757
1230.000000 13.709999 -0.004393
1230.000000 13.719999 -0.004047
1230.000000 13.729999 -0.003720
1230.000000 13.739999 -0.003410
1230.000000 13.749999 -0.003119
1230.000000 13.759999 -0.002844
1230.000000 13.769999 -0.002587
1230.000000 13.779999 -0.002345
1230.000000 13.789999 -0.002119
1230.000000 13.799999 -0.001908
1230.000000 13.809999 -0.001711
1230.000000 13.819999 -0.001529
1230.000000 13.829999 -0.001360
1230.000000 13.839999 -0.001204
1230.000000 13.849999 -0.001061
1230.000000 13.859999 -0.000930
1230.000000 13.869999 -0.000810
1230.000000 13.879999 -0.000701
1230.000000 13.889999 -0.000602
1230.000000 13.899999 -0.000514
1230.000000 13.909999 -0.000434
1230.000000 13.919999 -0.000363
1230.000000 13.929999 -0.000301
1230.000000 13.939999 -0.000246
1230.000000 13.949999 -0.000198
1230.000000 13.959999 -0.000157
1230.000000 13.969999 -0.000123
1230.000000 13.979999 -0.000093
1230.000000 13.989999 -0.000069
1230.000000 13.999999 -0.000049
1230.000000 14.009999 -0.000034
1230.000000 14.019999 -0.000022
1230.000000 14.029999 -0.000013
1230.000000 14.039999 -0.000007
1230.000000 14.049999 -0.000003
1230.000000 14.059999 -0.000001
1230.000000 14.069999 0.000000
1230.000000 14.079999 0.000000
1230.000000 14.089999 0.000000
1230.000000 14.099999 0.000000
1230.000000 14.109999 0.000000
1230.000000 14.119999 0.000000
1230.000000 14.129999 0.000001
1230.000000 14.139999 0.000001
1230.000000 14.149999 0.000002
1230.000000 14.159999 0.000003
1230.000000 14.169999 0.000004
1230.000000 14.179999 0.000006
1230.000000 14.189999 0.000008
1230.000000 14.199999 0.000010
1230.000000 14.209999 0.000012
1230.000000 14.219999 0.000015
1230.000000 14.229999 0.000017
1230.000000 14.239999 0.000020
1230.000000 14.249999 0.000024
1230.000000 14.259999 0.000027
1230.000000 14.269999 0.000031
1230.000000 14.279999 0.000035
1230.000000 14.289999 0.000039
1230.000000 14.299999 0.000043
1230.000000 14.309999 0.000048
1230.000000 14.319999 0.000052
1230.000000 14.329999 0.000058
1230.000000 14.339999 0.000063
1230.000000 14.349999 0.000068
1230.000000 14.359999 0.000074
1230.000000 14.369999 0.000080
1230.000000 14.379999 0.000086
1230.000000 14.389999 0.000093
1230.000000 14.399999 0.000100
1230.000000 14.409999 0.000107
1230.000000 14.419999 0.000114
1230.000000 14.429999 0.000122
1230.000000 14.439999 0.000129
1230.000000 14.449999 0.000137
1230.000000 14.459999 0.000146
1230.000000 14.469999 0.000154
1230.000000 14.479999 0.000163
1230.000000 14.489999 0.000172
1230.000000 14.499999 0.000182
1230.000000 14.509999 0.000192
1230.000000 14.519999 0.000202
1230.000000 14.529999 0.000212
1230.000000 14.539999 0.000223
1230.000000 14.549999 0.000233
1230.000000 14.559999 0.000245
1230.000000 14.569999 0.000256
1230.000000 14.579999 0.000268
1230.000000 14.589999 0.000280
1230.000000 14.599999 0.000292
1230.000000 14.609999 0.000305
1230.000000 14.619999 0.000318
1230.000000 14.629999 0.000331
1230.000000 14.639999 0.000345
1230.000000 14.649999 0.000359
1230.000000 14.659999 0.000373
1230.000000 14.669999 0.000388
1230.000000 14.679999 0.000403
1230.000000 14.689999 0.000418
1230.000000 14.699999 0.000434
1230.000000 14.709999 0.000449
1230.000000 14.719999 0.000466
1230.000000 14.729999 0.000482
1230.000000 14.739999 0.000499
1230.000000 14.749999 0.000516
1230.000000 14.759999 0.000534
1230.000000 14.769999 0.000552
1230.000000 14.779999 0.000570
1230.000000 14.789999 0.000589
1230.000000 14.799999 0.000608
1230.000000 14.809999 0.000627
1230.000000 14.819999 0.000647
1230.000000 14.829999 0.000667
1230.000000 14.839999 0.000687
1230.000000 14.849999 0.000707
1230.000000 14.859999 0.000728
1230.000000 14.869999 0.000750
1230.000000 14.879999 0.000771
1230.000000 14.889999 0.000793
1230.000000 14.899999 0.000816
1230.000000 14.909999 0.000838
1230.000000 14.919999 0.000861
1230.000000 14.929999 0.000884
1230.000000 14.939999 0.000908
1230.000000 14.949999 0.000932
1230.000000 14.959999 0.000956
1230.000000 14.969999 0.000981
1230.000000 14.979999 0.001006
1230.000000 14.989999 0.001031
1230.000000 14.999999 0.001057
