-10.000000 -0.000266
-9.990000 -0.000274
-9.980000 -0.000281
-9.970000 -0.000288
-9.960000 -0.000296
-9.950000 -0.000303
-9.940000 -0.000311
-9.930000 -0.000318
-9.920000 -0.000326
-9.910000 -0.000334
-9.900000 -0.000342
-9.890000 -0.000350
-9.880000 -0.000358
-9.870000 -0.000366
-9.860000 -0.000374
-9.850000 -0.000382
-9.840000 -0.000391
-9.830000 -0.000399
-9.820000 -0.000408
-9.810000 -0.000416
-9.800000 -0.000425
-9.790000 -0.000434
-9.780000 -0.000443
-9.770000 -0.000451
-9.760000 -0.000460
-9.750000 -0.000469
-9.740000 -0.000479
-9.730000 -0.000488
-9.720000 -0.000497
-9.710000 -0.000506
-9.700000 -0.000516
-9.690000 -0.000525
-9.680000 -0.000535
-9.670000 -0.000545
-9.660000 -0.000554
-9.650000 -0.000564
-9.640000 -0.000574
-9.630000 -0.000584
-9.620000 -0.000594
-9.610000 -0.000604
-9.600000 -0.000614
-9.590000 -0.000625
-9.580000 -0.000635
-9.570000 -0.000645
-9.560000 -0.000656
-9.550000 -0.000666
-9.540000 -0.000677
-9.530000 -0.000688
-9.520000 -0.000699
-9.510000 -0.000709
-9.500000 -0.000720
-9.490000 -0.000731
-9.480000 -0.000742
-9.470000 -0.000753
-9.460000 -0.000764
-9.450000 -0.000775
-9.440000 -0.000787
-9.430000 -0.000798
-9.420000 -0.000809
-9.410000 -0.000820
-9.400000 -0.000831
-9.390000 -0.000843
-9.380000 -0.000854
-9.370000 -0.000865
-9.360000 -0.000877
-9.350000 -0.000888
-9.340000 -0.000899
-9.330000 -0.000910
-9.320000 -0.000921
-9.310000 -0.000933
-9.300000 -0.000944
-9.290000 -0.000955
-9.280000 -0.000965
-9.270000 -0.000976
-9.260000 -0.000987
-9.250000 -0.000998
-9.240000 -0.001008
-9.230000 -0.001018
-9.220000 -0.001028
-9.210000 -0.001038
-9.200000 -0.001048
-9.190000 -0.001058
-9.180000 -0.001067
-9.170000 -0.001076
-9.160000 -0.001085
-9.150000 -0.001093
-9.140000 -0.001101
-9.130000 -0.001109
-9.120000 -0.001117
-9.110000 -0.001124
-9.100000 -0.001130
-9.090000 -0.001136
-9.080000 -0.001142
-9.070000 -0.001147
-9.060000 -0.001152
-9.050000 -0.001156
-9.040000 -0.001159
-9.030000 -0.001162
-9.020000 -0.001164
-9.010000 -0.001166
-9.000000 -0.001167
-8.990000 -0.001166
-8.980000 -0.001166
-8.970000 -0.001164
-8.960000 -0.001161
-8.950000 -0.001157
-8.940000 -0.001153
-8.930000 -0.001147
-8.920000 -0.001140
-8.910000 -0.001132
-8.900000 -0.001122
-8.890000 -0.001112
-8.880000 -0.001100
-8.870000 -0.001086
-8.860000 -0.001071
-8.850000 -0.001055
-8.840000 -0.001037
-8.830000 -0.001017
-8.820000 -0.000996
-8.810000 -0.000972
-8.800000 -0.000947
-8.790000 -0.000920
-8.780000 -0.000891
-8.770000 -0.000859
-8.760000 -0.000826
-8.750000 -0.000790
-8.740000 -0.000752
-8.730000 -0.000711
-8.720000 -0.000667
-8.710000 -0.000621
-8.700000 -0.000572
-8.690000 -0.000520
-8.680000 -0.000465
-8.670000 -0.000407
-8.660000 -0.000346
-8.650000 -0.000281
-8.640000 -0.000213
-8.630000 -0.000141
-8.620000 -0.000065
-8.610000 0.000014
-8.600000 0.000098
-8.590000 0.000185
-8.580000 0.000277
-8.570000 0.000373
-8.560000 0.000474
-8.550000 0.000580
-8.540000 0.000690
-8.530000 0.000806
-8.520000 0.000926
-8.510000 0.001053
-8.500000 0.001184
-8.490000 0.001322
-8.480000 0.001465
-8.470000 0.001614
-8.460000 0.001770
-8.450000 0.001932
-8.440000 0.002100
-8.430000 0.002276
-8.420000 0.002458
-8.410000 0.002648
-8.400000 0.002845
-8.390000 0.003050
-8.380000 0.003263
-8.370000 0.003484
-8.360000 0.003713
-8.350000 0.003950
-8.340000 0.004197
-8.330000 0.004452
-8.320000 0.004717
-8.310000 0.004992
-8.300000 0.005276
-8.290000 0.005570
-8.280000 0.005874
-8.270000 0.006189
-8.260000 0.006515
-8.250000 0.006851
-8.240000 0.007199
-8.230000 0.007559
-8.220000 0.007931
-8.210000 0.008314
-8.200000 0.008710
-8.190000 0.009119
-8.180000 0.009541
-8.170000 0.009977
-8.160000 0.010426
-8.150000 0.010888
-8.140000 0.011366
-8.130000 0.011857
-8.120000 0.012364
-8.110000 0.012885
-8.100000 0.013423
-8.090000 0.013975
-8.080000 0.014544
-8.070000 0.015130
-8.060000 0.015732
-8.050000 0.016351
-8.040000 0.016988
-8.030000 0.017642
-8.020000 0.018315
-8.010000 0.019006
-8.000000 0.019715
-7.990000 0.020443
-7.980000 0.021191
-7.970000 0.021959
-7.960000 0.022746
-7.950000 0.023554
-7.940000 0.024382
-7.930000 0.025231
-7.920000 0.026101
-7.910000 0.026993
-7.900000 0.027907
-7.890000 0.028843
-7.880000 0.029801
-7.870000 0.030783
-7.860000 0.031787
-7.850000 0.032814
-7.840000 0.033865
-7.830000 0.034940
-7.820000 0.036040
-7.810000 0.037163
-7.800000 0.038312
-7.790000 0.039485
-7.780000 0.040683
-7.770000 0.041907
-7.760000 0.043156
-7.750000 0.044432
-7.740000 0.045733
-7.730000 0.047061
-7.720000 0.048415
-7.710000 0.049795
-7.700000 0.051203
-7.690000 0.052637
-7.680000 0.054099
-7.670000 0.055587
-7.660000 0.057103
-7.650000 0.058647
-7.640000 0.060218
-7.630000 0.061816
-7.620000 0.063442
-7.610000 0.065096
-7.600000 0.066778
-7.590000 0.068487
-7.580000 0.070224
-7.570000 0.071989
-7.560000 0.073781
-7.550000 0.075601
-7.540000 0.077448
-7.530000 0.079323
-7.520000 0.081225
-7.510000 0.083155
-7.500000 0.085111
-7.490000 0.087094
-7.480000 0.089103
-7.470000 0.091139
-7.460000 0.093202
-7.450000 0.095290
-7.440000 0.097403
-7.430000 0.099542
-7.420000 0.101706
-7.410000 0.103894
-7.400000 0.106106
-7.390000 0.108342
-7.380000 0.110602
-7.370000 0.112884
-7.360000 0.115189
-7.350000 0.117515
-7.340000 0.119863
-7.330000 0.122231
-7.320000 0.124620
-7.310000 0.127028
-7.300000 0.129455
-7.290000 0.131900
-7.280000 0.134363
-7.270000 0.136842
-7.260000 0.139338
-7.250000 0.141848
-7.240000 0.144374
-7.230000 0.146912
-7.220000 0.149464
-7.210000 0.152027
-7.200000 0.154601
-7.190000 0.157185
-7.180000 0.159778
-7.170000 0.162379
-7.160000 0.164987
-7.150000 0.167601
-7.140000 0.170220
-7.130000 0.172843
-7.120000 0.175468
-7.110000 0.178095
-7.100000 0.180722
-7.090000 0.183349
-7.080000 0.185973
-7.070000 0.188594
-7.060000 0.191210
-7.050000 0.193821
-7.040000 0.196424
-7.030000 0.199019
-7.020000 0.201604
-7.010000 0.204178
-7.000000 0.206739
-6.990000 0.209286
-6.980000 0.211818
-6.970000 0.214333
-6.960000 0.216829
-6.950000 0.219306
-6.940000 0.221762
-6.930000 0.224194
-6.920000 0.226603
-6.910000 0.228986
-6.900000 0.231341
-6.890000 0.233668
-6.880000 0.235964
-6.870000 0.238229
-6.860000 0.240459
-6.850000 0.242655
-6.840000 0.244814
-6.830000 0.246935
-6.820000 0.249016
-6.810000 0.251056
-6.800000 0.253053
-6.790000 0.255005
-6.780000 0.256911
-6.770000 0.258770
-6.760000 0.260579
-6.750000 0.262338
-6.740000 0.264044
-6.730000 0.265697
-6.720000 0.267293
-6.710000 0.268834
-6.700000 0.270315
-6.690000 0.271737
-6.680000 0.273097
-6.670000 0.274394
-6.660000 0.275627
-6.650000 0.276795
-6.640000 0.277895
-6.630000 0.278926
-6.620000 0.279888
-6.610000 0.280778
-6.600000 0.281596
-6.590000 0.282340
-6.580000 0.283008
-6.570000 0.283600
-6.560000 0.284115
-6.550000 0.284551
-6.540000 0.284907
-6.530000 0.285182
-6.520000 0.285374
-6.510000 0.285484
-6.500000 0.285509
-6.490000 0.285449
-6.480000 0.285303
-6.470000 0.285070
-6.460000 0.284750
-6.450000 0.284340
-6.440000 0.283841
-6.430000 0.283252
-6.420000 0.282573
-6.410000 0.281801
-6.400000 0.280938
-6.390000 0.279982
-6.380000 0.278933
-6.370000 0.277790
-6.360000 0.276554
-6.350000 0.275223
-6.340000 0.273798
-6.330000 0.272278
-6.320000 0.270662
-6.310000 0.268952
-6.300000 0.267146
-6.290000 0.265245
-6.280000 0.263249
-6.270000 0.261157
-6.260000 0.258970
-6.250000 0.256689
-6.240000 0.254312
-6.230000 0.251841
-6.220000 0.249276
-6.210000 0.246618
-6.200000 0.243866
-6.190000 0.241021
-6.180000 0.238084
-6.170000 0.235056
-6.160000 0.231936
-6.150000 0.228727
-6.140000 0.225428
-6.130000 0.222040
-6.120000 0.218565
-6.110000 0.215003
-6.100000 0.211355
-6.090000 0.207622
-6.080000 0.203805
-6.070000 0.199906
-6.060000 0.195926
-6.050000 0.191866
-6.040000 0.187727
-6.030000 0.183510
-6.020000 0.179217
-6.010000 0.174850
-6.000000 0.170409
-5.990000 0.165897
-5.980000 0.161315
-5.970000 0.156664
-5.960000 0.151947
-5.950000 0.147164
-5.940000 0.142319
-5.930000 0.137411
-5.920000 0.132444
-5.910000 0.127419
-5.900000 0.122338
-5.890000 0.117203
-5.880000 0.112015
-5.870000 0.106778
-5.860000 0.101493
-5.850000 0.096161
-5.840000 0.090786
-5.830000 0.085368
-5.820000 0.079911
-5.810000 0.074417
-5.800000 0.068886
-5.790000 0.063323
-5.780000 0.057729
-5.770000 0.052106
-5.760000 0.046457
-5.750000 0.040783
-5.740000 0.035088
-5.730000 0.029372
-5.720000 0.023640
-5.710000 0.017893
-5.700000 0.012132
-5.690000 0.006362
-5.680000 0.000583
-5.670000 -0.005201
-5.660000 -0.010988
-5.650000 -0.016777
-5.640000 -0.022564
-5.630000 -0.028348
-5.620000 -0.034125
-5.610000 -0.039894
-5.600000 -0.045653
-5.590000 -0.051399
-5.580000 -0.057129
-5.570000 -0.062842
-5.560000 -0.068535
-5.550000 -0.074206
-5.540000 -0.079853
-5.530000 -0.085474
-5.520000 -0.091065
-5.510000 -0.096626
-5.500000 -0.102154
-5.490000 -0.107647
-5.480000 -0.113103
-5.470000 -0.118519
-5.460000 -0.123894
-5.450000 -0.129225
-5.440000 -0.134512
-5.430000 -0.139751
-5.420000 -0.144940
-5.410000 -0.150079
-5.400000 -0.155164
-5.390000 -0.160195
-5.380000 -0.165170
-5.370000 -0.170085
-5.360000 -0.174941
-5.350000 -0.179735
-5.340000 -0.184466
-5.330000 -0.189132
-5.320000 -0.193732
-5.310000 -0.198263
-5.300000 -0.202725
-5.290000 -0.207117
-5.280000 -0.211436
-5.270000 -0.215682
-5.260000 -0.219853
-5.250000 -0.223948
-5.240000 -0.227965
-5.230000 -0.231905
-5.220000 -0.235765
-5.210000 -0.239545
-5.200000 -0.243243
-5.190000 -0.246859
-5.180000 -0.250392
-5.170000 -0.253841
-5.160000 -0.257205
-5.150000 -0.260483
-5.140000 -0.263676
-5.130000 -0.266781
-5.120000 -0.269799
-5.110000 -0.272729
-5.100000 -0.275571
-5.090000 -0.278324
-5.080000 -0.280987
-5.070000 -0.283561
-5.060000 -0.286045
-5.050000 -0.288439
-5.040000 -0.290743
-5.030000 -0.292957
-5.020000 -0.295080
-5.010000 -0.297112
-5.000000 -0.299054
-4.990000 -0.300906
-4.980000 -0.302667
-4.970000 -0.304338
-4.960000 -0.305921
-4.950000 -0.307419
-4.940000 -0.308832
-4.930000 -0.310160
-4.920000 -0.311403
-4.910000 -0.312563
-4.900000 -0.313639
-4.890000 -0.314633
-4.880000 -0.315544
-4.870000 -0.316374
-4.860000 -0.317122
-4.850000 -0.317790
-4.840000 -0.318379
-4.830000 -0.318888
-4.820000 -0.319319
-4.810000 -0.319673
-4.800000 -0.319950
-4.790000 -0.320151
-4.780000 -0.320277
-4.770000 -0.320329
-4.760000 -0.320308
-4.750000 -0.320215
-4.740000 -0.320050
-4.730000 -0.319815
-4.720000 -0.319510
-4.710000 -0.319138
-4.700000 -0.318697
-4.690000 -0.318191
-4.680000 -0.317620
-4.670000 -0.316984
-4.660000 -0.316285
-4.650000 -0.315525
-4.640000 -0.314704
-4.630000 -0.313823
-4.620000 -0.312884
-4.610000 -0.311887
-4.600000 -0.310835
-4.590000 -0.309727
-4.580000 -0.308566
-4.570000 -0.307353
-4.560000 -0.306088
-4.550000 -0.304773
-4.540000 -0.303410
-4.530000 -0.301998
-4.520000 -0.300541
-4.510000 -0.299038
-4.500000 -0.297492
-4.490000 -0.295903
-4.480000 -0.294272
-4.470000 -0.292602
-4.460000 -0.290892
-4.450000 -0.289145
-4.440000 -0.287362
-4.430000 -0.285543
-4.420000 -0.283691
-4.410000 -0.281806
-4.400000 -0.279889
-4.390000 -0.277942
-4.380000 -0.275966
-4.370000 -0.273963
-4.360000 -0.271933
-4.350000 -0.269877
-4.340000 -0.267797
-4.330000 -0.265695
-4.320000 -0.263570
-4.310000 -0.261425
-4.300000 -0.259260
-4.290000 -0.257077
-4.280000 -0.254876
-4.270000 -0.252659
-4.260000 -0.250427
-4.250000 -0.248182
-4.240000 -0.245923
-4.230000 -0.243652
-4.220000 -0.241371
-4.210000 -0.239079
-4.200000 -0.236779
-4.190000 -0.234472
-4.180000 -0.232157
-4.170000 -0.229836
-4.160000 -0.227511
-4.150000 -0.225182
-4.140000 -0.222850
-4.130000 -0.220515
-4.120000 -0.218180
-4.110000 -0.215843
-4.100000 -0.213508
-4.090000 -0.211174
-4.080000 -0.208841
-4.070000 -0.206512
-4.060000 -0.204186
-4.050000 -0.201865
-4.040000 -0.199549
-4.030000 -0.197239
-4.020000 -0.194935
-4.010000 -0.192639
-4.000000 -0.190350
-3.990000 -0.188070
-3.980000 -0.185799
-3.970000 -0.183538
-3.960000 -0.181287
-3.950000 -0.179047
-3.940000 -0.176818
-3.930000 -0.174601
-3.920000 -0.172397
-3.910000 -0.170205
-3.900000 -0.168027
-3.890000 -0.165863
-3.880000 -0.163713
-3.870000 -0.161577
-3.860000 -0.159456
-3.850000 -0.157351
-3.840000 -0.155261
-3.830000 -0.153188
-3.820000 -0.151130
-3.810000 -0.149089
-3.800000 -0.147065
-3.790000 -0.145058
-3.780000 -0.143069
-3.770000 -0.141096
-3.760000 -0.139142
-3.750000 -0.137205
-3.740000 -0.135286
-3.730000 -0.133385
-3.720000 -0.131503
-3.710000 -0.129639
-3.700000 -0.127793
-3.690000 -0.125965
-3.680000 -0.124156
-3.670000 -0.122365
-3.660000 -0.120593
-3.650000 -0.118840
-3.640000 -0.117104
-3.630000 -0.115387
-3.620000 -0.113689
-3.610000 -0.112008
-3.600000 -0.110346
-3.590000 -0.108702
-3.580000 -0.107075
-3.570000 -0.105467
-3.560000 -0.103876
-3.550000 -0.102302
-3.540000 -0.100745
-3.530000 -0.099205
-3.520000 -0.097682
-3.510000 -0.096176
-3.500000 -0.094686
-3.490000 -0.093211
-3.480000 -0.091753
-3.470000 -0.090310
-3.460000 -0.088882
-3.450000 -0.087468
-3.440000 -0.086069
-3.430000 -0.084684
-3.420000 -0.083313
-3.410000 -0.081955
-3.400000 -0.080610
-3.390000 -0.079278
-3.380000 -0.077958
-3.370000 -0.076649
-3.360000 -0.075351
-3.350000 -0.074065
-3.340000 -0.072788
-3.330000 -0.071522
-3.320000 -0.070265
-3.310000 -0.069017
-3.300000 -0.067777
-3.290000 -0.066545
-3.280000 -0.065320
-3.270000 -0.064102
-3.260000 -0.062890
-3.250000 -0.061684
-3.240000 -0.060482
-3.230000 -0.059286
-3.220000 -0.058093
-3.210000 -0.056903
-3.200000 -0.055716
-3.190000 -0.054532
-3.180000 -0.053348
-3.170000 -0.052166
-3.160000 -0.050983
-3.150000 -0.049800
-3.140000 -0.048616
-3.130000 -0.047430
-3.120000 -0.046241
-3.110000 -0.045049
-3.100000 -0.043853
-3.090000 -0.042652
-3.080000 -0.041446
-3.070000 -0.040234
-3.060000 -0.039015
-3.050000 -0.037788
-3.040000 -0.036553
-3.030000 -0.035309
-3.020000 -0.034054
-3.010000 -0.032790
-3.000000 -0.031513
-2.990000 -0.030225
-2.980000 -0.028923
-2.970000 -0.027607
-2.960000 -0.026277
-2.950000 -0.024931
-2.940000 -0.023569
-2.930000 -0.022189
-2.920000 -0.020791
-2.910000 -0.019375
-2.900000 -0.017939
-2.890000 -0.016482
-2.880000 -0.015003
-2.870000 -0.013502
-2.860000 -0.011978
-2.850000 -0.010429
-2.840000 -0.008855
-2.830000 -0.007256
-2.820000 -0.005629
-2.810000 -0.003974
-2.800000 -0.002290
-2.790000 -0.000577
-2.780000 0.001167
-2.770000 0.002943
-2.760000 0.004752
-2.750000 0.006594
-2.740000 0.008471
-2.730000 0.010383
-2.720000 0.012332
-2.710000 0.014319
-2.700000 0.016344
-2.690000 0.018409
-2.680000 0.020515
-2.670000 0.022662
-2.660000 0.024852
-2.650000 0.027086
-2.640000 0.029364
-2.630000 0.031688
-2.620000 0.034060
-2.610000 0.036479
-2.600000 0.038947
-2.590000 0.041465
-2.580000 0.044034
-2.570000 0.046655
-2.560000 0.049329
-2.550000 0.052058
-2.540000 0.054842
-2.530000 0.057683
-2.520000 0.060581
-2.510000 0.063537
-2.500000 0.066554
-2.490000 0.069631
-2.480000 0.072770
-2.470000 0.075972
-2.460000 0.079238
-2.450000 0.082569
-2.440000 0.085966
-2.430000 0.089431
-2.420000 0.092963
-2.410000 0.096565
-2.400000 0.100238
-2.390000 0.103982
-2.380000 0.107799
-2.370000 0.111689
-2.360000 0.115654
-2.350000 0.119694
-2.340000 0.123811
-2.330000 0.128006
-2.320000 0.132280
-2.310000 0.136633
-2.300000 0.141067
-2.290000 0.145582
-2.280000 0.150180
-2.270000 0.154861
-2.260000 0.159627
-2.250000 0.164478
-2.240000 0.169415
-2.230000 0.174440
-2.220000 0.179552
-2.210000 0.184753
-2.200000 0.190043
-2.190000 0.195423
-2.180000 0.200895
-2.170000 0.206458
-2.160000 0.212114
-2.150000 0.217862
-2.140000 0.223705
-2.130000 0.229641
-2.120000 0.235673
-2.110000 0.241799
-2.100000 0.248022
-2.090000 0.254341
-2.080000 0.260757
-2.070000 0.267269
-2.060000 0.273880
-2.050000 0.280588
-2.040000 0.287394
-2.030000 0.294298
-2.020000 0.301300
-2.010000 0.308401
-2.000000 0.315601
-1.990000 0.322899
-1.980000 0.330295
-1.970000 0.337790
-1.960000 0.345383
-1.950000 0.353074
-1.940000 0.360863
-1.930000 0.368749
-1.920000 0.376733
-1.910000 0.384813
-1.900000 0.392988
-1.890000 0.401260
-1.880000 0.409626
-1.870000 0.418086
-1.860000 0.426639
-1.850000 0.435285
-1.840000 0.444022
-1.830000 0.452850
-1.820000 0.461767
-1.810000 0.470772
-1.800000 0.479864
-1.790000 0.489042
-1.780000 0.498304
-1.770000 0.507649
-1.760000 0.517075
-1.750000 0.526580
-1.740000 0.536163
-1.730000 0.545823
-1.720000 0.555556
-1.710000 0.565361
-1.700000 0.575237
-1.690000 0.585180
-1.680000 0.595189
-1.670000 0.605261
-1.660000 0.615394
-1.650000 0.625586
-1.640000 0.635833
-1.630000 0.646133
-1.620000 0.656484
-1.610000 0.666882
-1.600000 0.677324
-1.590000 0.687808
-1.580000 0.698329
-1.570000 0.708886
-1.560000 0.719474
-1.550000 0.730091
-1.540000 0.740732
-1.530000 0.751395
-1.520000 0.762075
-1.510000 0.772768
-1.500000 0.783471
-1.490000 0.794180
-1.480000 0.804891
-1.470000 0.815600
-1.460000 0.826302
-1.450000 0.836993
-1.440000 0.847669
-1.430000 0.858325
-1.420000 0.868958
-1.410000 0.879561
-1.400000 0.890131
-1.390000 0.900664
-1.380000 0.911153
-1.370000 0.921594
-1.360000 0.931983
-1.350000 0.942313
-1.340000 0.952581
-1.330000 0.962781
-1.320000 0.972908
-1.310000 0.982956
-1.300000 0.992920
-1.290000 1.002796
-1.280000 1.012577
-1.270000 1.022257
-1.260000 1.031833
-1.250000 1.041297
-1.240000 1.050645
-1.230000 1.059871
-1.220000 1.068969
-1.210000 1.077934
-1.200000 1.086759
-1.190000 1.095440
-1.180000 1.103971
-1.170000 1.112345
-1.160000 1.120557
-1.150000 1.128602
-1.140000 1.136473
-1.130000 1.144165
-1.120000 1.151672
-1.110000 1.158989
-1.100000 1.166109
-1.090000 1.173028
-1.080000 1.179739
-1.070000 1.186237
-1.060000 1.192515
-1.050000 1.198570
-1.040000 1.204394
-1.030000 1.209983
-1.020000 1.215332
-1.010000 1.220434
-1.000000 1.225284
-0.990000 1.229878
-0.980000 1.234209
-0.970000 1.238274
-0.960000 1.242066
-0.950000 1.245581
-0.940000 1.248814
-0.930000 1.251759
-0.920000 1.254413
-0.910000 1.256771
-0.900000 1.258828
-0.890000 1.260580
-0.880000 1.262022
-0.870000 1.263150
-0.860000 1.263960
-0.850000 1.264448
-0.840000 1.264610
-0.830000 1.264443
-0.820000 1.263942
-0.810000 1.263105
-0.800000 1.261928
-0.790000 1.260408
-0.780000 1.258541
-0.770000 1.256325
-0.760000 1.253757
-0.750000 1.250835
-0.740000 1.247555
-0.730000 1.243916
-0.720000 1.239916
-0.710000 1.235552
-0.700000 1.230823
-0.690000 1.225727
-0.680000 1.220263
-0.670000 1.214429
-0.660000 1.208225
-0.650000 1.201649
-0.640000 1.194701
-0.630000 1.187379
-0.620000 1.179685
-0.610000 1.171617
-0.600000 1.163175
-0.590000 1.154360
-0.580000 1.145173
-0.570000 1.135613
-0.560000 1.125681
-0.550000 1.115379
-0.540000 1.104708
-0.530000 1.093669
-0.520000 1.082263
-0.510000 1.070492
-0.500000 1.058359
-0.490000 1.045865
-0.480000 1.033013
-0.470000 1.019805
-0.460000 1.006244
-0.450000 0.992333
-0.440000 0.978075
-0.430000 0.963473
-0.420000 0.948531
-0.410000 0.933253
-0.400000 0.917642
-0.390000 0.901703
-0.380000 0.885439
-0.370000 0.868856
-0.360000 0.851957
-0.350000 0.834749
-0.340000 0.817234
-0.330000 0.799420
-0.320000 0.781310
-0.310000 0.762911
-0.300000 0.744229
-0.290000 0.725268
-0.280000 0.706036
-0.270000 0.686538
-0.260000 0.666780
-0.250000 0.646769
-0.240000 0.626512
-0.230000 0.606015
-0.220000 0.585286
-0.210000 0.564330
-0.200000 0.543156
-0.190000 0.521771
-0.180000 0.500181
-0.170000 0.478395
-0.160000 0.456421
-0.150000 0.434265
-0.140000 0.411936
-0.130000 0.389442
-0.120000 0.366790
-0.110000 0.343990
-0.100000 0.321048
-0.090000 0.297975
-0.080000 0.274776
-0.070000 0.251463
-0.060000 0.228041
-0.050000 0.204522
-0.040000 0.180912
-0.030000 0.157221
-0.020000 0.133457
-0.010000 0.109630
-0.000000 0.085747
0.010000 0.061818
0.020000 0.037852
0.030000 0.013858
0.040000 -0.010157
0.050000 -0.034182
0.060000 -0.058209
0.070000 -0.082229
0.080000 -0.106233
0.090000 -0.130212
0.100000 -0.154158
0.110000 -0.178061
0.120000 -0.201913
0.130000 -0.225705
0.140000 -0.249429
0.150000 -0.273075
0.160000 -0.296636
0.170000 -0.320102
0.180000 -0.343466
0.190000 -0.366718
0.200000 -0.389850
0.210000 -0.412855
0.220000 -0.435724
0.230000 -0.458448
0.240000 -0.481021
0.250000 -0.503433
0.260000 -0.525678
0.270000 -0.547747
0.280000 -0.569633
0.290000 -0.591328
0.300000 -0.612825
0.310000 -0.634118
0.320000 -0.655198
0.330000 -0.676059
0.340000 -0.696694
0.350000 -0.717096
0.360000 -0.737258
0.370000 -0.757175
0.380000 -0.776840
0.390000 -0.796247
0.400000 -0.815390
0.410000 -0.834263
0.420000 -0.852860
0.430000 -0.871177
0.440000 -0.889206
0.450000 -0.906945
0.460000 -0.924387
0.470000 -0.941527
0.480000 -0.958362
0.490000 -0.974886
0.500000 -0.991095
0.510000 -1.006986
0.520000 -1.022553
0.530000 -1.037794
0.540000 -1.052705
0.550000 -1.067283
0.560000 -1.081523
0.570000 -1.095424
0.580000 -1.108982
0.590000 -1.122195
0.600000 -1.135061
0.610000 -1.147576
0.620000 -1.159739
0.630000 -1.171548
0.640000 -1.183001
0.650000 -1.194097
0.660000 -1.204835
0.670000 -1.215212
0.680000 -1.225229
0.690000 -1.234884
0.700000 -1.244176
0.710000 -1.253106
0.720000 -1.261673
0.730000 -1.269877
0.740000 -1.277718
0.750000 -1.285196
0.760000 -1.292312
0.770000 -1.299066
0.780000 -1.305460
0.790000 -1.311493
0.800000 -1.317167
0.810000 -1.322484
0.820000 -1.327445
0.830000 -1.332051
0.840000 -1.336304
0.850000 -1.340206
0.860000 -1.343760
0.870000 -1.346966
0.880000 -1.349829
0.890000 -1.352349
0.900000 -1.354530
0.910000 -1.356375
0.920000 -1.357886
0.930000 -1.359066
0.940000 -1.359920
0.950000 -1.360449
0.960000 -1.360657
0.970000 -1.360548
0.980000 -1.360125
0.990000 -1.359393
1.000000 -1.358354
1.010000 -1.357013
1.020000 -1.355375
1.030000 -1.353442
1.040000 -1.351220
1.050000 -1.348712
1.060000 -1.345924
1.070000 -1.342859
1.080000 -1.339522
1.090000 -1.335918
1.100000 -1.332052
1.110000 -1.327927
1.120000 -1.323550
1.130000 -1.318925
1.140000 -1.314057
1.150000 -1.308950
1.160000 -1.303611
1.170000 -1.298044
1.180000 -1.292254
1.190000 -1.286247
1.200000 -1.280027
1.210000 -1.273600
1.220000 -1.266972
1.230000 -1.260146
1.240000 -1.253130
1.250000 -1.245928
1.260000 -1.238545
1.270000 -1.230987
1.280000 -1.223260
1.290000 -1.215367
1.300000 -1.207316
1.310000 -1.199111
1.320000 -1.190758
1.330000 -1.182262
1.340000 -1.173628
1.350000 -1.164861
1.360000 -1.155968
1.370000 -1.146952
1.380000 -1.137821
1.390000 -1.128577
1.400000 -1.119228
1.410000 -1.109778
1.420000 -1.100232
1.430000 -1.090595
1.440000 -1.080872
1.450000 -1.071069
1.460000 -1.061189
1.470000 -1.051239
1.480000 -1.041223
1.490000 -1.031146
1.500000 -1.021013
1.510000 -1.010828
1.520000 -1.000595
1.530000 -0.990321
1.540000 -0.980008
1.550000 -0.969662
1.560000 -0.959287
1.570000 -0.948887
1.580000 -0.938467
1.590000 -0.928030
1.600000 -0.917581
1.610000 -0.907125
1.620000 -0.896664
1.630000 -0.886204
1.640000 -0.875747
1.650000 -0.865297
1.660000 -0.854859
1.670000 -0.844436
1.680000 -0.834031
1.690000 -0.823648
1.700000 -0.813290
1.710000 -0.802961
1.720000 -0.792664
1.730000 -0.782401
1.740000 -0.772177
1.750000 -0.761994
1.760000 -0.751855
1.770000 -0.741762
1.780000 -0.731719
1.790000 -0.721729
1.800000 -0.711793
1.810000 -0.701914
1.820000 -0.692096
1.830000 -0.682339
1.840000 -0.672647
1.850000 -0.663022
1.860000 -0.653465
1.870000 -0.643979
1.880000 -0.634566
1.890000 -0.625228
1.900000 -0.615966
1.910000 -0.606782
1.920000 -0.597678
1.930000 -0.588655
1.940000 -0.579716
1.950000 -0.570861
1.960000 -0.562091
1.970000 -0.553409
1.980000 -0.544815
1.990000 -0.536311
2.000000 -0.527897
2.010000 -0.519574
2.020000 -0.511344
2.030000 -0.503207
2.040000 -0.495165
2.050000 -0.487217
2.060000 -0.479366
2.070000 -0.471610
2.080000 -0.463951
2.090000 -0.456390
2.100000 -0.448926
2.110000 -0.441561
2.120000 -0.434294
2.130000 -0.427126
2.140000 -0.420057
2.150000 -0.413088
2.160000 -0.406217
2.170000 -0.399447
2.180000 -0.392775
2.190000 -0.386203
2.200000 -0.379731
2.210000 -0.373358
2.220000 -0.367084
2.230000 -0.360909
2.240000 -0.354832
2.250000 -0.348855
2.260000 -0.342975
2.270000 -0.337193
2.280000 -0.331508
2.290000 -0.325921
2.300000 -0.320430
2.310000 -0.315035
2.320000 -0.309735
2.330000 -0.304531
2.340000 -0.299421
2.350000 -0.294404
2.360000 -0.289481
2.370000 -0.284650
2.380000 -0.279911
2.390000 -0.275264
2.400000 -0.270706
2.410000 -0.266238
2.420000 -0.261859
2.430000 -0.257569
2.440000 -0.253365
2.450000 -0.249248
2.460000 -0.245216
2.470000 -0.241270
2.480000 -0.237407
2.490000 -0.233627
2.500000 -0.229929
2.510000 -0.226313
2.520000 -0.222776
2.530000 -0.219320
2.540000 -0.215941
2.550000 -0.212640
2.560000 -0.209416
2.570000 -0.206267
2.580000 -0.203193
2.590000 -0.200193
2.600000 -0.197265
2.610000 -0.194410
2.620000 -0.191625
2.630000 -0.188910
2.640000 -0.186263
2.650000 -0.183685
2.660000 -0.181174
2.670000 -0.178728
2.680000 -0.176348
2.690000 -0.174032
2.700000 -0.171779
2.710000 -0.169588
2.720000 -0.167458
2.730000 -0.165388
2.740000 -0.163378
2.750000 -0.161426
2.760000 -0.159532
2.770000 -0.157694
2.780000 -0.155911
2.790000 -0.154184
2.800000 -0.152510
2.810000 -0.150889
2.820000 -0.149320
2.830000 -0.147803
2.840000 -0.146335
2.850000 -0.144918
2.860000 -0.143548
2.870000 -0.142227
2.880000 -0.140952
2.890000 -0.139724
2.900000 -0.138541
2.910000 -0.137403
2.920000 -0.136308
2.930000 -0.135256
2.940000 -0.134247
2.950000 -0.133279
2.960000 -0.132352
2.970000 -0.131465
2.980000 -0.130618
2.990000 -0.129809
3.000000 -0.129038
3.010000 -0.128305
3.020000 -0.127608
3.030000 -0.126947
3.040000 -0.126322
3.050000 -0.125732
3.060000 -0.125176
3.070000 -0.124653
3.080000 -0.124164
3.090000 -0.123707
3.100000 -0.123282
3.110000 -0.122889
3.120000 -0.122527
3.130000 -0.122195
3.140000 -0.121893
3.150000 -0.121621
3.160000 -0.121377
3.170000 -0.121163
3.180000 -0.120976
3.190000 -0.120817
3.200000 -0.120686
3.210000 -0.120581
3.220000 -0.120504
3.230000 -0.120452
3.240000 -0.120426
3.250000 -0.120426
3.260000 -0.120452
3.270000 -0.120502
3.280000 -0.120576
3.290000 -0.120675
3.300000 -0.120799
3.310000 -0.120946
3.320000 -0.121116
3.330000 -0.121310
3.340000 -0.121527
3.350000 -0.121767
3.360000 -0.122030
3.370000 -0.122315
3.380000 -0.122623
3.390000 -0.122953
3.400000 -0.123305
3.410000 -0.123679
3.420000 -0.124075
3.430000 -0.124492
3.440000 -0.124932
3.450000 -0.125392
3.460000 -0.125874
3.470000 -0.126378
3.480000 -0.126903
3.490000 -0.127449
3.500000 -0.128017
3.510000 -0.128605
3.520000 -0.129215
3.530000 -0.129846
3.540000 -0.130498
3.550000 -0.131172
3.560000 -0.131866
3.570000 -0.132582
3.580000 -0.133319
3.590000 -0.134077
3.600000 -0.134857
3.610000 -0.135658
3.620000 -0.136481
3.630000 -0.137325
3.640000 -0.138191
3.650000 -0.139079
3.660000 -0.139989
3.670000 -0.140920
3.680000 -0.141873
3.690000 -0.142849
3.700000 -0.143847
3.710000 -0.144867
3.720000 -0.145910
3.730000 -0.146975
3.740000 -0.148064
3.750000 -0.149175
3.760000 -0.150309
3.770000 -0.151467
3.780000 -0.152647
3.790000 -0.153852
3.800000 -0.155080
3.810000 -0.156332
3.820000 -0.157608
3.830000 -0.158908
3.840000 -0.160233
3.850000 -0.161582
3.860000 -0.162956
3.870000 -0.164355
3.880000 -0.165778
3.890000 -0.167228
3.900000 -0.168702
3.910000 -0.170202
3.920000 -0.171728
3.930000 -0.173280
3.940000 -0.174859
3.950000 -0.176463
3.960000 -0.178094
3.970000 -0.179752
3.980000 -0.181436
3.990000 -0.183148
4.000000 -0.184886
4.010000 -0.186653
4.020000 -0.188446
4.030000 -0.190267
4.040000 -0.192116
4.050000 -0.193993
4.060000 -0.195899
4.070000 -0.197832
4.080000 -0.199794
4.090000 -0.201784
4.100000 -0.203803
4.110000 -0.205851
4.120000 -0.207927
4.130000 -0.210033
4.140000 -0.212167
4.150000 -0.214331
4.160000 -0.216524
4.170000 -0.218746
4.180000 -0.220998
4.190000 -0.223279
4.200000 -0.225589
4.210000 -0.227929
4.220000 -0.230299
4.230000 -0.232697
4.240000 -0.235126
4.250000 -0.237584
4.260000 -0.240071
4.270000 -0.242588
4.280000 -0.245133
4.290000 -0.247709
4.300000 -0.250313
4.310000 -0.252947
4.320000 -0.255609
4.330000 -0.258300
4.340000 -0.261020
4.350000 -0.263768
4.360000 -0.266545
4.370000 -0.269350
4.380000 -0.272182
4.390000 -0.275042
4.400000 -0.277930
4.410000 -0.280844
4.420000 -0.283786
4.430000 -0.286753
4.440000 -0.289747
4.450000 -0.292767
4.460000 -0.295812
4.470000 -0.298881
4.480000 -0.301975
4.490000 -0.305093
4.500000 -0.308234
4.510000 -0.311399
4.520000 -0.314585
4.530000 -0.317793
4.540000 -0.321023
4.550000 -0.324273
4.560000 -0.327542
4.570000 -0.330831
4.580000 -0.334138
4.590000 -0.337463
4.600000 -0.340804
4.610000 -0.344162
4.620000 -0.347534
4.630000 -0.350921
4.640000 -0.354320
4.650000 -0.357733
4.660000 -0.361156
4.670000 -0.364589
4.680000 -0.368032
4.690000 -0.371482
4.700000 -0.374940
4.710000 -0.378403
4.720000 -0.381870
4.730000 -0.385341
4.740000 -0.388813
4.750000 -0.392285
4.760000 -0.395757
4.770000 -0.399226
4.780000 -0.402692
4.790000 -0.406152
4.800000 -0.409604
4.810000 -0.413049
4.820000 -0.416483
4.830000 -0.419905
4.840000 -0.423313
4.850000 -0.426706
4.860000 -0.430081
4.870000 -0.433438
4.880000 -0.436773
4.890000 -0.440085
4.900000 -0.443372
4.910000 -0.446632
4.920000 -0.449863
4.930000 -0.453062
4.940000 -0.456228
4.950000 -0.459358
4.960000 -0.462450
4.970000 -0.465502
4.980000 -0.468511
4.990000 -0.471475
5.000000 -0.474392
5.010000 -0.477259
5.020000 -0.480073
5.030000 -0.482832
5.040000 -0.485534
5.050000 -0.488175
5.060000 -0.490754
5.070000 -0.493266
5.080000 -0.495711
5.090000 -0.498084
5.100000 -0.500384
5.110000 -0.502606
5.120000 -0.504749
5.130000 -0.506809
5.140000 -0.508784
5.150000 -0.510670
5.160000 -0.512465
5.170000 -0.514165
5.180000 -0.515768
5.190000 -0.517270
5.200000 -0.518668
5.210000 -0.519960
5.220000 -0.521141
5.230000 -0.522209
5.240000 -0.523162
5.250000 -0.523994
5.260000 -0.524704
5.270000 -0.525288
5.280000 -0.525744
5.290000 -0.526066
5.300000 -0.526254
5.310000 -0.526303
5.320000 -0.526209
5.330000 -0.525971
5.340000 -0.525585
5.350000 -0.525047
5.360000 -0.524354
5.370000 -0.523503
5.380000 -0.522492
5.390000 -0.521316
5.400000 -0.519973
5.410000 -0.518459
5.420000 -0.516773
5.430000 -0.514909
5.440000 -0.512866
5.450000 -0.510641
5.460000 -0.508230
5.470000 -0.505630
5.480000 -0.502840
5.490000 -0.499855
5.500000 -0.496674
5.510000 -0.493293
5.520000 -0.489710
5.530000 -0.485922
5.540000 -0.481926
5.550000 -0.477721
5.560000 -0.473303
5.570000 -0.468670
5.580000 -0.463821
5.590000 -0.458752
5.600000 -0.453462
5.610000 -0.447948
5.620000 -0.442209
5.630000 -0.436242
5.640000 -0.430046
5.650000 -0.423620
5.660000 -0.416960
5.670000 -0.410067
5.680000 -0.402938
5.690000 -0.395572
5.700000 -0.387968
5.710000 -0.380125
5.720000 -0.372041
5.730000 -0.363716
5.740000 -0.355149
5.750000 -0.346340
5.760000 -0.337287
5.770000 -0.327990
5.780000 -0.318449
5.790000 -0.308664
5.800000 -0.298635
5.810000 -0.288361
5.820000 -0.277843
5.830000 -0.267081
5.840000 -0.256076
5.850000 -0.244828
5.860000 -0.233338
5.870000 -0.221606
5.880000 -0.209635
5.890000 -0.197424
5.900000 -0.184976
5.910000 -0.172291
5.920000 -0.159371
5.930000 -0.146218
5.940000 -0.132834
5.950000 -0.119220
5.960000 -0.105379
5.970000 -0.091314
5.980000 -0.077026
5.990000 -0.062519
6.000000 -0.047794
6.010000 -0.032855
6.020000 -0.017706
6.030000 -0.002348
6.040000 0.013214
6.050000 0.028978
6.060000 0.044938
6.070000 0.061093
6.080000 0.077437
6.090000 0.093966
6.100000 0.110677
6.110000 0.127565
6.120000 0.144626
6.130000 0.161854
6.140000 0.179246
6.150000 0.196795
6.160000 0.214498
6.170000 0.232349
6.180000 0.250342
6.190000 0.268473
6.200000 0.286735
6.210000 0.305123
6.220000 0.323631
6.230000 0.342253
6.240000 0.360983
6.250000 0.379815
6.260000 0.398743
6.270000 0.417760
6.280000 0.436860
6.290000 0.456036
6.300000 0.475281
6.310000 0.494589
6.320000 0.513953
6.330000 0.533366
6.340000 0.552820
6.350000 0.572309
6.360000 0.591826
6.370000 0.611363
6.380000 0.630912
6.390000 0.650467
6.400000 0.670020
6.410000 0.689564
6.420000 0.709090
6.430000 0.728592
6.440000 0.748061
6.450000 0.767490
6.460000 0.786872
6.470000 0.806198
6.480000 0.825460
6.490000 0.844652
6.500000 0.863765
6.510000 0.882791
6.520000 0.901722
6.530000 0.920552
6.540000 0.939271
6.550000 0.957872
6.560000 0.976348
6.570000 0.994690
6.580000 1.012892
6.590000 1.030944
6.600000 1.048840
6.610000 1.066572
6.620000 1.084133
6.630000 1.101514
6.640000 1.118709
6.650000 1.135709
6.660000 1.152509
6.670000 1.169100
6.680000 1.185475
6.690000 1.201627
6.700000 1.217549
6.710000 1.233235
6.720000 1.248677
6.730000 1.263869
6.740000 1.278804
6.750000 1.293475
6.760000 1.307876
6.770000 1.322002
6.780000 1.335845
6.790000 1.349399
6.800000 1.362660
6.810000 1.375620
6.820000 1.388275
6.830000 1.400618
6.840000 1.412645
6.850000 1.424350
6.860000 1.435728
6.870000 1.446775
6.880000 1.457485
6.890000 1.467854
6.900000 1.477877
6.910000 1.487551
6.920000 1.496871
6.930000 1.505833
6.940000 1.514434
6.950000 1.522669
6.960000 1.530536
6.970000 1.538032
6.980000 1.545152
6.990000 1.551896
7.000000 1.558259
7.010000 1.564239
7.020000 1.569835
7.030000 1.575044
7.040000 1.579863
7.050000 1.584292
7.060000 1.588329
7.070000 1.591973
7.080000 1.595222
7.090000 1.598076
7.100000 1.600533
7.110000 1.602594
7.120000 1.604257
7.130000 1.605524
7.140000 1.606393
7.150000 1.606866
7.160000 1.606942
7.170000 1.606622
7.180000 1.605907
7.190000 1.604798
7.200000 1.603297
7.210000 1.601404
7.220000 1.599121
7.230000 1.596450
7.240000 1.593393
7.250000 1.589953
7.260000 1.586130
7.270000 1.581929
7.280000 1.577351
7.290000 1.572400
7.300000 1.567078
7.310000 1.561388
7.320000 1.555335
7.330000 1.548921
7.340000 1.542151
7.350000 1.535027
7.360000 1.527554
7.370000 1.519737
7.380000 1.511579
7.390000 1.503085
7.400000 1.494260
7.410000 1.485108
7.420000 1.475634
7.430000 1.465843
7.440000 1.455740
7.450000 1.445331
7.460000 1.434620
7.470000 1.423614
7.480000 1.412318
7.490000 1.400737
7.500000 1.388878
7.510000 1.376746
7.520000 1.364348
7.530000 1.351689
7.540000 1.338775
7.550000 1.325614
7.560000 1.312210
7.570000 1.298572
7.580000 1.284704
7.590000 1.270615
7.600000 1.256309
7.610000 1.241795
7.620000 1.227079
7.630000 1.212167
7.640000 1.197066
7.650000 1.181784
7.660000 1.166326
7.670000 1.150701
7.680000 1.134915
7.690000 1.118975
7.700000 1.102888
7.710000 1.086661
7.720000 1.070301
7.730000 1.053816
7.740000 1.037211
7.750000 1.020495
7.760000 1.003674
7.770000 0.986755
7.780000 0.969745
7.790000 0.952651
7.800000 0.935481
7.810000 0.918240
7.820000 0.900937
7.830000 0.883577
7.840000 0.866168
7.850000 0.848717
7.860000 0.831229
7.870000 0.813712
7.880000 0.796173
7.890000 0.778618
7.900000 0.761054
7.910000 0.743486
7.920000 0.725922
7.930000 0.708368
7.940000 0.690829
7.950000 0.673313
7.960000 0.655825
7.970000 0.638371
7.980000 0.620958
7.990000 0.603590
8.000000 0.586275
8.010000 0.569016
8.020000 0.551821
8.030000 0.534694
8.040000 0.517642
8.050000 0.500668
8.060000 0.483779
8.070000 0.466979
8.080000 0.450274
8.090000 0.433668
8.100000 0.417166
8.110000 0.400773
8.120000 0.384493
8.130000 0.368331
8.140000 0.352291
8.150000 0.336378
8.160000 0.320594
8.170000 0.304945
8.180000 0.289434
8.190000 0.274065
8.200000 0.258842
8.210000 0.243767
8.220000 0.228845
8.230000 0.214079
8.240000 0.199472
8.250000 0.185026
8.260000 0.170746
8.270000 0.156632
8.280000 0.142690
8.290000 0.128920
8.300000 0.115325
8.310000 0.101908
8.320000 0.088670
8.330000 0.075615
8.340000 0.062743
8.350000 0.050057
8.360000 0.037558
8.370000 0.025248
8.380000 0.013129
8.390000 0.001202
8.400000 -0.010533
8.410000 -0.022073
8.420000 -0.033417
8.430000 -0.044566
8.440000 -0.055517
8.450000 -0.066270
8.460000 -0.076825
8.470000 -0.087181
8.480000 -0.097338
8.490000 -0.107295
8.500000 -0.117052
8.510000 -0.126609
8.520000 -0.135966
8.530000 -0.145123
8.540000 -0.154080
8.550000 -0.162838
8.560000 -0.171397
8.570000 -0.179756
8.580000 -0.187918
8.590000 -0.195882
8.600000 -0.203650
8.610000 -0.211221
8.620000 -0.218596
8.630000 -0.225778
8.640000 -0.232766
8.650000 -0.239562
8.660000 -0.246167
8.670000 -0.252582
8.680000 -0.258808
8.690000 -0.264848
8.700000 -0.270701
8.710000 -0.276370
8.720000 -0.281856
8.730000 -0.287161
8.740000 -0.292287
8.750000 -0.297234
8.760000 -0.302006
8.770000 -0.306603
8.780000 -0.311028
8.790000 -0.315282
8.800000 -0.319367
8.810000 -0.323286
8.820000 -0.327040
8.830000 -0.330631
8.840000 -0.334061
8.850000 -0.337334
8.860000 -0.340450
8.870000 -0.343411
8.880000 -0.346221
8.890000 -0.348881
8.900000 -0.351394
8.910000 -0.353761
8.920000 -0.355986
8.930000 -0.358069
8.940000 -0.360015
8.950000 -0.361824
8.960000 -0.363500
8.970000 -0.365045
8.980000 -0.366460
8.990000 -0.367750
9.000000 -0.368915
9.010000 -0.369958
9.020000 -0.370882
9.030000 -0.371689
9.040000 -0.372381
9.050000 -0.372961
9.060000 -0.373431
9.070000 -0.373794
9.080000 -0.374052
9.090000 -0.374207
9.100000 -0.374262
9.110000 -0.374218
9.120000 -0.374079
9.130000 -0.373847
9.140000 -0.373523
9.150000 -0.373111
9.160000 -0.372613
9.170000 -0.372030
9.180000 -0.371365
9.190000 -0.370620
9.200000 -0.369798
9.210000 -0.368901
9.220000 -0.367931
9.230000 -0.366889
9.240000 -0.365779
9.250000 -0.364602
9.260000 -0.363360
9.270000 -0.362056
9.280000 -0.360691
9.290000 -0.359267
9.300000 -0.357787
9.310000 -0.356252
9.320000 -0.354665
9.330000 -0.353027
9.340000 -0.351339
9.350000 -0.349605
9.360000 -0.347825
9.370000 -0.346002
9.380000 -0.344137
9.390000 -0.342232
9.400000 -0.340289
9.410000 -0.338309
9.420000 -0.336294
9.430000 -0.334245
9.440000 -0.332165
9.450000 -0.330054
9.460000 -0.327914
9.470000 -0.325747
9.480000 -0.323555
9.490000 -0.321337
9.500000 -0.319097
9.510000 -0.316835
9.520000 -0.314552
9.530000 -0.312250
9.540000 -0.309931
9.550000 -0.307595
9.560000 -0.305243
9.570000 -0.302877
9.580000 -0.300498
9.590000 -0.298107
9.600000 -0.295705
9.610000 -0.293293
9.620000 -0.290873
9.630000 -0.288444
9.640000 -0.286009
9.650000 -0.283568
9.660000 -0.281121
9.670000 -0.278671
9.680000 -0.276217
9.690000 -0.273761
9.700000 -0.271303
9.710000 -0.268844
9.720000 -0.266386
9.730000 -0.263927
9.740000 -0.261470
9.750000 -0.259015
9.760000 -0.256563
9.770000 -0.254114
9.780000 -0.251669
9.790000 -0.249228
9.800000 -0.246792
9.810000 -0.244362
9.820000 -0.241937
9.830000 -0.239520
9.840000 -0.237109
9.850000 -0.234706
9.860000 -0.232311
9.870000 -0.229924
9.880000 -0.227546
9.890000 -0.225177
9.900000 -0.222817
9.910000 -0.220468
9.920000 -0.218128
9.930000 -0.215799
9.940000 -0.213481
9.950000 -0.211173
9.960000 -0.208878
9.970000 -0.206593
9.980000 -0.204321
9.990000 -0.202060
10.000000 -0.199812
10.010000 -0.197577
10.020000 -0.195354
10.030000 -0.193144
10.040000 -0.190947
10.050000 -0.188763
10.060000 -0.186592
10.070000 -0.184435
10.080000 -0.182292
10.090000 -0.180162
10.100000 -0.178047
10.110000 -0.175945
10.120000 -0.173857
10.130000 -0.171784
10.140000 -0.169725
10.150000 -0.167680
10.160000 -0.165650
10.170000 -0.163634
10.180000 -0.161633
10.190000 -0.159647
10.200000 -0.157675
10.210000 -0.155718
10.220000 -0.153776
10.230000 -0.151849
10.240000 -0.149937
10.250000 -0.148041
10.260000 -0.146159
10.270000 -0.144292
10.280000 -0.142441
10.290000 -0.140605
10.300000 -0.138785
10.310000 -0.136980
10.320000 -0.135190
10.330000 -0.133416
10.340000 -0.131658
10.350000 -0.129915
10.360000 -0.128188
10.370000 -0.126477
10.380000 -0.124782
10.390000 -0.123102
10.400000 -0.121439
10.410000 -0.119792
10.420000 -0.118162
10.430000 -0.116548
10.440000 -0.114950
10.450000 -0.113368
10.460000 -0.111804
10.470000 -0.110256
10.480000 -0.108725
10.490000 -0.107212
10.500000 -0.105715
10.510000 -0.104236
10.520000 -0.102774
10.530000 -0.101330
10.540000 -0.099904
10.550000 -0.098496
10.560000 -0.097106
10.570000 -0.095735
10.580000 -0.094381
10.590000 -0.093047
10.600000 -0.091732
10.610000 -0.090436
10.620000 -0.089159
10.630000 -0.087902
10.640000 -0.086665
10.650000 -0.085448
10.660000 -0.084251
10.670000 -0.083075
10.680000 -0.081920
10.690000 -0.080786
10.700000 -0.079674
10.710000 -0.078584
10.720000 -0.077515
10.730000 -0.076469
10.740000 -0.075446
10.750000 -0.074446
10.760000 -0.073469
10.770000 -0.072516
10.780000 -0.071587
10.790000 -0.070683
10.800000 -0.069803
10.810000 -0.068949
10.820000 -0.068121
10.830000 -0.067318
10.840000 -0.066542
10.850000 -0.065792
10.860000 -0.065070
10.870000 -0.064376
10.880000 -0.063709
10.890000 -0.063071
10.900000 -0.062462
10.910000 -0.061883
10.920000 -0.061333
10.930000 -0.060813
10.940000 -0.060324
10.950000 -0.059867
10.960000 -0.059441
10.970000 -0.059047
10.980000 -0.058685
10.990000 -0.058357
11.000000 -0.058062
11.010000 -0.057802
11.020000 -0.057575
11.030000 -0.057384
11.040000 -0.057229
11.050000 -0.057109
11.060000 -0.057025
11.070000 -0.056979
11.080000 -0.056970
11.090000 -0.056999
11.100000 -0.057066
11.110000 -0.057172
11.120000 -0.057317
11.130000 -0.057503
11.140000 -0.057728
11.150000 -0.057994
11.160000 -0.058302
11.170000 -0.058651
11.180000 -0.059042
11.190000 -0.059475
11.200000 -0.059952
11.210000 -0.060472
11.220000 -0.061036
11.230000 -0.061644
11.240000 -0.062297
11.250000 -0.062995
11.260000 -0.063738
11.270000 -0.064527
11.280000 -0.065363
11.290000 -0.066245
11.300000 -0.067174
11.310000 -0.068150
11.320000 -0.069173
11.330000 -0.070245
11.340000 -0.071364
11.350000 -0.072532
11.360000 -0.073749
11.370000 -0.075015
11.380000 -0.076329
11.390000 -0.077693
11.400000 -0.079107
11.410000 -0.080570
11.420000 -0.082083
11.430000 -0.083647
11.440000 -0.085260
11.450000 -0.086923
11.460000 -0.088637
11.470000 -0.090401
11.480000 -0.092216
11.490000 -0.094081
11.500000 -0.095996
11.510000 -0.097961
11.520000 -0.099977
11.530000 -0.102043
11.540000 -0.104159
11.550000 -0.106325
11.560000 -0.108541
11.570000 -0.110806
11.580000 -0.113121
11.590000 -0.115484
11.600000 -0.117897
11.610000 -0.120358
11.620000 -0.122867
11.630000 -0.125425
11.640000 -0.128029
11.650000 -0.130681
11.660000 -0.133380
11.670000 -0.136124
11.680000 -0.138914
11.690000 -0.141750
11.700000 -0.144630
11.710000 -0.147554
11.720000 -0.150522
11.730000 -0.153532
11.740000 -0.156585
11.750000 -0.159678
11.760000 -0.162813
11.770000 -0.165987
11.780000 -0.169201
11.790000 -0.172453
11.800000 -0.175742
11.810000 -0.179068
11.820000 -0.182430
11.830000 -0.185826
11.840000 -0.189256
11.850000 -0.192719
11.860000 -0.196213
11.870000 -0.199738
11.880000 -0.203293
11.890000 -0.206876
11.900000 -0.210487
11.910000 -0.214124
11.920000 -0.217786
11.930000 -0.221471
11.940000 -0.225179
11.950000 -0.228908
11.960000 -0.232658
11.970000 -0.236426
11.980000 -0.240211
11.990000 -0.244012
12.000000 -0.247827
12.010000 -0.251656
12.020000 -0.255497
12.030000 -0.259347
12.040000 -0.263207
12.050000 -0.267073
12.060000 -0.270946
12.070000 -0.274822
12.080000 -0.278701
12.090000 -0.282582
12.100000 -0.286461
12.110000 -0.290339
12.120000 -0.294213
12.130000 -0.298082
12.140000 -0.301943
12.150000 -0.305796
12.160000 -0.309639
12.170000 -0.313470
12.180000 -0.317287
12.190000 -0.321089
12.200000 -0.324874
12.210000 -0.328640
12.220000 -0.332385
12.230000 -0.336108
12.240000 -0.339808
12.250000 -0.343482
12.260000 -0.347129
12.270000 -0.350746
12.280000 -0.354333
12.290000 -0.357888
12.300000 -0.361408
12.310000 -0.364892
12.320000 -0.368339
12.330000 -0.371747
12.340000 -0.375113
12.350000 -0.378437
12.360000 -0.381717
12.369999 -0.384950
12.379999 -0.388136
12.389999 -0.391273
12.399999 -0.394359
12.409999 -0.397392
12.419999 -0.400372
12.429999 -0.403295
12.439999 -0.406162
12.449999 -0.408969
12.459999 -0.411716
12.469999 -0.414402
12.479999 -0.417024
12.489999 -0.419582
12.499999 -0.422073
12.509999 -0.424497
12.519999 -0.426852
12.529999 -0.429137
12.539999 -0.431350
12.549999 -0.433490
12.559999 -0.435556
12.569999 -0.437547
12.579999 -0.439461
12.589999 -0.441297
12.599999 -0.443054
12.609999 -0.444731
12.619999 -0.446328
12.629999 -0.447842
12.639999 -0.449273
12.649999 -0.450619
12.659999 -0.451881
12.669999 -0.453057
12.679999 -0.454146
12.689999 -0.455148
12.699999 -0.456061
12.709999 -0.456885
12.719999 -0.457619
12.729999 -0.458263
12.739999 -0.458816
12.749999 -0.459277
12.759999 -0.459646
12.769999 -0.459922
12.779999 -0.460106
12.789999 -0.460195
12.799999 -0.460191
12.809999 -0.460093
12.819999 -0.459901
12.829999 -0.459614
12.839999 -0.459232
12.849999 -0.458756
12.859999 -0.458184
12.869999 -0.457517
12.879999 -0.456756
12.889999 -0.455899
12.899999 -0.454948
12.909999 -0.453901
12.919999 -0.452760
12.929999 -0.451525
12.939999 -0.450196
12.949999 -0.448773
12.959999 -0.447257
12.969999 -0.445648
12.979999 -0.443946
12.989999 -0.442152
12.999999 -0.440267
13.009999 -0.438291
13.019999 -0.436225
13.029999 -0.434069
13.039999 -0.431824
13.049999 -0.429491
13.059999 -0.427070
13.069999 -0.424563
13.079999 -0.421970
13.089999 -0.419293
13.099999 -0.416532
13.109999 -0.413687
13.119999 -0.410761
13.129999 -0.407754
13.139999 -0.404668
13.149999 -0.401503
13.159999 -0.398260
13.169999 -0.394942
13.179999 -0.391548
13.189999 -0.388081
13.199999 -0.384541
13.209999 -0.380930
13.219999 -0.377249
13.229999 -0.373500
13.239999 -0.369683
13.249999 -0.365801
13.259999 -0.361855
13.269999 -0.357847
13.279999 -0.353777
13.289999 -0.349648
13.299999 -0.345460
13.309999 -0.341216
13.319999 -0.336918
13.329999 -0.332565
13.339999 -0.328162
13.349999 -0.323708
13.359999 -0.319206
13.369999 -0.314657
13.379999 -0.310063
13.389999 -0.305426
13.399999 -0.300747
13.409999 -0.296029
13.419999 -0.291272
13.429999 -0.286479
13.439999 -0.281651
13.449999 -0.276791
13.459999 -0.271900
13.469999 -0.266979
13.479999 -0.262030
13.489999 -0.257056
13.499999 -0.252058
13.509999 -0.247038
13.519999 -0.241997
13.529999 -0.236938
13.539999 -0.231862
13.549999 -0.226770
13.559999 -0.221666
13.569999 -0.216550
13.579999 -0.211423
13.589999 -0.206289
13.599999 -0.201149
13.609999 -0.196004
13.619999 -0.190856
13.629999 -0.185707
13.639999 -0.180559
13.649999 -0.175413
13.659999 -0.170270
13.669999 -0.165134
13.679999 -0.160004
13.689999 -0.154884
13.699999 -0.149774
13.709999 -0.144676
13.719999 -0.139591
13.729999 -0.134522
13.739999 -0.129469
13.749999 -0.124435
13.759999 -0.119421
13.769999 -0.114428
13.779999 -0.109457
13.789999 -0.104511
13.799999 -0.099590
13.809999 -0.094696
13.819999 -0.089831
13.829999 -0.084995
13.839999 -0.080190
13.849999 -0.075417
13.859999 -0.070677
13.869999 -0.065973
13.879999 -0.061304
13.889999 -0.056672
13.899999 -0.052079
13.909999 -0.047525
13.919999 -0.043011
13.929999 -0.038539
13.939999 -0.034109
13.949999 -0.029723
13.959999 -0.025381
13.969999 -0.021085
13.979999 -0.016835
13.989999 -0.012632
13.999999 -0.008478
14.009999 -0.004372
14.019999 -0.000316
14.029999 0.003690
14.039999 0.007644
14.049999 0.011546
14.059999 0.015396
14.069999 0.019193
14.079999 0.022936
14.089999 0.026625
14.099999 0.030259
14.109999 0.033837
14.119999 0.037360
14.129999 0.040826
14.139999 0.044236
14.149999 0.047589
14.159999 0.050884
14.169999 0.054121
14.179999 0.057300
14.189999 0.060421
14.199999 0.063484
14.209999 0.066487
14.219999 0.069432
14.229999 0.072317
14.239999 0.075143
14.249999 0.077910
14.259999 0.080618
14.269999 0.083266
14.279999 0.085855
14.289999 0.088384
14.299999 0.090854
14.309999 0.093265
14.319999 0.095616
14.329999 0.097908
14.339999 0.100142
14.349999 0.102317
14.359999 0.104433
14.369999 0.106490
14.379999 0.108490
14.389999 0.110432
14.399999 0.112316
14.409999 0.114143
14.419999 0.115913
14.429999 0.117627
14.439999 0.119284
14.449999 0.120885
14.459999 0.122431
14.469999 0.123923
14.479999 0.125359
14.489999 0.126741
14.499999 0.128070
14.509999 0.129346
14.519999 0.130569
14.529999 0.131740
14.539999 0.132859
14.549999 0.133928
14.559999 0.134946
14.569999 0.135914
14.579999 0.136833
14.589999 0.137704
14.599999 0.138526
14.609999 0.139301
14.619999 0.140029
14.629999 0.140711
14.639999 0.141348
14.649999 0.141940
14.659999 0.142488
14.669999 0.142993
14.679999 0.143455
14.689999 0.143875
14.699999 0.144253
14.709999 0.144592
14.719999 0.144890
14.729999 0.145149
14.739999 0.145370
14.749999 0.145553
14.759999 0.145699
14.769999 0.145810
14.779999 0.145884
14.789999 0.145924
14.799999 0.145930
14.809999 0.145903
14.819999 0.145844
14.829999 0.145753
14.839999 0.145631
14.849999 0.145479
14.859999 0.145297
14.869999 0.145087
14.879999 0.144849
14.889999 0.144584
14.899999 0.144292
14.909999 0.143975
14.919999 0.143633
14.929999 0.143267
14.939999 0.142877
14.949999 0.142465
14.959999 0.142031
14.969999 0.141575
14.979999 0.141099
14.989999 0.140603
14.999999 0.140088
15.009999 0.139555
15.019999 0.139004
15.029999 0.138436
15.039999 0.137852
15.049999 0.137252
15.059999 0.136638
15.069999 0.136009
15.079999 0.135366
15.089999 0.134710
15.099999 0.134042
15.109999 0.133363
15.119999 0.132672
15.129999 0.131971
15.139999 0.131261
15.149999 0.130541
15.159999 0.129812
15.169999 0.129076
15.179999 0.128332
15.189999 0.127581
15.199999 0.126824
15.209999 0.126061
15.219999 0.125294
15.229999 0.124521
15.239999 0.123744
15.249999 0.122964
15.259999 0.122181
15.269999 0.121395
15.279999 0.120607
15.289999 0.119818
15.299999 0.119027
15.309999 0.118236
15.319999 0.117445
15.329999 0.116653
15.339999 0.115863
15.349999 0.115073
15.359999 0.114285
15.369999 0.113499
15.379999 0.112715
15.389999 0.111934
15.399999 0.111156
15.409999 0.110381
15.419999 0.109611
15.429999 0.108844
15.439999 0.108082
15.449999 0.107324
15.459999 0.106572
15.469999 0.105825
15.479999 0.105084
15.489999 0.104349
15.499999 0.103620
15.509999 0.102897
15.519999 0.102182
15.529999 0.101474
15.539999 0.100773
15.549999 0.100079
15.559999 0.099393
15.569999 0.098716
15.579999 0.098046
15.589999 0.097385
15.599999 0.096733
15.609999 0.096090
15.619999 0.095455
15.629999 0.094830
15.639999 0.094213
15.649999 0.093607
15.659999 0.093010
15.669999 0.092423
15.679999 0.091845
15.689999 0.091278
15.699999 0.090721
15.709999 0.090174
15.719999 0.089638
15.729999 0.089112
15.739999 0.088596
15.749999 0.088091
15.759999 0.087597
15.769999 0.087114
15.779999 0.086641
15.789999 0.086180
15.799999 0.085729
15.809999 0.085290
15.819999 0.084862
15.829999 0.084444
15.839999 0.084038
15.849999 0.083644
15.859999 0.083260
15.869999 0.082888
15.879999 0.082527
15.889999 0.082177
15.899999 0.081838
15.909999 0.081511
15.919999 0.081196
15.929999 0.080891
15.939999 0.080598
15.949999 0.080316
15.959999 0.080046
15.969999 0.079787
15.979999 0.079539
15.989999 0.079302
15.999999 0.079077
16.009999 0.078863
16.019999 0.078660
16.029999 0.078468
16.039999 0.078288
16.049999 0.078118
16.059999 0.077960
16.069999 0.077813
16.079999 0.077677
16.089999 0.077552
16.099999 0.077438
16.109999 0.077335
16.119999 0.077243
16.129999 0.077162
16.139999 0.077092
16.149999 0.077033
16.159999 0.076985
16.169999 0.076947
16.179999 0.076920
16.189999 0.076904
16.199999 0.076899
16.209999 0.076905
16.219999 0.076921
16.229999 0.076948
16.239999 0.076985
16.249999 0.077033
16.259999 0.077092
16.269999 0.077161
16.279999 0.077241
16.289999 0.077331
16.299999 0.077432
16.309999 0.077544
16.319999 0.077666
16.329999 0.077799
16.339999 0.077942
16.349999 0.078095
16.359999 0.078260
16.369999 0.078434
16.379999 0.078620
16.389999 0.078816
16.399999 0.079022
16.409999 0.079240
16.419999 0.079467
16.429999 0.079706
16.439999 0.079955
16.449999 0.080215
16.459999 0.080486
16.469999 0.080767
16.479999 0.081060
16.489999 0.081363
16.499999 0.081677
16.509999 0.082002
16.519999 0.082339
16.529999 0.082686
16.539999 0.083045
16.549999 0.083415
16.559999 0.083796
16.569999 0.084189
16.579999 0.084593
16.589999 0.085009
16.599999 0.085436
16.609999 0.085876
16.619999 0.086327
16.629999 0.086790
16.639999 0.087265
16.649999 0.087753
16.659999 0.088253
16.669999 0.088765
16.679999 0.089290
16.689999 0.089828
16.699999 0.090378
16.709999 0.090942
16.719999 0.091518
16.729999 0.092108
16.739999 0.092712
16.749999 0.093329
16.759999 0.093960
16.769999 0.094605
16.779999 0.095264
16.789999 0.095937
16.799999 0.096625
16.809999 0.097327
16.819999 0.098044
16.829999 0.098777
16.839999 0.099524
16.849999 0.100287
16.859999 0.101066
16.869999 0.101861
16.879999 0.102672
16.889999 0.103499
16.899999 0.104342
16.909999 0.105203
16.919999 0.106080
16.929999 0.106975
16.939999 0.107887
16.949999 0.108817
16.959999 0.109766
16.969999 0.110732
16.979999 0.111717
16.989999 0.112721
16.999999 0.113743
17.009999 0.114786
17.019999 0.115847
17.029999 0.116929
17.039999 0.118031
17.049999 0.119153
17.059999 0.120297
17.069999 0.121461
17.079999 0.122647
17.089999 0.123854
17.099999 0.125083
17.109999 0.126335
17.119999 0.127609
17.129999 0.128906
17.139999 0.130226
17.149999 0.131570
17.159999 0.132938
17.169999 0.134330
17.179999 0.135746
17.189999 0.137188
17.199999 0.138654
17.209999 0.140146
17.219999 0.141664
17.229999 0.143208
17.239999 0.144778
17.249999 0.146376
17.259999 0.148000
17.269999 0.149652
17.279999 0.151332
17.289999 0.153040
17.299999 0.154776
17.309999 0.156542
17.319999 0.158336
17.329999 0.160160
17.339999 0.162014
17.349999 0.163897
17.359999 0.165812
17.369999 0.167757
17.379999 0.169733
17.389999 0.171741
17.399999 0.173780
17.409999 0.175851
17.419999 0.177954
17.429999 0.180091
17.439999 0.182260
17.449999 0.184462
17.459999 0.186697
17.469999 0.188966
17.479999 0.191269
17.489999 0.193607
17.499999 0.195979
17.509999 0.198385
17.519999 0.200826
17.529999 0.203303
17.539999 0.205814
17.549999 0.208361
17.559999 0.210944
17.569999 0.213563
17.579999 0.216217
17.589999 0.218908
17.599999 0.221635
17.609999 0.224398
17.619999 0.227197
17.629999 0.230033
17.639999 0.232906
17.649999 0.235815
17.659999 0.238761
17.669999 0.241743
17.679999 0.244762
17.689999 0.247818
17.699999 0.250910
17.709999 0.254039
17.719999 0.257204
17.729999 0.260405
17.739999 0.263642
17.749999 0.266915
17.759999 0.270224
17.769999 0.273569
17.779999 0.276948
17.789999 0.280363
17.799999 0.283813
17.809999 0.287296
17.819999 0.290814
17.829999 0.294366
17.839999 0.297950
17.849999 0.301568
17.859999 0.305218
17.869999 0.308900
17.879999 0.312613
17.889999 0.316356
17.899999 0.320130
17.909999 0.323934
17.919999 0.327766
17.929999 0.331626
17.939999 0.335514
17.949999 0.339428
17.959999 0.343368
17.969999 0.347334
17.979999 0.351323
17.989999 0.355336
17.999999 0.359370
18.009999 0.363426
18.019999 0.367503
18.029999 0.371598
18.039999 0.375711
18.049999 0.379842
18.059999 0.383988
18.069999 0.388149
18.079999 0.392323
18.089999 0.396508
18.099999 0.400705
18.109999 0.404910
18.119999 0.409124
18.129999 0.413344
18.139999 0.417569
18.149999 0.421797
18.159999 0.426026
18.169999 0.430256
18.179999 0.434485
18.189999 0.438710
18.199999 0.442930
18.209999 0.447144
18.219999 0.451349
18.229999 0.455544
18.239999 0.459726
18.249999 0.463895
18.259999 0.468047
18.269999 0.472182
18.279999 0.476296
18.289999 0.480388
18.299999 0.484456
18.309999 0.488498
18.319999 0.492512
18.329999 0.496494
18.339999 0.500444
18.349999 0.504359
18.359999 0.508237
18.369999 0.512075
18.379999 0.515871
18.389999 0.519622
18.399999 0.523328
18.409999 0.526984
18.419999 0.530588
18.429999 0.534139
18.439999 0.537634
18.449999 0.541070
18.459999 0.544445
18.469999 0.547756
18.479999 0.551001
18.489999 0.554177
18.499999 0.557282
18.509999 0.560313
18.519999 0.563268
18.529999 0.566145
18.539999 0.568939
18.549999 0.571650
18.559999 0.574275
18.569999 0.576810
18.579999 0.579254
18.589999 0.581604
18.599999 0.583857
18.609999 0.586011
18.619999 0.588063
18.629999 0.590011
18.639999 0.591853
18.649999 0.593585
18.659999 0.595206
18.669999 0.596713
18.679999 0.598104
18.689999 0.599376
18.699999 0.600527
18.709999 0.601554
18.719999 0.602455
18.729999 0.603229
18.739999 0.603872
18.749999 0.604383
18.759999 0.604759
18.769999 0.604998
18.779999 0.605098
18.789999 0.605058
18.799999 0.604875
18.809999 0.604547
18.819999 0.604072
18.829999 0.603449
18.839999 0.602676
18.849999 0.601750
18.859999 0.600671
18.869999 0.599436
18.879999 0.598045
18.889999 0.596495
18.899999 0.594785
18.909999 0.592914
18.919999 0.590881
18.929999 0.588684
18.939999 0.586321
18.949999 0.583793
18.959999 0.581098
18.969999 0.578235
18.979999 0.575203
18.989999 0.572002
18.999999 0.568630
19.009999 0.565087
19.019999 0.561372
19.029999 0.557486
19.039999 0.553427
19.049999 0.549196
19.059999 0.544791
19.069999 0.540214
19.079999 0.535464
19.089999 0.530540
19.099999 0.525444
19.109999 0.520175
19.119999 0.514733
19.129999 0.509120
19.139999 0.503336
19.149999 0.497380
19.159999 0.491254
19.169999 0.484959
19.179999 0.478496
19.189999 0.471865
19.199999 0.465067
19.209999 0.458104
19.219999 0.450977
19.229999 0.443687
19.239999 0.436236
19.249999 0.428625
19.259999 0.420855
19.269999 0.412929
19.279999 0.404849
19.289999 0.396615
19.299999 0.388231
19.309999 0.379697
19.319999 0.371017
19.329999 0.362193
19.339999 0.353226
19.349999 0.344120
19.359999 0.334876
19.369999 0.325498
19.379999 0.315988
19.389999 0.306348
19.399999 0.296582
19.409999 0.286693
19.419999 0.276683
19.429999 0.266555
19.439999 0.256313
19.449999 0.245960
19.459999 0.235499
19.469999 0.224934
19.479999 0.214267
19.489999 0.203503
19.499999 0.192644
19.509999 0.181695
19.519999 0.170659
19.529999 0.159540
19.539999 0.148341
19.549999 0.137066
19.559999 0.125720
19.569999 0.114307
19.579999 0.102829
19.589999 0.091291
19.599999 0.079698
19.609999 0.068053
19.619999 0.056360
19.629999 0.044624
19.639999 0.032848
19.649999 0.021038
19.659999 0.009197
19.669999 -0.002671
19.679999 -0.014560
19.689999 -0.026468
19.699999 -0.038389
19.709999 -0.050320
19.719999 -0.062255
19.729999 -0.074190
19.739999 -0.086122
19.749999 -0.098046
19.759999 -0.109956
19.769999 -0.121850
19.779999 -0.133723
19.789999 -0.145569
19.799999 -0.157386
19.809999 -0.169168
19.819999 -0.180912
19.829999 -0.192612
19.839999 -0.204265
19.849999 -0.215867
19.859999 -0.227413
19.869999 -0.238898
19.879999 -0.250320
19.889999 -0.261673
19.899999 -0.272954
19.909999 -0.284158
19.919999 -0.295282
19.929999 -0.306321
19.939999 -0.317272
19.949999 -0.328131
19.959999 -0.338894
19.969999 -0.349556
19.979999 -0.360115
19.989999 -0.370567
19.999999 -0.380908
20.009999 -0.391134
20.019999 -0.401242
20.029999 -0.411229
20.039999 -0.421091
20.049999 -0.430825
20.059999 -0.440428
20.069999 -0.449896
20.079999 -0.459227
20.089999 -0.468418
20.099999 -0.477465
20.109999 -0.486366
20.119999 -0.495117
20.129999 -0.503717
20.139999 -0.512163
20.149999 -0.520452
20.159999 -0.528582
20.169999 -0.536551
20.179999 -0.544355
20.189999 -0.551994
20.199999 -0.559464
20.209999 -0.566765
20.219999 -0.573893
20.229999 -0.580848
20.239999 -0.587627
20.249999 -0.594229
20.259999 -0.600653
20.269999 -0.606896
20.279999 -0.612958
20.289999 -0.618837
20.299999 -0.624533
20.309999 -0.630044
20.319999 -0.635368
20.329999 -0.640506
20.339999 -0.645457
20.349999 -0.650220
20.359999 -0.654793
20.369999 -0.659178
20.379999 -0.663372
20.389999 -0.667377
20.399999 -0.671192
20.409999 -0.674816
20.419999 -0.678250
20.429999 -0.681494
20.439999 -0.684548
20.449999 -0.687411
20.459999 -0.690086
20.469999 -0.692571
20.479999 -0.694867
20.489999 -0.696976
20.499999 -0.698897
20.509999 -0.700632
20.519999 -0.702181
20.529999 -0.703545
20.539999 -0.704725
20.549999 -0.705722
20.559999 -0.706538
20.569999 -0.707174
20.579999 -0.707630
20.589999 -0.707909
20.599999 -0.708012
20.609999 -0.707941
20.619999 -0.707696
20.629999 -0.707280
20.639999 -0.706694
20.649999 -0.705940
20.659999 -0.705021
20.669999 -0.703937
20.679999 -0.702692
20.689999 -0.701286
20.699999 -0.699723
20.709999 -0.698004
20.719999 -0.696131
20.729999 -0.694107
20.739999 -0.691934
20.749999 -0.689614
20.759999 -0.687151
20.769999 -0.684545
20.779999 -0.681800
20.789999 -0.678919
20.799999 -0.675903
20.809999 -0.672755
20.819999 -0.669479
20.829999 -0.666076
20.839999 -0.662549
20.849999 -0.658901
20.859999 -0.655136
20.869999 -0.651254
20.879999 -0.647260
20.889999 -0.643156
20.899999 -0.638946
20.909999 -0.634630
20.919999 -0.630214
20.929999 -0.625699
20.939999 -0.621088
20.949999 -0.616385
20.959999 -0.611592
20.969999 -0.606712
20.979999 -0.601748
20.989999 -0.596702
20.999999 -0.591579
21.009999 -0.586380
21.019999 -0.581109
21.029999 -0.575768
21.039999 -0.570360
21.049999 -0.564889
21.059999 -0.559357
21.069999 -0.553767
21.079999 -0.548122
21.089999 -0.542424
21.099999 -0.536677
21.109999 -0.530883
21.119999 -0.525045
21.129999 -0.519165
21.139999 -0.513248
21.149999 -0.507294
21.159999 -0.501308
21.169999 -0.495291
21.179999 -0.489246
21.189999 -0.483176
21.199999 -0.477083
21.209999 -0.470971
21.219999 -0.464841
21.229999 -0.458696
21.239999 -0.452538
21.249999 -0.446370
21.259999 -0.440195
21.269999 -0.434014
21.279999 -0.427830
21.289999 -0.421646
21.299999 -0.415463
21.309999 -0.409283
21.319999 -0.403110
21.329999 -0.396944
21.339999 -0.390789
21.349999 -0.384645
21.359999 -0.378516
21.369999 -0.372403
21.379999 -0.366308
21.389999 -0.360232
21.399999 -0.354179
21.409999 -0.348149
21.419999 -0.342144
21.429999 -0.336167
21.439999 -0.330218
21.449999 -0.324299
21.459999 -0.318412
21.469999 -0.312558
21.479999 -0.306740
21.489999 -0.300957
21.499999 -0.295213
21.509999 -0.289507
21.519999 -0.283842
21.529999 -0.278219
21.539999 -0.272638
21.549999 -0.267101
21.559999 -0.261610
21.569999 -0.256165
21.579999 -0.250767
21.589999 -0.245418
21.599999 -0.240117
21.609999 -0.234868
21.619999 -0.229669
21.629999 -0.224522
21.639999 -0.219427
21.649999 -0.214386
21.659999 -0.209400
21.669999 -0.204468
21.679999 -0.199591
21.689999 -0.194771
21.699999 -0.190007
21.709999 -0.185300
21.719999 -0.180651
21.729999 -0.176060
21.739999 -0.171527
21.749999 -0.167053
21.759999 -0.162638
21.769999 -0.158283
21.779999 -0.153987
21.789999 -0.149751
21.799999 -0.145575
21.809999 -0.141459
21.819999 -0.137404
21.829999 -0.133409
21.839999 -0.129475
21.849999 -0.125601
21.859999 -0.121787
21.869999 -0.118034
21.879999 -0.114342
21.889999 -0.110710
21.899999 -0.107138
21.909999 -0.103627
21.919999 -0.100175
21.929999 -0.096783
21.939999 -0.093451
21.949999 -0.090178
21.959999 -0.086964
21.969999 -0.083809
21.979999 -0.080712
21.989999 -0.077674
21.999999 -0.074694
22.009999 -0.071771
22.019999 -0.068905
22.029999 -0.066096
22.039999 -0.063344
22.049999 -0.060647
22.059999 -0.058006
22.069999 -0.055420
22.079999 -0.052888
22.089999 -0.050411
22.099999 -0.047987
22.109999 -0.045616
22.119999 -0.043298
22.129999 -0.041032
22.139999 -0.038817
22.149999 -0.036654
22.159999 -0.034540
22.169999 -0.032477
22.179999 -0.030463
22.189999 -0.028497
22.199999 -0.026580
22.209999 -0.024710
22.219999 -0.022887
22.229999 -0.021111
22.239999 -0.019380
22.249999 -0.017694
22.259999 -0.016052
22.269999 -0.014455
22.279999 -0.012900
22.289999 -0.011388
22.299999 -0.009919
22.309999 -0.008490
22.319999 -0.007102
22.329999 -0.005754
22.339999 -0.004446
22.349999 -0.003176
22.359999 -0.001945
22.369999 -0.000751
22.379999 0.000406
22.389999 0.001526
22.399999 0.002611
22.409999 0.003661
22.419999 0.004677
22.429999 0.005658
22.439999 0.006607
22.449999 0.007522
22.459999 0.008406
22.469999 0.009258
22.479999 0.010080
22.489999 0.010871
22.499999 0.011633
22.509999 0.012366
22.519999 0.013070
22.529999 0.013746
22.539999 0.014395
22.549999 0.015017
22.559999 0.015612
22.569999 0.016182
22.579999 0.016727
22.589999 0.017248
22.599999 0.017744
22.609999 0.018216
22.619999 0.018665
22.629999 0.019092
22.639999 0.019497
22.649999 0.019880
22.659999 0.020242
22.669999 0.020583
22.679999 0.020904
22.689999 0.021205
22.699999 0.021487
22.709999 0.021750
22.719999 0.021995
22.729999 0.022221
22.739999 0.022430
22.749999 0.022622
22.759999 0.022797
22.769999 0.022956
22.779999 0.023098
22.789999 0.023225
22.799999 0.023337
22.809999 0.023433
22.819999 0.023515
22.829999 0.023583
22.839999 0.023637
22.849999 0.023678
22.859999 0.023705
22.869999 0.023719
22.879999 0.023720
22.889999 0.023710
22.899999 0.023687
22.909999 0.023652
22.919999 0.023606
22.929999 0.023548
22.939999 0.023479
22.949999 0.023400
22.959999 0.023310
22.969999 0.023210
22.979999 0.023100
22.989999 0.022979
22.999999 0.022849
23.009999 0.022710
23.019999 0.022561
23.029999 0.022403
23.039999 0.022236
23.049999 0.022060
23.059999 0.021875
23.069999 0.021682
23.079999 0.021479
23.089999 0.021268
23.099999 0.021049
23.109999 0.020822
23.119999 0.020586
23.129999 0.020343
23.139999 0.020092
23.149999 0.019833
23.159999 0.019566
23.169999 0.019292
23.179999 0.019011
23.189999 0.018722
23.199999 0.018426
23.209999 0.018122
23.219999 0.017812
23.229999 0.017494
23.239999 0.017169
23.249999 0.016838
23.259999 0.016499
23.269999 0.016154
23.279999 0.015801
23.289999 0.015442
23.299999 0.015076
23.309999 0.014703
23.319999 0.014323
23.329999 0.013936
23.339999 0.013543
23.349999 0.013143
23.359999 0.012736
23.369999 0.012322
23.379999 0.011901
23.389999 0.011473
23.399999 0.011039
23.409999 0.010597
23.419999 0.010149
23.429999 0.009694
23.439999 0.009231
23.449999 0.008762
23.459999 0.008285
23.469999 0.007802
23.479999 0.007311
23.489999 0.006813
23.499999 0.006307
23.509999 0.005794
23.519999 0.005274
23.529999 0.004746
23.539999 0.004211
23.549999 0.003668
23.559999 0.003117
23.569999 0.002558
23.579999 0.001992
23.589999 0.001418
23.599999 0.000836
23.609999 0.000245
23.619999 -0.000353
23.629999 -0.000960
23.639999 -0.001574
23.649999 -0.002198
23.659999 -0.002829
23.669999 -0.003469
23.679999 -0.004118
23.689999 -0.004775
23.699999 -0.005441
23.709999 -0.006115
23.719999 -0.006799
23.729999 -0.007491
23.739999 -0.008192
23.749999 -0.008902
23.759999 -0.009621
23.769999 -0.010349
23.779999 -0.011086
23.789999 -0.011833
23.799999 -0.012588
23.809999 -0.013353
23.819999 -0.014127
23.829999 -0.014910
23.839999 -0.015702
23.849999 -0.016504
23.859999 -0.017315
23.869999 -0.018136
23.879999 -0.018965
23.889999 -0.019804
23.899999 -0.020653
23.909999 -0.021510
23.919999 -0.022377
23.929999 -0.023253
23.939999 -0.024138
23.949999 -0.025032
23.959999 -0.025935
23.969999 -0.026848
23.979999 -0.027769
23.989999 -0.028699
23.999999 -0.029637
24.009999 -0.030585
24.019999 -0.031541
24.029999 -0.032505
24.039999 -0.033478
24.049999 -0.034459
24.059999 -0.035448
24.069999 -0.036445
24.079999 -0.037449
24.089999 -0.038461
24.099999 -0.039481
24.109999 -0.040508
24.119999 -0.041541
24.129999 -0.042582
24.139999 -0.043629
24.149999 -0.044683
24.159999 -0.045743
24.169999 -0.046808
24.179999 -0.047880
24.189999 -0.048956
24.199999 -0.050038
24.209999 -0.051125
24.219999 -0.052216
24.229999 -0.053311
24.239999 -0.054411
24.249999 -0.055514
24.259999 -0.056620
24.269999 -0.057729
24.279999 -0.058841
24.289999 -0.059955
24.299999 -0.061070
24.309999 -0.062187
24.319999 -0.063306
24.329999 -0.064424
24.339999 -0.065543
24.349999 -0.066662
24.359999 -0.067781
24.369999 -0.068898
24.379999 -0.070014
24.389999 -0.071128
24.399999 -0.072239
24.409999 -0.073348
24.419999 -0.074453
24.429999 -0.075555
24.439999 -0.076652
24.449999 -0.077744
24.459999 -0.078832
24.469999 -0.079913
24.479999 -0.080988
24.489999 -0.082056
24.499999 -0.083117
24.509999 -0.084171
24.519999 -0.085215
24.529999 -0.086251
24.539999 -0.087278
24.549999 -0.088294
24.559999 -0.089300
24.569999 -0.090294
24.579999 -0.091278
24.589999 -0.092248
24.599999 -0.093207
24.609999 -0.094152
24.619999 -0.095083
24.629999 -0.095999
24.639999 -0.096901
24.649999 -0.097787
24.659999 -0.098658
24.669999 -0.099511
24.679999 -0.100348
24.689999 -0.101167
24.699999 -0.101967
24.709999 -0.102749
24.719999 -0.103512
24.729999 -0.104255
24.739999 -0.104977
24.749999 -0.105679
24.759999 -0.106360
24.769999 -0.107018
24.779999 -0.107655
24.789999 -0.108268
24.799999 -0.108858
24.809999 -0.109425
24.819999 -0.109967
24.829999 -0.110485
24.839999 -0.110977
24.849999 -0.111444
24.859999 -0.111885
24.869999 -0.112300
24.879999 -0.112688
24.889999 -0.113048
24.899999 -0.113382
24.909999 -0.113687
24.919999 -0.113964
24.929999 -0.114212
24.939999 -0.114432
24.949999 -0.114622
24.959999 -0.114783
24.969999 -0.114914
24.979999 -0.115014
24.989999 -0.115085
24.999999 -0.115125
25.009999 -0.115134
25.019999 -0.115113
25.029999 -0.115060
25.039999 -0.114976
25.049999 -0.114861
25.059999 -0.114713
25.069999 -0.114535
25.079999 -0.114324
25.089999 -0.114082
25.099999 -0.113808
25.109999 -0.113501
25.119999 -0.113163
25.129999 -0.112793
25.139999 -0.112391
25.149999 -0.111957
25.159999 -0.111490
25.169999 -0.110993
25.179999 -0.110463
25.189999 -0.109902
25.199999 -0.109309
25.209999 -0.108685
25.219999 -0.108030
25.229999 -0.107344
25.239999 -0.106627
25.249999 -0.105879
25.259999 -0.105101
25.269999 -0.104293
25.279999 -0.103456
25.289999 -0.102588
25.299999 -0.101692
25.309999 -0.100767
25.319999 -0.099813
25.329999 -0.098831
25.339999 -0.097822
25.349999 -0.096785
25.359999 -0.095721
25.369999 -0.094631
25.379999 -0.093515
25.389999 -0.092373
25.399999 -0.091206
25.409999 -0.090015
25.419999 -0.088799
25.429999 -0.087560
25.439999 -0.086298
25.449999 -0.085014
25.459999 -0.083708
25.469999 -0.082380
25.479999 -0.081032
25.489999 -0.079664
25.499999 -0.078276
25.509999 -0.076870
25.519999 -0.075445
25.529999 -0.074003
25.539999 -0.072544
25.549999 -0.071069
25.559999 -0.069579
25.569999 -0.068074
25.579999 -0.066554
25.589999 -0.065022
25.599999 -0.063476
25.609999 -0.061919
25.619999 -0.060351
25.629999 -0.058772
25.639999 -0.057183
25.649999 -0.055585
25.659999 -0.053979
25.669999 -0.052366
25.679999 -0.050746
25.689999 -0.049119
25.699999 -0.047488
25.709999 -0.045852
25.719999 -0.044212
25.729999 -0.042569
25.739999 -0.040924
25.749999 -0.039278
25.759999 -0.037631
25.769999 -0.035983
25.779999 -0.034337
25.789999 -0.032692
25.799999 -0.031049
25.809999 -0.029410
25.819999 -0.027773
25.829999 -0.026142
25.839999 -0.024515
25.849999 -0.022895
25.859999 -0.021281
25.869999 -0.019674
25.879999 -0.018075
25.889999 -0.016484
25.899999 -0.014903
25.909999 -0.013332
25.919999 -0.011772
25.929999 -0.010222
25.939999 -0.008685
25.949999 -0.007160
25.959999 -0.005648
25.969999 -0.004150
25.979999 -0.002666
25.989999 -0.001197
25.999999 0.000257
26.009999 0.001695
26.019999 0.003116
26.029999 0.004521
26.039999 0.005908
26.049999 0.007277
26.059999 0.008627
26.069999 0.009959
26.079999 0.011271
26.089999 0.012564
26.099999 0.013836
26.109999 0.015088
26.119999 0.016319
26.129999 0.017528
26.139999 0.018716
26.149999 0.019882
26.159999 0.021026
26.169999 0.022147
26.179999 0.023245
26.189999 0.024320
26.199999 0.025372
26.209999 0.026400
26.219999 0.027404
26.229999 0.028384
26.239999 0.029339
26.249999 0.030271
26.259999 0.031178
26.269999 0.032060
26.279999 0.032918
26.289999 0.033750
26.299999 0.034558
26.309999 0.035340
26.319999 0.036098
26.329999 0.036830
26.339999 0.037538
26.349999 0.038220
26.359999 0.038877
26.369999 0.039509
26.379999 0.040116
26.389999 0.040697
26.399999 0.041254
26.409999 0.041787
26.419999 0.042294
26.429999 0.042777
26.439999 0.043235
26.449999 0.043669
26.459999 0.044079
26.469999 0.044465
26.479999 0.044827
26.489999 0.045166
26.499999 0.045481
26.509999 0.045772
26.519999 0.046041
26.529999 0.046287
26.539999 0.046511
26.549999 0.046712
26.559999 0.046892
26.569999 0.047049
26.579999 0.047186
26.589999 0.047301
26.599999 0.047396
26.609999 0.047470
26.619999 0.047524
26.629999 0.047558
26.639999 0.047573
26.649999 0.047568
26.659999 0.047545
26.669999 0.047503
26.679999 0.047444
26.689999 0.047366
26.699999 0.047272
26.709999 0.047160
26.719999 0.047032
26.729999 0.046888
26.739999 0.046728
26.749999 0.046553
26.759999 0.046362
26.769999 0.046158
26.779999 0.045938
26.789999 0.045706
26.799999 0.045459
26.809999 0.045200
26.819999 0.044929
26.829999 0.044645
26.839999 0.044349
26.849999 0.044042
26.859999 0.043724
26.869999 0.043396
26.879999 0.043057
26.889999 0.042709
26.899999 0.042351
26.909999 0.041985
26.919999 0.041609
26.929999 0.041226
26.939999 0.040835
26.949999 0.040437
26.959999 0.040031
26.969999 0.039619
26.979999 0.039201
26.989999 0.038777
26.999999 0.038347
27.009999 0.037913
27.019999 0.037473
27.029999 0.037029
27.039999 0.036581
27.049999 0.036129
27.059999 0.035674
27.069999 0.035216
27.079999 0.034755
27.089999 0.034292
27.099999 0.033827
27.109999 0.033360
27.119999 0.032891
27.129999 0.032421
27.139999 0.031951
27.149999 0.031479
27.159999 0.031008
27.169999 0.030536
27.179999 0.030065
27.189999 0.029594
27.199999 0.029123
27.209999 0.028654
27.219999 0.028186
27.229999 0.027720
27.239999 0.027255
27.249999 0.026792
27.259999 0.026331
27.269999 0.025872
27.279999 0.025416
27.289999 0.024962
27.299999 0.024512
27.309999 0.024064
27.319999 0.023619
27.329999 0.023178
27.339999 0.022741
27.349999 0.022307
27.359999 0.021877
27.369999 0.021451
27.379999 0.021029
27.389999 0.020611
27.399999 0.020198
27.409999 0.019788
27.419999 0.019384
27.429999 0.018984
27.439999 0.018589
27.449999 0.018198
27.459999 0.017813
27.469999 0.017432
27.479999 0.017056
27.489999 0.016686
27.499999 0.016320
27.509999 0.015960
27.519999 0.015605
27.529999 0.015255
27.539999 0.014911
27.549999 0.014572
27.559999 0.014238
27.569999 0.013909
27.579999 0.013586
27.589999 0.013269
27.599999 0.012956
27.609999 0.012650
27.619999 0.012348
27.629999 0.012052
27.639999 0.011761
27.649999 0.011476
27.659999 0.011196
27.669999 0.010921
27.679999 0.010652
27.689999 0.010388
27.699999 0.010129
27.709999 0.009875
27.719999 0.009627
27.729999 0.009383
27.739999 0.009145
27.749999 0.008912
27.759999 0.008683
27.769999 0.008460
27.779999 0.008241
27.789999 0.008028
27.799999 0.007819
27.809999 0.007615
27.819999 0.007415
27.829999 0.007220
27.839999 0.007030
27.849999 0.006844
27.859999 0.006663
27.869999 0.006485
27.879999 0.006312
27.889999 0.006144
27.899999 0.005979
27.909999 0.005819
27.919999 0.005662
27.929999 0.005509
27.939999 0.005361
27.949999 0.005215
27.959999 0.005074
27.969999 0.004936
27.979999 0.004802
27.989999 0.004671
27.999999 0.004544
28.009999 0.004420
28.019999 0.004299
28.029999 0.004182
28.039999 0.004067
28.049999 0.003956
28.059999 0.003847
28.069999 0.003742
28.079999 0.003639
28.089999 0.003539
28.099999 0.003441
28.109999 0.003346
28.119999 0.003254
28.129999 0.003164
28.139999 0.003077
28.149999 0.002992
28.159999 0.002909
28.169999 0.002828
28.179999 0.002750
28.189999 0.002673
28.199999 0.002599
28.209999 0.002527
28.219999 0.002456
28.229999 0.002387
28.239999 0.002320
28.249999 0.002255
28.259999 0.002192
28.269999 0.002130
28.279999 0.002069
28.289999 0.002010
28.299999 0.001953
28.309999 0.001897
28.319999 0.001842
28.329999 0.001789
28.339999 0.001737
28.349999 0.001686
28.359999 0.001637
28.369999 0.001588
28.379999 0.001541
28.389999 0.001495
28.399999 0.001449
28.409999 0.001405
28.419999 0.001362
28.429999 0.001320
28.439999 0.001278
28.449999 0.001238
28.459999 0.001198
28.469999 0.001159
28.479999 0.001121
28.489999 0.001084
28.499999 0.001047
28.509999 0.001011
28.519999 0.000976
28.529999 0.000942
28.539999 0.000908
28.549999 0.000875
28.559999 0.000842
28.569999 0.000811
28.579999 0.000779
28.589999 0.000749
28.599999 0.000719
28.609999 0.000689
28.619999 0.000660
28.629999 0.000632
28.639999 0.000604
28.649999 0.000577
28.659999 0.000550
28.669999 0.000524
28.679999 0.000498
28.689999 0.000473
28.699999 0.000449
28.709999 0.000425
28.719999 0.000401
28.729999 0.000378
28.739999 0.000356
28.749999 0.000334
28.759999 0.000313
28.769999 0.000292
28.779999 0.000272
28.789999 0.000253
28.799999 0.000234
28.809999 0.000216
28.819999 0.000198
28.829999 0.000181
28.839999 0.000164
28.849999 0.000149
28.859999 0.000134
28.869999 0.000119
28.879999 0.000106
28.889999 0.000093
28.899999 0.000081
28.909999 0.000069
28.919999 0.000059
28.929999 0.000049
28.939999 0.000040
28.949999 0.000032
28.959999 0.000025
28.969999 0.000018
28.979999 0.000013
28.989999 0.000008
28.999999 0.000005
29.009999 0.000002
29.019999 0.000001
29.029999 0.000000
29.039999 0.000000
29.049999 0.000000
29.059999 0.000000
29.069999 0.000000
29.079999 0.000000
29.089999 0.000001
29.099999 0.000001
29.109999 0.000001
29.119999 0.000002
29.129999 0.000002
29.139999 0.000002
29.149999 0.000003
29.159999 0.000003
29.169999 0.000003
29.179999 0.000003
29.189999 0.000004
29.199999 0.000004
29.209999 0.000004
29.219999 0.000004
29.229999 0.000005
29.239999 0.000005
29.249999 0.000005
29.259999 0.000005
29.269999 0.000005
29.279999 0.000004
29.289999 0.000004
29.299999 0.000004
29.309999 0.000004
29.319999 0.000003
29.329999 0.000003
29.339999 0.000002
29.349999 0.000002
29.359999 0.000001
29.369999 -0.000000
29.379999 -0.000001
29.389999 -0.000002
29.399999 -0.000003
29.409999 -0.000004
29.419999 -0.000006
29.429999 -0.000007
29.439999 -0.000009
29.449999 -0.000010
29.459999 -0.000012
29.469999 -0.000014
29.479999 -0.000016
29.489999 -0.000018
29.499999 -0.000020
29.509999 -0.000022
29.519999 -0.000024
29.529999 -0.000027
29.539999 -0.000030
29.549999 -0.000032
29.559999 -0.000035
29.569999 -0.000038
29.579999 -0.000041
29.589999 -0.000044
29.599999 -0.000047
29.609999 -0.000051
29.619999 -0.000054
29.629999 -0.000058
29.639999 -0.000061
29.649999 -0.000065
29.659999 -0.000069
29.669999 -0.000073
29.679999 -0.000077
29.689999 -0.000081
29.699999 -0.000086
29.709999 -0.000090
29.719999 -0.000095
29.729999 -0.000099
29.739999 -0.000104
29.749999 -0.000109
29.759999 -0.000114
29.769999 -0.000119
29.779999 -0.000124
29.789999 -0.000129
29.799999 -0.000134
29.809999 -0.000140
29.819999 -0.000145
29.829999 -0.000151
29.839999 -0.000157
29.849999 -0.000162
29.859999 -0.000168
29.869999 -0.000174
29.879999 -0.000180
29.889999 -0.000186
29.899999 -0.000193
29.909999 -0.000199
29.919999 -0.000205
29.929999 -0.000212
29.939999 -0.000218
29.949999 -0.000225
29.959999 -0.000232
29.969999 -0.000238
29.979999 -0.000245
29.989999 -0.000252
29.999999 -0.000259
