-10.000000 0.001083
-9.990000 0.001109
-9.980000 0.001136
-9.970000 0.001162
-9.960000 0.001190
-9.950000 0.001217
-9.940000 0.001245
-9.930000 0.001273
-9.920000 0.001301
-9.910000 0.001330
-9.900000 0.001359
-9.890000 0.001388
-9.880000 0.001418
-9.870000 0.001447
-9.860000 0.001477
-9.850000 0.001508
-9.840000 0.001538
-9.830000 0.001569
-9.820000 0.001600
-9.810000 0.001632
-9.800000 0.001663
-9.790000 0.001695
-9.780000 0.001727
-9.770000 0.001759
-9.760000 0.001792
-9.750000 0.001825
-9.740000 0.001858
-9.730000 0.001891
-9.720000 0.001924
-9.710000 0.001958
-9.700000 0.001992
-9.690000 0.002026
-9.680000 0.002060
-9.670000 0.002094
-9.660000 0.002128
-9.650000 0.002163
-9.640000 0.002198
-9.630000 0.002233
-9.620000 0.002268
-9.610000 0.002303
-9.600000 0.002338
-9.590000 0.002374
-9.580000 0.002409
-9.570000 0.002445
-9.560000 0.002481
-9.550000 0.002517
-9.540000 0.002553
-9.530000 0.002589
-9.520000 0.002625
-9.510000 0.002661
-9.500000 0.002697
-9.490000 0.002733
-9.480000 0.002770
-9.470000 0.002806
-9.460000 0.002842
-9.450000 0.002879
-9.440000 0.002915
-9.430000 0.002952
-9.420000 0.002988
-9.410000 0.003025
-9.400000 0.003061
-9.390000 0.003097
-9.380000 0.003134
-9.370000 0.003170
-9.360000 0.003207
-9.350000 0.003243
-9.340000 0.003280
-9.330000 0.003316
-9.320000 0.003352
-9.310000 0.003389
-9.300000 0.003425
-9.290000 0.003461
-9.280000 0.003497
-9.270000 0.003534
-9.260000 0.003570
-9.250000 0.003606
-9.240000 0.003642
-9.230000 0.003678
-9.220000 0.003715
-9.210000 0.003751
-9.200000 0.003787
-9.190000 0.003823
-9.180000 0.003860
-9.170000 0.003896
-9.160000 0.003933
-9.150000 0.003969
-9.140000 0.004006
-9.130000 0.004042
-9.120000 0.004079
-9.110000 0.004116
-9.100000 0.004154
-9.090000 0.004191
-9.080000 0.004229
-9.070000 0.004267
-9.060000 0.004305
-9.050000 0.004344
-9.040000 0.004383
-9.030000 0.004422
-9.020000 0.004462
-9.010000 0.004502
-9.000000 0.004543
-8.990000 0.004585
-8.980000 0.004627
-8.970000 0.004670
-8.960000 0.004713
-8.950000 0.004758
-8.940000 0.004803
-8.930000 0.004849
-8.920000 0.004896
-8.910000 0.004945
-8.900000 0.004994
-8.890000 0.005045
-8.880000 0.005097
-8.870000 0.005150
-8.860000 0.005205
-8.850000 0.005262
-8.840000 0.005320
-8.830000 0.005380
-8.820000 0.005442
-8.810000 0.005506
-8.800000 0.005572
-8.790000 0.005640
-8.780000 0.005711
-8.770000 0.005784
-8.760000 0.005860
-8.750000 0.005939
-8.740000 0.006020
-8.730000 0.006105
-8.720000 0.006193
-8.710000 0.006284
-8.700000 0.006379
-8.690000 0.006477
-8.680000 0.006580
-8.670000 0.006686
-8.660000 0.006797
-8.650000 0.006912
-8.640000 0.007032
-8.630000 0.007156
-8.620000 0.007286
-8.610000 0.007421
-8.600000 0.007562
-8.590000 0.007708
-8.580000 0.007860
-8.570000 0.008018
-8.560000 0.008183
-8.550000 0.008354
-8.540000 0.008533
-8.530000 0.008718
-8.520000 0.008911
-8.510000 0.009112
-8.500000 0.009321
-8.490000 0.009538
-8.480000 0.009764
-8.470000 0.009998
-8.460000 0.010242
-8.450000 0.010495
-8.440000 0.010758
-8.430000 0.011031
-8.420000 0.011315
-8.410000 0.011609
-8.400000 0.011915
-8.390000 0.012232
-8.380000 0.012561
-8.370000 0.012902
-8.360000 0.013255
-8.350000 0.013621
-8.340000 0.014001
-8.330000 0.014394
-8.320000 0.014802
-8.310000 0.015224
-8.300000 0.015660
-8.290000 0.016112
-8.280000 0.016579
-8.270000 0.017062
-8.260000 0.017562
-8.250000 0.018078
-8.240000 0.018612
-8.230000 0.019163
-8.220000 0.019732
-8.210000 0.020320
-8.200000 0.020927
-8.190000 0.021553
-8.180000 0.022198
-8.170000 0.022864
-8.160000 0.023550
-8.150000 0.024257
-8.140000 0.024986
-8.130000 0.025736
-8.120000 0.026509
-8.110000 0.027305
-8.100000 0.028123
-8.090000 0.028965
-8.080000 0.029831
-8.070000 0.030722
-8.060000 0.031637
-8.050000 0.032578
-8.040000 0.033544
-8.030000 0.034536
-8.020000 0.035555
-8.010000 0.036600
-8.000000 0.037673
-7.990000 0.038773
-7.980000 0.039901
-7.970000 0.041058
-7.960000 0.042243
-7.950000 0.043457
-7.940000 0.044701
-7.930000 0.045974
-7.920000 0.047278
-7.910000 0.048612
-7.900000 0.049977
-7.890000 0.051372
-7.880000 0.052799
-7.870000 0.054258
-7.860000 0.055748
-7.850000 0.057271
-7.840000 0.058825
-7.830000 0.060412
-7.820000 0.062032
-7.810000 0.063685
-7.800000 0.065371
-7.790000 0.067090
-7.780000 0.068842
-7.770000 0.070628
-7.760000 0.072447
-7.750000 0.074300
-7.740000 0.076186
-7.730000 0.078106
-7.720000 0.080060
-7.710000 0.082047
-7.700000 0.084069
-7.690000 0.086123
-7.680000 0.088212
-7.670000 0.090333
-7.660000 0.092488
-7.650000 0.094676
-7.640000 0.096897
-7.630000 0.099150
-7.620000 0.101437
-7.610000 0.103755
-7.600000 0.106105
-7.590000 0.108487
-7.580000 0.110900
-7.570000 0.113344
-7.560000 0.115818
-7.550000 0.118323
-7.540000 0.120857
-7.530000 0.123420
-7.520000 0.126011
-7.510000 0.128631
-7.500000 0.131278
-7.490000 0.133952
-7.480000 0.136652
-7.470000 0.139377
-7.460000 0.142128
-7.450000 0.144902
-7.440000 0.147699
-7.430000 0.150519
-7.420000 0.153360
-7.410000 0.156222
-7.400000 0.159104
-7.390000 0.162005
-7.380000 0.164923
-7.370000 0.167859
-7.360000 0.170810
-7.350000 0.173776
-7.340000 0.176756
-7.330000 0.179748
-7.320000 0.182751
-7.310000 0.185765
-7.300000 0.188788
-7.290000 0.191819
-7.280000 0.194856
-7.270000 0.197898
-7.260000 0.200944
-7.250000 0.203993
-7.240000 0.207042
-7.230000 0.210092
-7.220000 0.213139
-7.210000 0.216184
-7.200000 0.219224
-7.190000 0.222257
-7.180000 0.225283
-7.170000 0.228300
-7.160000 0.231306
-7.150000 0.234300
-7.140000 0.237283
-7.130000 0.240260
-7.120000 0.243228
-7.110000 0.246187
-7.100000 0.249134
-7.090000 0.252069
-7.080000 0.254990
-7.070000 0.257896
-7.060000 0.260786
-7.050000 0.263657
-7.040000 0.266508
-7.030000 0.269339
-7.020000 0.272147
-7.010000 0.274931
-7.000000 0.277689
-6.990000 0.280421
-6.980000 0.283124
-6.970000 0.285797
-6.960000 0.288439
-6.950000 0.291047
-6.940000 0.293621
-6.930000 0.296159
-6.920000 0.298660
-6.910000 0.301121
-6.900000 0.303541
-6.890000 0.305919
-6.880000 0.308254
-6.870000 0.310543
-6.860000 0.312785
-6.850000 0.314979
-6.840000 0.317123
-6.830000 0.319215
-6.820000 0.321255
-6.810000 0.323240
-6.800000 0.325169
-6.790000 0.327041
-6.780000 0.328854
-6.770000 0.330606
-6.760000 0.332297
-6.750000 0.333925
-6.740000 0.335488
-6.730000 0.336985
-6.720000 0.338414
-6.710000 0.339775
-6.700000 0.341066
-6.690000 0.342286
-6.680000 0.343432
-6.670000 0.344505
-6.660000 0.345503
-6.650000 0.346425
-6.640000 0.347269
-6.630000 0.348034
-6.620000 0.348719
-6.610000 0.349323
-6.600000 0.349846
-6.590000 0.350285
-6.580000 0.350640
-6.570000 0.350911
-6.560000 0.351095
-6.550000 0.351192
-6.540000 0.351202
-6.530000 0.351123
-6.520000 0.350954
-6.510000 0.350696
-6.500000 0.350347
-6.490000 0.349906
-6.480000 0.349373
-6.470000 0.348748
-6.460000 0.348029
-6.450000 0.347216
-6.440000 0.346309
-6.430000 0.345308
-6.420000 0.344211
-6.410000 0.343019
-6.400000 0.341732
-6.390000 0.340349
-6.380000 0.338869
-6.370000 0.337294
-6.360000 0.335622
-6.350000 0.333854
-6.340000 0.331989
-6.330000 0.330029
-6.320000 0.327972
-6.310000 0.325819
-6.300000 0.323570
-6.290000 0.321226
-6.280000 0.318787
-6.270000 0.316252
-6.260000 0.313623
-6.250000 0.310901
-6.240000 0.308084
-6.230000 0.305175
-6.220000 0.302173
-6.210000 0.299079
-6.200000 0.295894
-6.190000 0.292619
-6.180000 0.289254
-6.170000 0.285801
-6.160000 0.282260
-6.150000 0.278632
-6.140000 0.274918
-6.130000 0.271119
-6.120000 0.267236
-6.110000 0.263271
-6.100000 0.259224
-6.090000 0.255096
-6.080000 0.250890
-6.070000 0.246606
-6.060000 0.242245
-6.050000 0.237809
-6.040000 0.233300
-6.030000 0.228719
-6.020000 0.224066
-6.010000 0.219345
-6.000000 0.214556
-5.990000 0.209701
-5.980000 0.204782
-5.970000 0.199800
-5.960000 0.194757
-5.950000 0.189655
-5.940000 0.184495
-5.930000 0.179280
-5.920000 0.174011
-5.910000 0.168691
-5.900000 0.163320
-5.890000 0.157901
-5.880000 0.152436
-5.870000 0.146927
-5.860000 0.141376
-5.850000 0.135785
-5.840000 0.130155
-5.830000 0.124490
-5.820000 0.118790
-5.810000 0.113059
-5.800000 0.107298
-5.790000 0.101509
-5.780000 0.095694
-5.770000 0.089857
-5.760000 0.083998
-5.750000 0.078120
-5.740000 0.072225
-5.730000 0.066315
-5.720000 0.060393
-5.710000 0.054460
-5.700000 0.048519
-5.690000 0.042572
-5.680000 0.036622
-5.670000 0.030670
-5.660000 0.024718
-5.650000 0.018769
-5.640000 0.012825
-5.630000 0.006888
-5.620000 0.000960
-5.610000 -0.004956
-5.600000 -0.010859
-5.590000 -0.016746
-5.580000 -0.022615
-5.570000 -0.028465
-5.560000 -0.034293
-5.550000 -0.040096
-5.540000 -0.045874
-5.530000 -0.051624
-5.520000 -0.057343
-5.510000 -0.063031
-5.500000 -0.068684
-5.490000 -0.074302
-5.480000 -0.079882
-5.470000 -0.085422
-5.460000 -0.090920
-5.450000 -0.096375
-5.440000 -0.101785
-5.430000 -0.107147
-5.420000 -0.112461
-5.410000 -0.117725
-5.400000 -0.122936
-5.390000 -0.128094
-5.380000 -0.133196
-5.370000 -0.138242
-5.360000 -0.143229
-5.350000 -0.148155
-5.340000 -0.153021
-5.330000 -0.157823
-5.320000 -0.162562
-5.310000 -0.167234
-5.300000 -0.171840
-5.290000 -0.176377
-5.280000 -0.180845
-5.270000 -0.185243
-5.260000 -0.189569
-5.250000 -0.193822
-5.240000 -0.198000
-5.230000 -0.202104
-5.220000 -0.206133
-5.210000 -0.210084
-5.200000 -0.213957
-5.190000 -0.217752
-5.180000 -0.221468
-5.170000 -0.225104
-5.160000 -0.228658
-5.150000 -0.232131
-5.140000 -0.235523
-5.130000 -0.238831
-5.120000 -0.242056
-5.110000 -0.245198
-5.100000 -0.248255
-5.090000 -0.251228
-5.080000 -0.254116
-5.070000 -0.256918
-5.060000 -0.259636
-5.050000 -0.262267
-5.040000 -0.264813
-5.030000 -0.267273
-5.020000 -0.269646
-5.010000 -0.271934
-5.000000 -0.274135
-4.990000 -0.276250
-4.980000 -0.278279
-4.970000 -0.280222
-4.960000 -0.282080
-4.950000 -0.283852
-4.940000 -0.285538
-4.930000 -0.287139
-4.920000 -0.288656
-4.910000 -0.290088
-4.900000 -0.291437
-4.890000 -0.292701
-4.880000 -0.293883
-4.870000 -0.294982
-4.860000 -0.295999
-4.850000 -0.296934
-4.840000 -0.297788
-4.830000 -0.298562
-4.820000 -0.299257
-4.810000 -0.299872
-4.800000 -0.300409
-4.790000 -0.300869
-4.780000 -0.301252
-4.770000 -0.301559
-4.760000 -0.301791
-4.750000 -0.301949
-4.740000 -0.302033
-4.730000 -0.302045
-4.720000 -0.301986
-4.710000 -0.301856
-4.700000 -0.301656
-4.690000 -0.301388
-4.680000 -0.301053
-4.670000 -0.300650
-4.660000 -0.300183
-4.650000 -0.299651
-4.640000 -0.299055
-4.630000 -0.298398
-4.620000 -0.297679
-4.610000 -0.296901
-4.600000 -0.296063
-4.590000 -0.295168
-4.580000 -0.294217
-4.570000 -0.293210
-4.560000 -0.292149
-4.550000 -0.291035
-4.540000 -0.289870
-4.530000 -0.288654
-4.520000 -0.287388
-4.510000 -0.286075
-4.500000 -0.284715
-4.490000 -0.283309
-4.480000 -0.281859
-4.470000 -0.280365
-4.460000 -0.278830
-4.450000 -0.277254
-4.440000 -0.275638
-4.430000 -0.273984
-4.420000 -0.272294
-4.410000 -0.270567
-4.400000 -0.268806
-4.390000 -0.267012
-4.380000 -0.265185
-4.370000 -0.263328
-4.360000 -0.261441
-4.350000 -0.259525
-4.340000 -0.257582
-4.330000 -0.255613
-4.320000 -0.253619
-4.310000 -0.251602
-4.300000 -0.249561
-4.290000 -0.247500
-4.280000 -0.245417
-4.270000 -0.243316
-4.260000 -0.241196
-4.250000 -0.239060
-4.240000 -0.236907
-4.230000 -0.234740
-4.220000 -0.232559
-4.210000 -0.230365
-4.200000 -0.228159
-4.190000 -0.225943
-4.180000 -0.223717
-4.170000 -0.221482
-4.160000 -0.219239
-4.150000 -0.216990
-4.140000 -0.214735
-4.130000 -0.212475
-4.120000 -0.210210
-4.110000 -0.207943
-4.100000 -0.205673
-4.090000 -0.203402
-4.080000 -0.201130
-4.070000 -0.198859
-4.060000 -0.196588
-4.050000 -0.194319
-4.040000 -0.192053
-4.030000 -0.189790
-4.020000 -0.187530
-4.010000 -0.185276
-4.000000 -0.183027
-3.990000 -0.180784
-3.980000 -0.178547
-3.970000 -0.176318
-3.960000 -0.174097
-3.950000 -0.171884
-3.940000 -0.169681
-3.930000 -0.167487
-3.920000 -0.165303
-3.910000 -0.163129
-3.900000 -0.160967
-3.890000 -0.158816
-3.880000 -0.156677
-3.870000 -0.154551
-3.860000 -0.152438
-3.850000 -0.150338
-3.840000 -0.148251
-3.830000 -0.146179
-3.820000 -0.144120
-3.810000 -0.142077
-3.800000 -0.140048
-3.790000 -0.138035
-3.780000 -0.136037
-3.770000 -0.134054
-3.760000 -0.132088
-3.750000 -0.130138
-3.740000 -0.128204
-3.730000 -0.126286
-3.720000 -0.124385
-3.710000 -0.122501
-3.700000 -0.120634
-3.690000 -0.118783
-3.680000 -0.116950
-3.670000 -0.115134
-3.660000 -0.113335
-3.650000 -0.111553
-3.640000 -0.109788
-3.630000 -0.108041
-3.620000 -0.106310
-3.610000 -0.104597
-3.600000 -0.102901
-3.590000 -0.101222
-3.580000 -0.099560
-3.570000 -0.097914
-3.560000 -0.096286
-3.550000 -0.094674
-3.540000 -0.093078
-3.530000 -0.091499
-3.520000 -0.089935
-3.510000 -0.088388
-3.500000 -0.086856
-3.490000 -0.085340
-3.480000 -0.083839
-3.470000 -0.082353
-3.460000 -0.080882
-3.450000 -0.079426
-3.440000 -0.077983
-3.430000 -0.076555
-3.420000 -0.075140
-3.410000 -0.073739
-3.400000 -0.072350
-3.390000 -0.070974
-3.380000 -0.069610
-3.370000 -0.068259
-3.360000 -0.066918
-3.350000 -0.065589
-3.340000 -0.064270
-3.330000 -0.062962
-3.320000 -0.061664
-3.310000 -0.060375
-3.300000 -0.059094
-3.290000 -0.057823
-3.280000 -0.056559
-3.270000 -0.055303
-3.260000 -0.054054
-3.250000 -0.052812
-3.240000 -0.051575
-3.230000 -0.050344
-3.220000 -0.049118
-3.210000 -0.047896
-3.200000 -0.046678
-3.190000 -0.045464
-3.180000 -0.044252
-3.170000 -0.043042
-3.160000 -0.041834
-3.150000 -0.040626
-3.140000 -0.039419
-3.130000 -0.038212
-3.120000 -0.037003
-3.110000 -0.035793
-3.100000 -0.034581
-3.090000 -0.033365
-3.080000 -0.032146
-3.070000 -0.030923
-3.060000 -0.029694
-3.050000 -0.028460
-3.040000 -0.027220
-3.030000 -0.025972
-3.020000 -0.024716
-3.010000 -0.023452
-3.000000 -0.022179
-2.990000 -0.020895
-2.980000 -0.019600
-2.970000 -0.018294
-2.960000 -0.016975
-2.950000 -0.015643
-2.940000 -0.014297
-2.930000 -0.012936
-2.920000 -0.011560
-2.910000 -0.010167
-2.900000 -0.008756
-2.890000 -0.007328
-2.880000 -0.005880
-2.870000 -0.004412
-2.860000 -0.002924
-2.850000 -0.001414
-2.840000 0.000119
-2.830000 0.001675
-2.820000 0.003256
-2.810000 0.004862
-2.800000 0.006494
-2.790000 0.008153
-2.780000 0.009840
-2.770000 0.011556
-2.760000 0.013303
-2.750000 0.015080
-2.740000 0.016889
-2.730000 0.018731
-2.720000 0.020607
-2.710000 0.022518
-2.700000 0.024465
-2.690000 0.026448
-2.680000 0.028470
-2.670000 0.030530
-2.660000 0.032631
-2.650000 0.034773
-2.640000 0.036956
-2.630000 0.039183
-2.620000 0.041454
-2.610000 0.043770
-2.600000 0.046132
-2.590000 0.048542
-2.580000 0.051000
-2.570000 0.053508
-2.560000 0.056067
-2.550000 0.058677
-2.540000 0.061340
-2.530000 0.064057
-2.520000 0.066829
-2.510000 0.069657
-2.500000 0.072542
-2.490000 0.075485
-2.480000 0.078488
-2.470000 0.081552
-2.460000 0.084677
-2.450000 0.087865
-2.440000 0.091117
-2.430000 0.094434
-2.420000 0.097817
-2.410000 0.101267
-2.400000 0.104786
-2.390000 0.108374
-2.380000 0.112032
-2.370000 0.115762
-2.360000 0.119565
-2.350000 0.123441
-2.340000 0.127393
-2.330000 0.131420
-2.320000 0.135524
-2.310000 0.139706
-2.300000 0.143966
-2.290000 0.148307
-2.280000 0.152729
-2.270000 0.157233
-2.260000 0.161820
-2.250000 0.166490
-2.240000 0.171246
-2.230000 0.176087
-2.220000 0.181015
-2.210000 0.186031
-2.200000 0.191135
-2.190000 0.196328
-2.180000 0.201611
-2.170000 0.206985
-2.160000 0.212451
-2.150000 0.218009
-2.140000 0.223660
-2.130000 0.229405
-2.120000 0.235244
-2.110000 0.241178
-2.100000 0.247208
-2.090000 0.253334
-2.080000 0.259556
-2.070000 0.265876
-2.060000 0.272293
-2.050000 0.278808
-2.040000 0.285421
-2.030000 0.292133
-2.020000 0.298944
-2.010000 0.305853
-2.000000 0.312862
-1.990000 0.319970
-1.980000 0.327178
-1.970000 0.334485
-1.960000 0.341891
-1.950000 0.349396
-1.940000 0.357000
-1.930000 0.364704
-1.920000 0.372505
-1.910000 0.380405
-1.900000 0.388403
-1.890000 0.396498
-1.880000 0.404690
-1.870000 0.412978
-1.860000 0.421362
-1.850000 0.429841
-1.840000 0.438413
-1.830000 0.447079
-1.820000 0.455837
-1.810000 0.464686
-1.800000 0.473625
-1.790000 0.482653
-1.780000 0.491768
-1.770000 0.500970
-1.760000 0.510257
-1.750000 0.519626
-1.740000 0.529078
-1.730000 0.538610
-1.720000 0.548220
-1.710000 0.557907
-1.700000 0.567668
-1.690000 0.577502
-1.680000 0.587406
-1.670000 0.597379
-1.660000 0.607417
-1.650000 0.617519
-1.640000 0.627683
-1.630000 0.637905
-1.620000 0.648183
-1.610000 0.658515
-1.600000 0.668897
-1.590000 0.679326
-1.580000 0.689800
-1.570000 0.700316
-1.560000 0.710870
-1.550000 0.721459
-1.540000 0.732080
-1.530000 0.742729
-1.520000 0.753403
-1.510000 0.764098
-1.500000 0.774810
-1.490000 0.785536
-1.480000 0.796271
-1.470000 0.807013
-1.460000 0.817756
-1.450000 0.828496
-1.440000 0.839230
-1.430000 0.849953
-1.420000 0.860661
-1.410000 0.871348
-1.400000 0.882011
-1.390000 0.892646
-1.380000 0.903246
-1.370000 0.913808
-1.360000 0.924327
-1.350000 0.934798
-1.340000 0.945215
-1.330000 0.955574
-1.320000 0.965870
-1.310000 0.976098
-1.300000 0.986251
-1.290000 0.996326
-1.280000 1.006317
-1.270000 1.016218
-1.260000 1.026024
-1.250000 1.035729
-1.240000 1.045328
-1.230000 1.054816
-1.220000 1.064187
-1.210000 1.073435
-1.200000 1.082555
-1.190000 1.091540
-1.180000 1.100386
-1.170000 1.109087
-1.160000 1.117636
-1.150000 1.126029
-1.140000 1.134259
-1.130000 1.142321
-1.120000 1.150208
-1.110000 1.157916
-1.100000 1.165439
-1.090000 1.172770
-1.080000 1.179904
-1.070000 1.186836
-1.060000 1.193559
-1.050000 1.200068
-1.040000 1.206358
-1.030000 1.212423
-1.020000 1.218257
-1.010000 1.223856
-1.000000 1.229212
-0.990000 1.234322
-0.980000 1.239180
-0.970000 1.243780
-0.960000 1.248118
-0.950000 1.252187
-0.940000 1.255984
-0.930000 1.259503
-0.920000 1.262740
-0.910000 1.265688
-0.900000 1.268345
-0.890000 1.270705
-0.880000 1.272763
-0.870000 1.274515
-0.860000 1.275957
-0.850000 1.277085
-0.840000 1.277895
-0.830000 1.278382
-0.820000 1.278542
-0.810000 1.278373
-0.800000 1.277870
-0.790000 1.277030
-0.780000 1.275849
-0.770000 1.274325
-0.760000 1.272454
-0.750000 1.270234
-0.740000 1.267661
-0.730000 1.264734
-0.720000 1.261449
-0.710000 1.257805
-0.700000 1.253798
-0.690000 1.249428
-0.680000 1.244693
-0.670000 1.239591
-0.660000 1.234120
-0.650000 1.228279
-0.640000 1.222068
-0.630000 1.215484
-0.620000 1.208529
-0.610000 1.201200
-0.600000 1.193498
-0.590000 1.185422
-0.580000 1.176973
-0.570000 1.168151
-0.560000 1.158955
-0.550000 1.149388
-0.540000 1.139449
-0.530000 1.129139
-0.520000 1.118460
-0.510000 1.107414
-0.500000 1.096000
-0.490000 1.084222
-0.480000 1.072082
-0.470000 1.059581
-0.460000 1.046722
-0.450000 1.033507
-0.440000 1.019940
-0.430000 1.006022
-0.420000 0.991758
-0.410000 0.977151
-0.400000 0.962203
-0.390000 0.946919
-0.380000 0.931303
-0.370000 0.915359
-0.360000 0.899091
-0.350000 0.882503
-0.340000 0.865600
-0.330000 0.848388
-0.320000 0.830870
-0.310000 0.813052
-0.300000 0.794940
-0.290000 0.776539
-0.280000 0.757854
-0.270000 0.738892
-0.260000 0.719658
-0.250000 0.700159
-0.240000 0.680401
-0.230000 0.660390
-0.220000 0.640133
-0.210000 0.619636
-0.200000 0.598908
-0.190000 0.577954
-0.180000 0.556782
-0.170000 0.535398
-0.160000 0.513812
-0.150000 0.492029
-0.140000 0.470058
-0.130000 0.447906
-0.120000 0.425581
-0.110000 0.403092
-0.100000 0.380446
-0.090000 0.357651
-0.080000 0.334716
-0.070000 0.311649
-0.060000 0.288458
-0.050000 0.265151
-0.040000 0.241738
-0.030000 0.218227
-0.020000 0.194626
-0.010000 0.170944
-0.000000 0.147190
0.010000 0.123373
0.020000 0.099501
0.030000 0.075583
0.040000 0.051628
0.050000 0.027646
0.060000 0.003644
0.070000 -0.020369
0.080000 -0.044382
0.090000 -0.068389
0.100000 -0.092379
0.110000 -0.116344
0.120000 -0.140274
0.130000 -0.164163
0.140000 -0.187999
0.150000 -0.211775
0.160000 -0.235483
0.170000 -0.259112
0.180000 -0.282656
0.190000 -0.306104
0.200000 -0.329449
0.210000 -0.352683
0.220000 -0.375797
0.230000 -0.398782
0.240000 -0.421632
0.250000 -0.444336
0.260000 -0.466888
0.270000 -0.489280
0.280000 -0.511504
0.290000 -0.533552
0.300000 -0.555416
0.310000 -0.577089
0.320000 -0.598565
0.330000 -0.619834
0.340000 -0.640891
0.350000 -0.661729
0.360000 -0.682340
0.370000 -0.702719
0.380000 -0.722857
0.390000 -0.742750
0.400000 -0.762390
0.410000 -0.781772
0.420000 -0.800889
0.430000 -0.819736
0.440000 -0.838308
0.450000 -0.856598
0.460000 -0.874601
0.470000 -0.892313
0.480000 -0.909728
0.490000 -0.926841
0.500000 -0.943648
0.510000 -0.960144
0.520000 -0.976325
0.530000 -0.992188
0.540000 -1.007727
0.550000 -1.022939
0.560000 -1.037821
0.570000 -1.052369
0.580000 -1.066580
0.590000 -1.080451
0.600000 -1.093979
0.610000 -1.107162
0.620000 -1.119997
0.630000 -1.132481
0.640000 -1.144614
0.650000 -1.156391
0.660000 -1.167813
0.670000 -1.178878
0.680000 -1.189583
0.690000 -1.199928
0.700000 -1.209913
0.710000 -1.219535
0.720000 -1.228795
0.730000 -1.237692
0.740000 -1.246226
0.750000 -1.254396
0.760000 -1.262203
0.770000 -1.269647
0.780000 -1.276729
0.790000 -1.283449
0.800000 -1.289808
0.810000 -1.295806
0.820000 -1.301445
0.830000 -1.306727
0.840000 -1.311652
0.850000 -1.316222
0.860000 -1.320439
0.870000 -1.324305
0.880000 -1.327822
0.890000 -1.330992
0.900000 -1.333817
0.910000 -1.336301
0.920000 -1.338444
0.930000 -1.340252
0.940000 -1.341725
0.950000 -1.342867
0.960000 -1.343682
0.970000 -1.344172
0.980000 -1.344342
0.990000 -1.344194
1.000000 -1.343732
1.010000 -1.342960
1.020000 -1.341882
1.030000 -1.340501
1.040000 -1.338822
1.050000 -1.336849
1.060000 -1.334586
1.070000 -1.332038
1.080000 -1.329208
1.090000 -1.326102
1.100000 -1.322723
1.110000 -1.319077
1.120000 -1.315169
1.130000 -1.311002
1.140000 -1.306583
1.150000 -1.301915
1.160000 -1.297004
1.170000 -1.291854
1.180000 -1.286472
1.190000 -1.280861
1.200000 -1.275028
1.210000 -1.268976
1.220000 -1.262713
1.230000 -1.256242
1.240000 -1.249569
1.250000 -1.242699
1.260000 -1.235638
1.270000 -1.228391
1.280000 -1.220964
1.290000 -1.213361
1.300000 -1.205588
1.310000 -1.197650
1.320000 -1.189553
1.330000 -1.181303
1.340000 -1.172904
1.350000 -1.164362
1.360000 -1.155682
1.370000 -1.146870
1.380000 -1.137930
1.390000 -1.128869
1.400000 -1.119691
1.410000 -1.110402
1.420000 -1.101007
1.430000 -1.091510
1.440000 -1.081918
1.450000 -1.072235
1.460000 -1.062466
1.470000 -1.052617
1.480000 -1.042692
1.490000 -1.032696
1.500000 -1.022635
1.510000 -1.012512
1.520000 -1.002333
1.530000 -0.992102
1.540000 -0.981825
1.550000 -0.971505
1.560000 -0.961148
1.570000 -0.950757
1.580000 -0.940338
1.590000 -0.929894
1.600000 -0.919430
1.610000 -0.908950
1.620000 -0.898458
1.630000 -0.887958
1.640000 -0.877455
1.650000 -0.866952
1.660000 -0.856453
1.670000 -0.845962
1.680000 -0.835483
1.690000 -0.825018
1.700000 -0.814573
1.710000 -0.804150
1.720000 -0.793753
1.730000 -0.783385
1.740000 -0.773049
1.750000 -0.762749
1.760000 -0.752487
1.770000 -0.742267
1.780000 -0.732091
1.790000 -0.721963
1.800000 -0.711885
1.810000 -0.701859
1.820000 -0.691890
1.830000 -0.681978
1.840000 -0.672127
1.850000 -0.662338
1.860000 -0.652615
1.870000 -0.642959
1.880000 -0.633372
1.890000 -0.623857
1.900000 -0.614416
1.910000 -0.605050
1.920000 -0.595761
1.930000 -0.586551
1.940000 -0.577422
1.950000 -0.568375
1.960000 -0.559412
1.970000 -0.550534
1.980000 -0.541742
1.990000 -0.533039
2.000000 -0.524424
2.010000 -0.515900
2.020000 -0.507468
2.030000 -0.499127
2.040000 -0.490880
2.050000 -0.482728
2.060000 -0.474670
2.070000 -0.466709
2.080000 -0.458843
2.090000 -0.451075
2.100000 -0.443405
2.110000 -0.435833
2.120000 -0.428360
2.130000 -0.420986
2.140000 -0.413711
2.150000 -0.406536
2.160000 -0.399461
2.170000 -0.392486
2.180000 -0.385612
2.190000 -0.378838
2.200000 -0.372164
2.210000 -0.365590
2.220000 -0.359117
2.230000 -0.352744
2.240000 -0.346471
2.250000 -0.340298
2.260000 -0.334224
2.270000 -0.328250
2.280000 -0.322374
2.290000 -0.316598
2.300000 -0.310919
2.310000 -0.305338
2.320000 -0.299855
2.330000 -0.294468
2.340000 -0.289178
2.350000 -0.283983
2.360000 -0.278883
2.370000 -0.273878
2.380000 -0.268967
2.390000 -0.264149
2.400000 -0.259423
2.410000 -0.254789
2.420000 -0.250246
2.430000 -0.245793
2.440000 -0.241430
2.450000 -0.237155
2.460000 -0.232968
2.470000 -0.228868
2.480000 -0.224854
2.490000 -0.220926
2.500000 -0.217081
2.510000 -0.213321
2.520000 -0.209642
2.530000 -0.206045
2.540000 -0.202529
2.550000 -0.199093
2.560000 -0.195735
2.570000 -0.192455
2.580000 -0.189252
2.590000 -0.186125
2.600000 -0.183072
2.610000 -0.180094
2.620000 -0.177188
2.630000 -0.174354
2.640000 -0.171591
2.650000 -0.168898
2.660000 -0.166274
2.670000 -0.163718
2.680000 -0.161229
2.690000 -0.158806
2.700000 -0.156447
2.710000 -0.154153
2.720000 -0.151921
2.730000 -0.149752
2.740000 -0.147643
2.750000 -0.145595
2.760000 -0.143606
2.770000 -0.141674
2.780000 -0.139800
2.790000 -0.137982
2.800000 -0.136219
2.810000 -0.134511
2.820000 -0.132856
2.830000 -0.131254
2.840000 -0.129703
2.850000 -0.128202
2.860000 -0.126752
2.870000 -0.125350
2.880000 -0.123997
2.890000 -0.122691
2.900000 -0.121431
2.910000 -0.120216
2.920000 -0.119046
2.930000 -0.117921
2.940000 -0.116838
2.950000 -0.115797
2.960000 -0.114798
2.970000 -0.113840
2.980000 -0.112922
2.990000 -0.112043
3.000000 -0.111203
3.010000 -0.110400
3.020000 -0.109635
3.030000 -0.108906
3.040000 -0.108213
3.050000 -0.107555
3.060000 -0.106931
3.070000 -0.106342
3.080000 -0.105785
3.090000 -0.105262
3.100000 -0.104770
3.110000 -0.104310
3.120000 -0.103881
3.130000 -0.103483
3.140000 -0.103114
3.150000 -0.102775
3.160000 -0.102465
3.170000 -0.102183
3.180000 -0.101929
3.190000 -0.101703
3.200000 -0.101503
3.210000 -0.101331
3.220000 -0.101185
3.230000 -0.101064
3.240000 -0.100969
3.250000 -0.100900
3.260000 -0.100855
3.270000 -0.100834
3.280000 -0.100838
3.290000 -0.100865
3.300000 -0.100916
3.310000 -0.100990
3.320000 -0.101087
3.330000 -0.101207
3.340000 -0.101350
3.350000 -0.101514
3.360000 -0.101701
3.370000 -0.101910
3.380000 -0.102140
3.390000 -0.102392
3.400000 -0.102665
3.410000 -0.102959
3.420000 -0.103275
3.430000 -0.103611
3.440000 -0.103968
3.450000 -0.104346
3.460000 -0.104745
3.470000 -0.105164
3.480000 -0.105603
3.490000 -0.106064
3.500000 -0.106544
3.510000 -0.107045
3.520000 -0.107566
3.530000 -0.108108
3.540000 -0.108670
3.550000 -0.109253
3.560000 -0.109856
3.570000 -0.110479
3.580000 -0.111123
3.590000 -0.111787
3.600000 -0.112472
3.610000 -0.113178
3.620000 -0.113904
3.630000 -0.114651
3.640000 -0.115419
3.650000 -0.116208
3.660000 -0.117019
3.670000 -0.117850
3.680000 -0.118703
3.690000 -0.119578
3.700000 -0.120474
3.710000 -0.121392
3.720000 -0.122332
3.730000 -0.123294
3.740000 -0.124278
3.750000 -0.125285
3.760000 -0.126314
3.770000 -0.127366
3.780000 -0.128441
3.790000 -0.129539
3.800000 -0.130661
3.810000 -0.131806
3.820000 -0.132975
3.830000 -0.134168
3.840000 -0.135385
3.850000 -0.136627
3.860000 -0.137893
3.870000 -0.139184
3.880000 -0.140500
3.890000 -0.141841
3.900000 -0.143208
3.910000 -0.144600
3.920000 -0.146018
3.930000 -0.147463
3.940000 -0.148933
3.950000 -0.150431
3.960000 -0.151955
3.970000 -0.153506
3.980000 -0.155085
3.990000 -0.156691
4.000000 -0.158324
4.010000 -0.159986
4.020000 -0.161676
4.030000 -0.163394
4.040000 -0.165141
4.050000 -0.166916
4.060000 -0.168720
4.070000 -0.170554
4.080000 -0.172417
4.090000 -0.174310
4.100000 -0.176232
4.110000 -0.178184
4.120000 -0.180166
4.130000 -0.182179
4.140000 -0.184222
4.150000 -0.186296
4.160000 -0.188400
4.170000 -0.190536
4.180000 -0.192702
4.190000 -0.194900
4.200000 -0.197129
4.210000 -0.199389
4.220000 -0.201681
4.230000 -0.204004
4.240000 -0.206360
4.250000 -0.208746
4.260000 -0.211165
4.270000 -0.213616
4.280000 -0.216098
4.290000 -0.218613
4.300000 -0.221159
4.310000 -0.223737
4.320000 -0.226348
4.330000 -0.228990
4.340000 -0.231664
4.350000 -0.234370
4.360000 -0.237107
4.370000 -0.239876
4.380000 -0.242677
4.390000 -0.245509
4.400000 -0.248373
4.410000 -0.251267
4.420000 -0.254193
4.430000 -0.257149
4.440000 -0.260136
4.450000 -0.263153
4.460000 -0.266200
4.470000 -0.269277
4.480000 -0.272383
4.490000 -0.275518
4.500000 -0.278683
4.510000 -0.281875
4.520000 -0.285096
4.530000 -0.288344
4.540000 -0.291619
4.550000 -0.294921
4.560000 -0.298249
4.570000 -0.301602
4.580000 -0.304981
4.590000 -0.308384
4.600000 -0.311811
4.610000 -0.315261
4.620000 -0.318733
4.630000 -0.322228
4.640000 -0.325743
4.650000 -0.329279
4.660000 -0.332834
4.670000 -0.336408
4.680000 -0.340000
4.690000 -0.343609
4.700000 -0.347233
4.710000 -0.350872
4.720000 -0.354526
4.730000 -0.358192
4.740000 -0.361870
4.750000 -0.365559
4.760000 -0.369257
4.770000 -0.372963
4.780000 -0.376676
4.790000 -0.380395
4.800000 -0.384118
4.810000 -0.387845
4.820000 -0.391573
4.830000 -0.395301
4.840000 -0.399028
4.850000 -0.402752
4.860000 -0.406471
4.870000 -0.410184
4.880000 -0.413890
4.890000 -0.417586
4.900000 -0.421270
4.910000 -0.424942
4.920000 -0.428599
4.930000 -0.432239
4.940000 -0.435860
4.950000 -0.439460
4.960000 -0.443038
4.970000 -0.446591
4.980000 -0.450117
4.990000 -0.453614
5.000000 -0.457079
5.010000 -0.460512
5.020000 -0.463908
5.030000 -0.467266
5.040000 -0.470583
5.050000 -0.473858
5.060000 -0.477087
5.070000 -0.480268
5.080000 -0.483399
5.090000 -0.486476
5.100000 -0.489498
5.110000 -0.492461
5.120000 -0.495364
5.130000 -0.498202
5.140000 -0.500974
5.150000 -0.503676
5.160000 -0.506306
5.170000 -0.508861
5.180000 -0.511338
5.190000 -0.513733
5.200000 -0.516045
5.210000 -0.518269
5.220000 -0.520403
5.230000 -0.522444
5.240000 -0.524389
5.250000 -0.526234
5.260000 -0.527976
5.270000 -0.529613
5.280000 -0.531141
5.290000 -0.532556
5.300000 -0.533856
5.310000 -0.535038
5.320000 -0.536097
5.330000 -0.537031
5.340000 -0.537837
5.350000 -0.538511
5.360000 -0.539050
5.370000 -0.539450
5.380000 -0.539709
5.390000 -0.539823
5.400000 -0.539789
5.410000 -0.539603
5.420000 -0.539262
5.430000 -0.538764
5.440000 -0.538104
5.450000 -0.537279
5.460000 -0.536287
5.470000 -0.535124
5.480000 -0.533786
5.490000 -0.532272
5.500000 -0.530577
5.510000 -0.528698
5.520000 -0.526633
5.530000 -0.524378
5.540000 -0.521931
5.550000 -0.519289
5.560000 -0.516448
5.570000 -0.513405
5.580000 -0.510159
5.590000 -0.506706
5.600000 -0.503044
5.610000 -0.499169
5.620000 -0.495080
5.630000 -0.490774
5.640000 -0.486249
5.650000 -0.481501
5.660000 -0.476530
5.670000 -0.471332
5.680000 -0.465905
5.690000 -0.460249
5.700000 -0.454359
5.710000 -0.448236
5.720000 -0.441876
5.730000 -0.435278
5.740000 -0.428441
5.750000 -0.421364
5.760000 -0.414044
5.770000 -0.406480
5.780000 -0.398672
5.790000 -0.390619
5.800000 -0.382318
5.810000 -0.373770
5.820000 -0.364974
5.830000 -0.355929
5.840000 -0.346635
5.850000 -0.337091
5.860000 -0.327298
5.870000 -0.317254
5.880000 -0.306960
5.890000 -0.296417
5.900000 -0.285625
5.910000 -0.274583
5.920000 -0.263293
5.930000 -0.251755
5.940000 -0.239971
5.950000 -0.227940
5.960000 -0.215665
5.970000 -0.203147
5.980000 -0.190386
5.990000 -0.177385
6.000000 -0.164146
6.010000 -0.150670
6.020000 -0.136959
6.030000 -0.123015
6.040000 -0.108841
6.050000 -0.094439
6.060000 -0.079812
6.070000 -0.064963
6.080000 -0.049895
6.090000 -0.034609
6.100000 -0.019111
6.110000 -0.003403
6.120000 0.012511
6.130000 0.028628
6.140000 0.044943
6.150000 0.061453
6.160000 0.078154
6.170000 0.095042
6.180000 0.112111
6.190000 0.129357
6.200000 0.146777
6.210000 0.164364
6.220000 0.182114
6.230000 0.200022
6.240000 0.218082
6.250000 0.236289
6.260000 0.254638
6.270000 0.273123
6.280000 0.291739
6.290000 0.310478
6.300000 0.329336
6.310000 0.348306
6.320000 0.367382
6.330000 0.386558
6.340000 0.405827
6.350000 0.425182
6.360000 0.444617
6.370000 0.464125
6.380000 0.483700
6.390000 0.503334
6.400000 0.523020
6.410000 0.542751
6.420000 0.562521
6.430000 0.582321
6.440000 0.602144
6.450000 0.621983
6.460000 0.641830
6.470000 0.661679
6.480000 0.681520
6.490000 0.701347
6.500000 0.721152
6.510000 0.740927
6.520000 0.760665
6.530000 0.780357
6.540000 0.799996
6.550000 0.819574
6.560000 0.839083
6.570000 0.858515
6.580000 0.877862
6.590000 0.897116
6.600000 0.916270
6.610000 0.935316
6.620000 0.954245
6.630000 0.973050
6.640000 0.991723
6.650000 1.010256
6.660000 1.028642
6.670000 1.046872
6.680000 1.064939
6.690000 1.082836
6.700000 1.100554
6.710000 1.118087
6.720000 1.135426
6.730000 1.152565
6.740000 1.169495
6.750000 1.186210
6.760000 1.202703
6.770000 1.218966
6.780000 1.234993
6.790000 1.250776
6.800000 1.266309
6.810000 1.281585
6.820000 1.296597
6.830000 1.311339
6.840000 1.325805
6.850000 1.339988
6.860000 1.353882
6.870000 1.367482
6.880000 1.380781
6.890000 1.393774
6.900000 1.406454
6.910000 1.418818
6.920000 1.430859
6.930000 1.442572
6.940000 1.453952
6.950000 1.464995
6.960000 1.475695
6.970000 1.486050
6.980000 1.496053
6.990000 1.505700
7.000000 1.514989
7.010000 1.523915
7.020000 1.532475
7.030000 1.540664
7.040000 1.548480
7.050000 1.555920
7.060000 1.562981
7.070000 1.569660
7.080000 1.575954
7.090000 1.581862
7.100000 1.587381
7.110000 1.592509
7.120000 1.597245
7.130000 1.601586
7.140000 1.605533
7.150000 1.609082
7.160000 1.612234
7.170000 1.614988
7.180000 1.617342
7.190000 1.619298
7.200000 1.620854
7.210000 1.622010
7.220000 1.622768
7.230000 1.623126
7.240000 1.623087
7.250000 1.622650
7.260000 1.621816
7.270000 1.620588
7.280000 1.618965
7.290000 1.616950
7.300000 1.614545
7.310000 1.611751
7.320000 1.608571
7.330000 1.605006
7.340000 1.601060
7.350000 1.596735
7.360000 1.592033
7.370000 1.586958
7.380000 1.581514
7.390000 1.575702
7.400000 1.569528
7.410000 1.562994
7.420000 1.556104
7.430000 1.548863
7.440000 1.541274
7.450000 1.533342
7.460000 1.525071
7.470000 1.516466
7.480000 1.507531
7.490000 1.498272
7.500000 1.488693
7.510000 1.478799
7.520000 1.468597
7.530000 1.458090
7.540000 1.447285
7.550000 1.436187
7.560000 1.424802
7.570000 1.413136
7.580000 1.401194
7.590000 1.388983
7.600000 1.376509
7.610000 1.363778
7.620000 1.350796
7.630000 1.337569
7.640000 1.324104
7.650000 1.310408
7.660000 1.296487
7.670000 1.282347
7.680000 1.267996
7.690000 1.253440
7.700000 1.238686
7.710000 1.223741
7.720000 1.208611
7.730000 1.193304
7.740000 1.177826
7.750000 1.162185
7.760000 1.146387
7.770000 1.130440
7.780000 1.114350
7.790000 1.098124
7.800000 1.081771
7.810000 1.065295
7.820000 1.048706
7.830000 1.032009
7.840000 1.015212
7.850000 0.998322
7.860000 0.981345
7.870000 0.964289
7.880000 0.947161
7.890000 0.929967
7.900000 0.912714
7.910000 0.895410
7.920000 0.878061
7.930000 0.860674
7.940000 0.843255
7.950000 0.825811
7.960000 0.808349
7.970000 0.790875
7.980000 0.773396
7.990000 0.755917
8.000000 0.738447
8.010000 0.720990
8.020000 0.703553
8.030000 0.686142
8.040000 0.668763
8.050000 0.651421
8.060000 0.634124
8.070000 0.616876
8.080000 0.599684
8.090000 0.582552
8.100000 0.565487
8.110000 0.548493
8.120000 0.531577
8.130000 0.514742
8.140000 0.497995
8.150000 0.481341
8.160000 0.464783
8.170000 0.448328
8.180000 0.431979
8.190000 0.415741
8.200000 0.399619
8.210000 0.383617
8.220000 0.367738
8.230000 0.351989
8.240000 0.336371
8.250000 0.320890
8.260000 0.305548
8.270000 0.290350
8.280000 0.275299
8.290000 0.260398
8.300000 0.245651
8.310000 0.231061
8.320000 0.216631
8.330000 0.202363
8.340000 0.188261
8.350000 0.174327
8.360000 0.160564
8.370000 0.146974
8.380000 0.133560
8.390000 0.120323
8.400000 0.107267
8.410000 0.094392
8.420000 0.081701
8.430000 0.069195
8.440000 0.056876
8.450000 0.044745
8.460000 0.032805
8.470000 0.021055
8.480000 0.009498
8.490000 -0.001865
8.500000 -0.013035
8.510000 -0.024009
8.520000 -0.034787
8.530000 -0.045369
8.540000 -0.055754
8.550000 -0.065942
8.560000 -0.075932
8.570000 -0.085723
8.580000 -0.095317
8.590000 -0.104713
8.600000 -0.113910
8.610000 -0.122910
8.620000 -0.131712
8.630000 -0.140317
8.640000 -0.148725
8.650000 -0.156937
8.660000 -0.164953
8.670000 -0.172774
8.680000 -0.180401
8.690000 -0.187835
8.700000 -0.195076
8.710000 -0.202125
8.720000 -0.208985
8.730000 -0.215654
8.740000 -0.222136
8.750000 -0.228431
8.760000 -0.234541
8.770000 -0.240466
8.780000 -0.246209
8.790000 -0.251771
8.800000 -0.257154
8.810000 -0.262358
8.820000 -0.267386
8.830000 -0.272240
8.840000 -0.276921
8.850000 -0.281432
8.860000 -0.285773
8.870000 -0.289947
8.880000 -0.293956
8.890000 -0.297802
8.900000 -0.301487
8.910000 -0.305013
8.920000 -0.308382
8.930000 -0.311596
8.940000 -0.314657
8.950000 -0.317568
8.960000 -0.320330
8.970000 -0.322946
8.980000 -0.325419
8.990000 -0.327749
9.000000 -0.329941
9.010000 -0.331995
9.020000 -0.333914
9.030000 -0.335701
9.040000 -0.337358
9.050000 -0.338887
9.060000 -0.340291
9.070000 -0.341572
9.080000 -0.342731
9.090000 -0.343773
9.100000 -0.344698
9.110000 -0.345510
9.120000 -0.346210
9.130000 -0.346801
9.140000 -0.347286
9.150000 -0.347666
9.160000 -0.347944
9.170000 -0.348123
9.180000 -0.348204
9.190000 -0.348190
9.200000 -0.348083
9.210000 -0.347886
9.220000 -0.347600
9.230000 -0.347229
9.240000 -0.346773
9.250000 -0.346236
9.260000 -0.345620
9.270000 -0.344926
9.280000 -0.344157
9.290000 -0.343315
9.300000 -0.342402
9.310000 -0.341421
9.320000 -0.340373
9.330000 -0.339260
9.340000 -0.338084
9.350000 -0.336847
9.360000 -0.335552
9.370000 -0.334200
9.380000 -0.332793
9.390000 -0.331333
9.400000 -0.329822
9.410000 -0.328262
9.420000 -0.326654
9.430000 -0.325000
9.440000 -0.323302
9.450000 -0.321562
9.460000 -0.319781
9.470000 -0.317962
9.480000 -0.316104
9.490000 -0.314211
9.500000 -0.312284
9.510000 -0.310324
9.520000 -0.308333
9.530000 -0.306313
9.540000 -0.304264
9.550000 -0.302188
9.560000 -0.300086
9.570000 -0.297961
9.580000 -0.295812
9.590000 -0.293642
9.600000 -0.291452
9.610000 -0.289243
9.620000 -0.287016
9.630000 -0.284772
9.640000 -0.282513
9.650000 -0.280239
9.660000 -0.277952
9.670000 -0.275653
9.680000 -0.273342
9.690000 -0.271021
9.700000 -0.268691
9.710000 -0.266352
9.720000 -0.264006
9.730000 -0.261654
9.740000 -0.259296
9.750000 -0.256933
9.760000 -0.254566
9.770000 -0.252195
9.780000 -0.249822
9.790000 -0.247448
9.800000 -0.245072
9.810000 -0.242696
9.820000 -0.240320
9.830000 -0.237946
9.840000 -0.235572
9.850000 -0.233201
9.860000 -0.230833
9.870000 -0.228468
9.880000 -0.226107
9.890000 -0.223750
9.900000 -0.221398
9.910000 -0.219051
9.920000 -0.216710
9.930000 -0.214375
9.940000 -0.212047
9.950000 -0.209726
9.960000 -0.207413
9.970000 -0.205107
9.980000 -0.202809
9.990000 -0.200519
10.000000 -0.198239
10.010000 -0.195968
10.020000 -0.193706
10.030000 -0.191453
10.040000 -0.189211
10.050000 -0.186979
10.060000 -0.184757
10.070000 -0.182546
10.080000 -0.180346
10.090000 -0.178157
10.100000 -0.175980
10.110000 -0.173814
10.120000 -0.171659
10.130000 -0.169517
10.140000 -0.167387
10.150000 -0.165269
10.160000 -0.163163
10.170000 -0.161070
10.180000 -0.158989
10.190000 -0.156922
10.200000 -0.154867
10.210000 -0.152825
10.220000 -0.150796
10.230000 -0.148781
10.240000 -0.146779
10.250000 -0.144791
10.260000 -0.142816
10.270000 -0.140855
10.280000 -0.138908
10.290000 -0.136975
10.300000 -0.135056
10.310000 -0.133150
10.320000 -0.131259
10.330000 -0.129383
10.340000 -0.127521
10.350000 -0.125673
10.360000 -0.123838
10.370000 -0.122013
10.380000 -0.120199
10.390000 -0.118396
10.400000 -0.116604
10.410000 -0.114824
10.420000 -0.113055
10.430000 -0.111299
10.440000 -0.109556
10.450000 -0.107825
10.460000 -0.106107
10.470000 -0.104403
10.480000 -0.102712
10.490000 -0.101035
10.500000 -0.099372
10.510000 -0.097723
10.520000 -0.096090
10.530000 -0.094471
10.540000 -0.092868
10.550000 -0.091280
10.560000 -0.089708
10.570000 -0.088152
10.580000 -0.086613
10.590000 -0.085091
10.600000 -0.083586
10.610000 -0.082098
10.620000 -0.080628
10.630000 -0.079176
10.640000 -0.077742
10.650000 -0.076327
10.660000 -0.074931
10.670000 -0.073554
10.680000 -0.072197
10.690000 -0.070860
10.700000 -0.069543
10.710000 -0.068246
10.720000 -0.066970
10.730000 -0.065716
10.740000 -0.064483
10.750000 -0.063272
10.760000 -0.062083
10.770000 -0.060916
10.780000 -0.059772
10.790000 -0.058652
10.800000 -0.057555
10.810000 -0.056482
10.820000 -0.055433
10.830000 -0.054408
10.840000 -0.053408
10.850000 -0.052433
10.860000 -0.051484
10.870000 -0.050561
10.880000 -0.049663
10.890000 -0.048792
10.900000 -0.047948
10.910000 -0.047131
10.920000 -0.046341
10.930000 -0.045579
10.940000 -0.044845
10.950000 -0.044139
10.960000 -0.043461
10.970000 -0.042813
10.980000 -0.042194
10.990000 -0.041604
11.000000 -0.041043
11.010000 -0.040513
11.020000 -0.040013
11.030000 -0.039543
11.040000 -0.039104
11.050000 -0.038696
11.060000 -0.038319
11.070000 -0.037974
11.080000 -0.037660
11.090000 -0.037378
11.100000 -0.037127
11.110000 -0.036909
11.120000 -0.036724
11.130000 -0.036571
11.140000 -0.036450
11.150000 -0.036362
11.160000 -0.036307
11.170000 -0.036286
11.180000 -0.036297
11.190000 -0.036341
11.200000 -0.036418
11.210000 -0.036529
11.220000 -0.036673
11.230000 -0.036851
11.240000 -0.037061
11.250000 -0.037305
11.260000 -0.037583
11.270000 -0.037893
11.280000 -0.038237
11.290000 -0.038613
11.300000 -0.039023
11.310000 -0.039466
11.320000 -0.039941
11.330000 -0.040448
11.340000 -0.040989
11.350000 -0.041561
11.360000 -0.042165
11.370000 -0.042801
11.380000 -0.043468
11.390000 -0.044167
11.400000 -0.044896
11.410000 -0.045656
11.420000 -0.046446
11.430000 -0.047266
11.440000 -0.048116
11.450000 -0.048994
11.460000 -0.049902
11.470000 -0.050837
11.480000 -0.051800
11.490000 -0.052791
11.500000 -0.053808
11.510000 -0.054851
11.520000 -0.055920
11.530000 -0.057014
11.540000 -0.058133
11.550000 -0.059275
11.560000 -0.060441
11.570000 -0.061629
11.580000 -0.062840
11.590000 -0.064071
11.600000 -0.065323
11.610000 -0.066595
11.620000 -0.067886
11.630000 -0.069195
11.640000 -0.070521
11.650000 -0.071864
11.660000 -0.073223
11.670000 -0.074597
11.680000 -0.075986
11.690000 -0.077387
11.700000 -0.078801
11.710000 -0.080226
11.720000 -0.081662
11.730000 -0.083108
11.740000 -0.084562
11.750000 -0.086024
11.760000 -0.087492
11.770000 -0.088967
11.780000 -0.090446
11.790000 -0.091930
11.800000 -0.093415
11.810000 -0.094903
11.820000 -0.096392
11.830000 -0.097880
11.840000 -0.099367
11.850000 -0.100851
11.860000 -0.102332
11.870000 -0.103809
11.880000 -0.105280
11.890000 -0.106745
11.900000 -0.108202
11.910000 -0.109650
11.920000 -0.111089
11.930000 -0.112516
11.940000 -0.113932
11.950000 -0.115335
11.960000 -0.116724
11.970000 -0.118099
11.980000 -0.119457
11.990000 -0.120798
12.000000 -0.122121
12.010000 -0.123425
12.020000 -0.124709
12.030000 -0.125972
12.040000 -0.127213
12.050000 -0.128431
12.060000 -0.129624
12.070000 -0.130794
12.080000 -0.131937
12.090000 -0.133054
12.100000 -0.134143
12.110000 -0.135203
12.120000 -0.136235
12.130000 -0.137236
12.140000 -0.138206
12.150000 -0.139144
12.160000 -0.140050
12.170000 -0.140923
12.180000 -0.141762
12.190000 -0.142566
12.200000 -0.143335
12.210000 -0.144067
12.220000 -0.144763
12.230000 -0.145422
12.240000 -0.146043
12.250000 -0.146626
12.260000 -0.147170
12.270000 -0.147675
12.280000 -0.148139
12.290000 -0.148564
12.300000 -0.148948
12.310000 -0.149291
12.320000 -0.149592
12.330000 -0.149852
12.340000 -0.150071
12.350000 -0.150247
12.360000 -0.150380
12.369999 -0.150472
12.379999 -0.150520
12.389999 -0.150526
12.399999 -0.150489
12.409999 -0.150409
12.419999 -0.150286
12.429999 -0.150121
12.439999 -0.149912
12.449999 -0.149661
12.459999 -0.149367
12.469999 -0.149031
12.479999 -0.148653
12.489999 -0.148232
12.499999 -0.147770
12.509999 -0.147267
12.519999 -0.146722
12.529999 -0.146136
12.539999 -0.145510
12.549999 -0.144843
12.559999 -0.144138
12.569999 -0.143393
12.579999 -0.142609
12.589999 -0.141787
12.599999 -0.140928
12.609999 -0.140031
12.619999 -0.139099
12.629999 -0.138130
12.639999 -0.137126
12.649999 -0.136088
12.659999 -0.135017
12.669999 -0.133912
12.679999 -0.132775
12.689999 -0.131607
12.699999 -0.130408
12.709999 -0.129179
12.719999 -0.127921
12.729999 -0.126635
12.739999 -0.125322
12.749999 -0.123983
12.759999 -0.122618
12.769999 -0.121228
12.779999 -0.119815
12.789999 -0.118379
12.799999 -0.116922
12.809999 -0.115444
12.819999 -0.113946
12.829999 -0.112429
12.839999 -0.110894
12.849999 -0.109343
12.859999 -0.107776
12.869999 -0.106195
12.879999 -0.104600
12.889999 -0.102992
12.899999 -0.101372
12.909999 -0.099742
12.919999 -0.098102
12.929999 -0.096454
12.939999 -0.094798
12.949999 -0.093136
12.959999 -0.091469
12.969999 -0.089797
12.979999 -0.088121
12.989999 -0.086443
12.999999 -0.084764
13.009999 -0.083084
13.019999 -0.081405
13.029999 -0.079728
13.039999 -0.078053
13.049999 -0.076381
13.059999 -0.074714
13.069999 -0.073052
13.079999 -0.071396
13.089999 -0.069748
13.099999 -0.068107
13.109999 -0.066475
13.119999 -0.064853
13.129999 -0.063242
13.139999 -0.061642
13.149999 -0.060054
13.159999 -0.058479
13.169999 -0.056917
13.179999 -0.055370
13.189999 -0.053838
13.199999 -0.052322
13.209999 -0.050823
13.219999 -0.049340
13.229999 -0.047875
13.239999 -0.046429
13.249999 -0.045001
13.259999 -0.043593
13.269999 -0.042204
13.279999 -0.040837
13.289999 -0.039490
13.299999 -0.038164
13.309999 -0.036861
13.319999 -0.035579
13.329999 -0.034320
13.339999 -0.033084
13.349999 -0.031872
13.359999 -0.030683
13.369999 -0.029517
13.379999 -0.028376
13.389999 -0.027259
13.399999 -0.026167
13.409999 -0.025099
13.419999 -0.024056
13.429999 -0.023038
13.439999 -0.022045
13.449999 -0.021076
13.459999 -0.020134
13.469999 -0.019216
13.479999 -0.018323
13.489999 -0.017455
13.499999 -0.016613
13.509999 -0.015795
13.519999 -0.015003
13.529999 -0.014235
13.539999 -0.013492
13.549999 -0.012773
13.559999 -0.012078
13.569999 -0.011408
13.579999 -0.010761
13.589999 -0.010138
13.599999 -0.009539
13.609999 -0.008962
13.619999 -0.008408
13.629999 -0.007877
13.639999 -0.007368
13.649999 -0.006881
13.659999 -0.006415
13.669999 -0.005970
13.679999 -0.005545
13.689999 -0.005141
13.699999 -0.004757
13.709999 -0.004393
13.719999 -0.004047
13.729999 -0.003720
13.739999 -0.003410
13.749999 -0.003119
13.759999 -0.002844
13.769999 -0.002587
13.779999 -0.002345
13.789999 -0.002119
13.799999 -0.001908
13.809999 -0.001711
13.819999 -0.001529
13.829999 -0.001360
13.839999 -0.001204
13.849999 -0.001061
13.859999 -0.000930
13.869999 -0.000810
13.879999 -0.000701
13.889999 -0.000602
13.899999 -0.000514
13.909999 -0.000434
13.919999 -0.000363
13.929999 -0.000301
13.939999 -0.000246
13.949999 -0.000198
13.959999 -0.000157
13.969999 -0.000123
13.979999 -0.000093
13.989999 -0.000069
13.999999 -0.000049
14.009999 -0.000034
14.019999 -0.000022
14.029999 -0.000013
14.039999 -0.000007
14.049999 -0.000003
14.059999 -0.000001
14.069999 0.000000
14.079999 0.000000
14.089999 0.000000
14.099999 0.000000
14.109999 0.000000
14.119999 0.000000
14.129999 0.000001
14.139999 0.000001
14.149999 0.000002
14.159999 0.000003
14.169999 0.000004
14.179999 0.000006
14.189999 0.000008
14.199999 0.000010
14.209999 0.000012
14.219999 0.000015
14.229999 0.000017
14.239999 0.000020
14.249999 0.000024
14.259999 0.000027
14.269999 0.000031
14.279999 0.000035
14.289999 0.000039
14.299999 0.000043
14.309999 0.000048
14.319999 0.000052
14.329999 0.000058
14.339999 0.000063
14.349999 0.000068
14.359999 0.000074
14.369999 0.000080
14.379999 0.000086
14.389999 0.000093
14.399999 0.000100
14.409999 0.000107
14.419999 0.000114
14.429999 0.000122
14.439999 0.000129
14.449999 0.000137
14.459999 0.000146
14.469999 0.000154
14.479999 0.000163
14.489999 0.000172
14.499999 0.000182
14.509999 0.000192
14.519999 0.000202
14.529999 0.000212
14.539999 0.000223
14.549999 0.000233
14.559999 0.000245
14.569999 0.000256
14.579999 0.000268
14.589999 0.000280
14.599999 0.000292
14.609999 0.000305
14.619999 0.000318
14.629999 0.000331
14.639999 0.000345
14.649999 0.000359
14.659999 0.000373
14.669999 0.000388
14.679999 0.000403
14.689999 0.000418
14.699999 0.000434
14.709999 0.000449
14.719999 0.000466
14.729999 0.000482
14.739999 0.000499
14.749999 0.000516
14.759999 0.000534
14.769999 0.000552
14.779999 0.000570
14.789999 0.000589
14.799999 0.000608
14.809999 0.000627
14.819999 0.000647
14.829999 0.000667
14.839999 0.000687
14.849999 0.000707
14.859999 0.000728
14.869999 0.000750
14.879999 0.000771
14.889999 0.000793
14.899999 0.000816
14.909999 0.000838
14.919999 0.000861
14.929999 0.000884
14.939999 0.000908
14.949999 0.000932
14.959999 0.000956
14.969999 0.000981
14.979999 0.001006
14.989999 0.001031
14.999999 0.001057
