-10.000000 0.004901
-9.990000 0.004724
-9.980000 0.004547
-9.970000 0.004373
-9.960000 0.004200
-9.950000 0.004029
-9.940000 0.003860
-9.930000 0.003692
-9.920000 0.003526
-9.910000 0.003362
-9.900000 0.003200
-9.890000 0.003039
-9.880000 0.002881
-9.870000 0.002724
-9.860000 0.002569
-9.850000 0.002416
-9.840000 0.002265
-9.830000 0.002116
-9.820000 0.001968
-9.810000 0.001823
-9.800000 0.001679
-9.790000 0.001538
-9.780000 0.001398
-9.770000 0.001261
-9.760000 0.001125
-9.750000 0.000991
-9.740000 0.000859
-9.730000 0.000729
-9.720000 0.000601
-9.710000 0.000475
-9.700000 0.000351
-9.690000 0.000229
-9.680000 0.000109
-9.670000 -0.000009
-9.660000 -0.000125
-9.650000 -0.000240
-9.640000 -0.000352
-9.630000 -0.000463
-9.620000 -0.000571
-9.610000 -0.000678
-9.600000 -0.000783
-9.590000 -0.000886
-9.580000 -0.000987
-9.570000 -0.001087
-9.560000 -0.001184
-9.550000 -0.001280
-9.540000 -0.001374
-9.530000 -0.001466
-9.520000 -0.001556
-9.510000 -0.001645
-9.500000 -0.001732
-9.490000 -0.001817
-9.480000 -0.001900
-9.470000 -0.001982
-9.460000 -0.002062
-9.450000 -0.002140
-9.440000 -0.002217
-9.430000 -0.002292
-9.420000 -0.002366
-9.410000 -0.002438
-9.400000 -0.002508
-9.390000 -0.002577
-9.380000 -0.002644
-9.370000 -0.002710
-9.360000 -0.002774
-9.350000 -0.002837
-9.340000 -0.002899
-9.330000 -0.002959
-9.320000 -0.003018
-9.310000 -0.003075
-9.300000 -0.003131
-9.290000 -0.003185
-9.280000 -0.003239
-9.270000 -0.003291
-9.260000 -0.003342
-9.250000 -0.003391
-9.240000 -0.003440
-9.230000 -0.003487
-9.220000 -0.003533
-9.210000 -0.003578
-9.200000 -0.003622
-9.190000 -0.003665
-9.180000 -0.003706
-9.170000 -0.003747
-9.160000 -0.003787
-9.150000 -0.003825
-9.140000 -0.003863
-9.130000 -0.003900
-9.120000 -0.003936
-9.110000 -0.003971
-9.100000 -0.004005
-9.090000 -0.004038
-9.080000 -0.004070
-9.070000 -0.004102
-9.060000 -0.004133
-9.050000 -0.004163
-9.040000 -0.004192
-9.030000 -0.004221
-9.020000 -0.004249
-9.010000 -0.004276
-9.000000 -0.004303
-8.990000 -0.004329
-8.980000 -0.004354
-8.970000 -0.004379
-8.960000 -0.004403
-8.950000 -0.004426
-8.940000 -0.004450
-8.930000 -0.004472
-8.920000 -0.004494
-8.910000 -0.004516
-8.900000 -0.004537
-8.890000 -0.004558
-8.880000 -0.004578
-8.870000 -0.004598
-8.860000 -0.004618
-8.850000 -0.004637
-8.840000 -0.004655
-8.830000 -0.004674
-8.820000 -0.004692
-8.810000 -0.004710
-8.800000 -0.004727
-8.790000 -0.004744
-8.780000 -0.004761
-8.770000 -0.004778
-8.760000 -0.004794
-8.750000 -0.004810
-8.740000 -0.004826
-8.730000 -0.004842
-8.720000 -0.004857
-8.710000 -0.004872
-8.700000 -0.004887
-8.690000 -0.004902
-8.680000 -0.004916
-8.670000 -0.004931
-8.660000 -0.004945
-8.650000 -0.004959
-8.640000 -0.004973
-8.630000 -0.004986
-8.620000 -0.005000
-8.610000 -0.005013
-8.600000 -0.005026
-8.590000 -0.005038
-8.580000 -0.005051
-8.570000 -0.005063
-8.560000 -0.005075
-8.550000 -0.005087
-8.540000 -0.005099
-8.530000 -0.005110
-8.520000 -0.005121
-8.510000 -0.005132
-8.500000 -0.005143
-8.490000 -0.005153
-8.480000 -0.005163
-8.470000 -0.005173
-8.460000 -0.005182
-8.450000 -0.005191
-8.440000 -0.005200
-8.430000 -0.005208
-8.420000 -0.005216
-8.410000 -0.005223
-8.400000 -0.005230
-8.390000 -0.005237
-8.380000 -0.005243
-8.370000 -0.005248
-8.360000 -0.005253
-8.350000 -0.005257
-8.340000 -0.005260
-8.330000 -0.005263
-8.320000 -0.005265
-8.310000 -0.005267
-8.300000 -0.005267
-8.290000 -0.005267
-8.280000 -0.005266
-8.270000 -0.005264
-8.260000 -0.005261
-8.250000 -0.005257
-8.240000 -0.005252
-8.230000 -0.005246
-8.220000 -0.005238
-8.210000 -0.005230
-8.200000 -0.005220
-8.190000 -0.005209
-8.180000 -0.005196
-8.170000 -0.005183
-8.160000 -0.005167
-8.150000 -0.005150
-8.140000 -0.005131
-8.130000 -0.005111
-8.120000 -0.005089
-8.110000 -0.005065
-8.100000 -0.005039
-8.090000 -0.005011
-8.080000 -0.004981
-8.070000 -0.004948
-8.060000 -0.004914
-8.050000 -0.004877
-8.040000 -0.004838
-8.030000 -0.004796
-8.020000 -0.004752
-8.010000 -0.004705
-8.000000 -0.004655
-7.990000 -0.004602
-7.980000 -0.004546
-7.970000 -0.004487
-7.960000 -0.004425
-7.950000 -0.004360
-7.940000 -0.004291
-7.930000 -0.004219
-7.920000 -0.004143
-7.910000 -0.004063
-7.900000 -0.003979
-7.890000 -0.003891
-7.880000 -0.003799
-7.870000 -0.003703
-7.860000 -0.003602
-7.850000 -0.003497
-7.840000 -0.003387
-7.830000 -0.003272
-7.820000 -0.003153
-7.810000 -0.003028
-7.800000 -0.002897
-7.790000 -0.002762
-7.780000 -0.002621
-7.770000 -0.002474
-7.760000 -0.002321
-7.750000 -0.002161
-7.740000 -0.001996
-7.730000 -0.001824
-7.720000 -0.001646
-7.710000 -0.001461
-7.700000 -0.001269
-7.690000 -0.001069
-7.680000 -0.000862
-7.670000 -0.000648
-7.660000 -0.000426
-7.650000 -0.000196
-7.640000 0.000042
-7.630000 0.000289
-7.620000 0.000544
-7.610000 0.000808
-7.600000 0.001080
-7.590000 0.001363
-7.580000 0.001654
-7.570000 0.001955
-7.560000 0.002267
-7.550000 0.002588
-7.540000 0.002920
-7.530000 0.003262
-7.520000 0.003615
-7.510000 0.003980
-7.500000 0.004355
-7.490000 0.004743
-7.480000 0.005142
-7.470000 0.005553
-7.460000 0.005977
-7.450000 0.006414
-7.440000 0.006863
-7.430000 0.007326
-7.420000 0.007802
-7.410000 0.008292
-7.400000 0.008796
-7.390000 0.009314
-7.380000 0.009847
-7.370000 0.010395
-7.360000 0.010958
-7.350000 0.011537
-7.340000 0.012131
-7.330000 0.012742
-7.320000 0.013369
-7.310000 0.014012
-7.300000 0.014673
-7.290000 0.015351
-7.280000 0.016047
-7.270000 0.016760
-7.260000 0.017492
-7.250000 0.018242
-7.240000 0.019011
-7.230000 0.019800
-7.220000 0.020607
-7.210000 0.021435
-7.200000 0.022282
-7.190000 0.023151
-7.180000 0.024039
-7.170000 0.024949
-7.160000 0.025880
-7.150000 0.026833
-7.140000 0.027807
-7.130000 0.028804
-7.120000 0.029824
-7.110000 0.030866
-7.100000 0.031931
-7.090000 0.033020
-7.080000 0.034132
-7.070000 0.035269
-7.060000 0.036429
-7.050000 0.037614
-7.040000 0.038824
-7.030000 0.040059
-7.020000 0.041320
-7.010000 0.042605
-7.000000 0.043917
-6.990000 0.045255
-6.980000 0.046619
-6.970000 0.048010
-6.960000 0.049427
-6.950000 0.050871
-6.940000 0.052343
-6.930000 0.053841
-6.920000 0.055368
-6.910000 0.056922
-6.900000 0.058503
-6.890000 0.060113
-6.880000 0.061751
-6.870000 0.063418
-6.860000 0.065112
-6.850000 0.066835
-6.840000 0.068587
-6.830000 0.070368
-6.820000 0.072177
-6.810000 0.074015
-6.800000 0.075882
-6.790000 0.077778
-6.780000 0.079702
-6.770000 0.081656
-6.760000 0.083638
-6.750000 0.085650
-6.740000 0.087690
-6.730000 0.089758
-6.720000 0.091856
-6.710000 0.093981
-6.700000 0.096136
-6.690000 0.098318
-6.680000 0.100528
-6.670000 0.102767
-6.660000 0.105033
-6.650000 0.107326
-6.640000 0.109647
-6.630000 0.111994
-6.620000 0.114368
-6.610000 0.116769
-6.600000 0.119195
-6.590000 0.121647
-6.580000 0.124125
-6.570000 0.126627
-6.560000 0.129154
-6.550000 0.131705
-6.540000 0.134279
-6.530000 0.136876
-6.520000 0.139496
-6.510000 0.142138
-6.500000 0.144801
-6.490000 0.147486
-6.480000 0.150190
-6.470000 0.152914
-6.460000 0.155657
-6.450000 0.158418
-6.440000 0.161197
-6.430000 0.163992
-6.420000 0.166804
-6.410000 0.169630
-6.400000 0.172472
-6.390000 0.175326
-6.380000 0.178194
-6.370000 0.181073
-6.360000 0.183963
-6.350000 0.186864
-6.340000 0.189773
-6.330000 0.192690
-6.320000 0.195615
-6.310000 0.198545
-6.300000 0.201481
-6.290000 0.204420
-6.280000 0.207362
-6.270000 0.210306
-6.260000 0.213250
-6.250000 0.216194
-6.240000 0.219135
-6.230000 0.222074
-6.220000 0.225008
-6.210000 0.227937
-6.200000 0.230860
-6.190000 0.233774
-6.180000 0.236678
-6.170000 0.239572
-6.160000 0.242454
-6.150000 0.245323
-6.140000 0.248176
-6.130000 0.251014
-6.120000 0.253834
-6.110000 0.256635
-6.100000 0.259416
-6.090000 0.262174
-6.080000 0.264910
-6.070000 0.267621
-6.060000 0.270305
-6.050000 0.272962
-6.040000 0.275589
-6.030000 0.278186
-6.020000 0.280751
-6.010000 0.283281
-6.000000 0.285777
-5.990000 0.288236
-5.980000 0.290656
-5.970000 0.293037
-5.960000 0.295376
-5.950000 0.297673
-5.940000 0.299925
-5.930000 0.302131
-5.920000 0.304289
-5.910000 0.306399
-5.900000 0.308459
-5.890000 0.310466
-5.880000 0.312420
-5.870000 0.314319
-5.860000 0.316161
-5.850000 0.317946
-5.840000 0.319671
-5.830000 0.321336
-5.820000 0.322938
-5.810000 0.324477
-5.800000 0.325951
-5.790000 0.327358
-5.780000 0.328698
-5.770000 0.329969
-5.760000 0.331169
-5.750000 0.332297
-5.740000 0.333353
-5.730000 0.334334
-5.720000 0.335240
-5.710000 0.336069
-5.700000 0.336821
-5.690000 0.337493
-5.680000 0.338085
-5.670000 0.338597
-5.660000 0.339026
-5.650000 0.339371
-5.640000 0.339633
-5.630000 0.339809
-5.620000 0.339899
-5.610000 0.339903
-5.600000 0.339818
-5.590000 0.339645
-5.580000 0.339382
-5.570000 0.339029
-5.560000 0.338585
-5.550000 0.338050
-5.540000 0.337423
-5.530000 0.336702
-5.520000 0.335889
-5.510000 0.334982
-5.500000 0.333981
-5.490000 0.332885
-5.480000 0.331694
-5.470000 0.330408
-5.460000 0.329027
-5.450000 0.327549
-5.440000 0.325976
-5.430000 0.324307
-5.420000 0.322542
-5.410000 0.320681
-5.400000 0.318723
-5.390000 0.316670
-5.380000 0.314521
-5.370000 0.312276
-5.360000 0.309935
-5.350000 0.307500
-5.340000 0.304969
-5.330000 0.302344
-5.320000 0.299625
-5.310000 0.296812
-5.300000 0.293906
-5.290000 0.290907
-5.280000 0.287817
-5.270000 0.284635
-5.260000 0.281363
-5.250000 0.278000
-5.240000 0.274549
-5.230000 0.271009
-5.220000 0.267383
-5.210000 0.263670
-5.200000 0.259871
-5.190000 0.255989
-5.180000 0.252023
-5.170000 0.247975
-5.160000 0.243846
-5.150000 0.239638
-5.140000 0.235351
-5.130000 0.230987
-5.120000 0.226547
-5.110000 0.222034
-5.100000 0.217447
-5.090000 0.212788
-5.080000 0.208060
-5.070000 0.203264
-5.060000 0.198401
-5.050000 0.193472
-5.040000 0.188480
-5.030000 0.183427
-5.020000 0.178313
-5.010000 0.173141
-5.000000 0.167912
-4.990000 0.162629
-4.980000 0.157293
-4.970000 0.151906
-4.960000 0.146470
-4.950000 0.140986
-4.940000 0.135458
-4.930000 0.129886
-4.920000 0.124274
-4.910000 0.118622
-4.900000 0.112932
-4.890000 0.107208
-4.880000 0.101451
-4.870000 0.095663
-4.860000 0.089846
-4.850000 0.084003
-4.840000 0.078135
-4.830000 0.072244
-4.820000 0.066334
-4.810000 0.060405
-4.800000 0.054460
-4.790000 0.048502
-4.780000 0.042532
-4.770000 0.036553
-4.760000 0.030567
-4.750000 0.024575
-4.740000 0.018581
-4.730000 0.012587
-4.720000 0.006593
-4.710000 0.000604
-4.700000 -0.005379
-4.690000 -0.011355
-4.680000 -0.017320
-4.670000 -0.023273
-4.660000 -0.029211
-4.650000 -0.035133
-4.640000 -0.041036
-4.630000 -0.046918
-4.620000 -0.052777
-4.610000 -0.058611
-4.600000 -0.064418
-4.590000 -0.070197
-4.580000 -0.075944
-4.570000 -0.081658
-4.560000 -0.087337
-4.550000 -0.092980
-4.540000 -0.098583
-4.530000 -0.104146
-4.520000 -0.109667
-4.510000 -0.115143
-4.500000 -0.120573
-4.490000 -0.125955
-4.480000 -0.131288
-4.470000 -0.136569
-4.460000 -0.141797
-4.450000 -0.146971
-4.440000 -0.152088
-4.430000 -0.157148
-4.420000 -0.162148
-4.410000 -0.167087
-4.400000 -0.171964
-4.390000 -0.176778
-4.380000 -0.181526
-4.370000 -0.186208
-4.360000 -0.190822
-4.350000 -0.195367
-4.340000 -0.199842
-4.330000 -0.204246
-4.320000 -0.208577
-4.310000 -0.212835
-4.300000 -0.217018
-4.290000 -0.221125
-4.280000 -0.225155
-4.270000 -0.229108
-4.260000 -0.232983
-4.250000 -0.236778
-4.240000 -0.240493
-4.230000 -0.244127
-4.220000 -0.247680
-4.210000 -0.251150
-4.200000 -0.254538
-4.190000 -0.257842
-4.180000 -0.261063
-4.170000 -0.264199
-4.160000 -0.267250
-4.150000 -0.270216
-4.140000 -0.273096
-4.130000 -0.275890
-4.120000 -0.278599
-4.110000 -0.281220
-4.100000 -0.283756
-4.090000 -0.286204
-4.080000 -0.288566
-4.070000 -0.290841
-4.060000 -0.293029
-4.050000 -0.295130
-4.040000 -0.297145
-4.030000 -0.299072
-4.020000 -0.300914
-4.010000 -0.302669
-4.000000 -0.304338
-3.990000 -0.305921
-3.980000 -0.307419
-3.970000 -0.308832
-3.960000 -0.310160
-3.950000 -0.311403
-3.940000 -0.312563
-3.930000 -0.313639
-3.920000 -0.314633
-3.910000 -0.315544
-3.900000 -0.316374
-3.890000 -0.317122
-3.880000 -0.317790
-3.870000 -0.318379
-3.860000 -0.318888
-3.850000 -0.319319
-3.840000 -0.319673
-3.830000 -0.319950
-3.820000 -0.320151
-3.810000 -0.320277
-3.800000 -0.320329
-3.790000 -0.320308
-3.780000 -0.320215
-3.770000 -0.320050
-3.760000 -0.319815
-3.750000 -0.319510
-3.740000 -0.319138
-3.730000 -0.318697
-3.720000 -0.318191
-3.710000 -0.317620
-3.700000 -0.316984
-3.690000 -0.316285
-3.680000 -0.315525
-3.670000 -0.314704
-3.660000 -0.313823
-3.650000 -0.312884
-3.640000 -0.311887
-3.630000 -0.310835
-3.620000 -0.309727
-3.610000 -0.308566
-3.600000 -0.307353
-3.590000 -0.306088
-3.580000 -0.304773
-3.570000 -0.303410
-3.560000 -0.301998
-3.550000 -0.300541
-3.540000 -0.299038
-3.530000 -0.297492
-3.520000 -0.295903
-3.510000 -0.294272
-3.500000 -0.292602
-3.490000 -0.290892
-3.480000 -0.289145
-3.470000 -0.287362
-3.460000 -0.285543
-3.450000 -0.283691
-3.440000 -0.281806
-3.430000 -0.279889
-3.420000 -0.277942
-3.410000 -0.275966
-3.400000 -0.273963
-3.390000 -0.271933
-3.380000 -0.269877
-3.370000 -0.267798
-3.360000 -0.265695
-3.350000 -0.263570
-3.340000 -0.261425
-3.330000 -0.259260
-3.320000 -0.257077
-3.310000 -0.254876
-3.300000 -0.252659
-3.290000 -0.250427
-3.280000 -0.248182
-3.270000 -0.245923
-3.260000 -0.243652
-3.250000 -0.241371
-3.240000 -0.239079
-3.230000 -0.236779
-3.220000 -0.234472
-3.210000 -0.232157
-3.200000 -0.229836
-3.190000 -0.227511
-3.180000 -0.225182
-3.170000 -0.222850
-3.160000 -0.220515
-3.150000 -0.218180
-3.140000 -0.215843
-3.130000 -0.213508
-3.120000 -0.211174
-3.110000 -0.208841
-3.100000 -0.206512
-3.090000 -0.204186
-3.080000 -0.201865
-3.070000 -0.199549
-3.060000 -0.197239
-3.050000 -0.194935
-3.040000 -0.192639
-3.030000 -0.190350
-3.020000 -0.188070
-3.010000 -0.185799
-3.000000 -0.183538
-2.990000 -0.181287
-2.980000 -0.179047
-2.970000 -0.176818
-2.960000 -0.174601
-2.950000 -0.172397
-2.940000 -0.170205
-2.930000 -0.168027
-2.920000 -0.165863
-2.910000 -0.163713
-2.900000 -0.161577
-2.890000 -0.159456
-2.880000 -0.157351
-2.870000 -0.155261
-2.860000 -0.153188
-2.850000 -0.151130
-2.840000 -0.149089
-2.830000 -0.147065
-2.820000 -0.145058
-2.810000 -0.143069
-2.800000 -0.141096
-2.790000 -0.139142
-2.780000 -0.137205
-2.770000 -0.135286
-2.760000 -0.133385
-2.750000 -0.131503
-2.740000 -0.129639
-2.730000 -0.127793
-2.720000 -0.125965
-2.710000 -0.124156
-2.700000 -0.122365
-2.690000 -0.120593
-2.680000 -0.118840
-2.670000 -0.117104
-2.660000 -0.115387
-2.650000 -0.113689
-2.640000 -0.112008
-2.630000 -0.110346
-2.620000 -0.108702
-2.610000 -0.107075
-2.600000 -0.105467
-2.590000 -0.103876
-2.580000 -0.102302
-2.570000 -0.100745
-2.560000 -0.099205
-2.550000 -0.097682
-2.540000 -0.096176
-2.530000 -0.094686
-2.520000 -0.093211
-2.510000 -0.091753
-2.500000 -0.090310
-2.490000 -0.088882
-2.480000 -0.087468
-2.470000 -0.086069
-2.460000 -0.084684
-2.450000 -0.083313
-2.440000 -0.081955
-2.430000 -0.080610
-2.420000 -0.079278
-2.410000 -0.077958
-2.400000 -0.076649
-2.390000 -0.075351
-2.380000 -0.074065
-2.370000 -0.072788
-2.360000 -0.071522
-2.350000 -0.070265
-2.340000 -0.069017
-2.330000 -0.067777
-2.320000 -0.066545
-2.310000 -0.065320
-2.300000 -0.064102
-2.290000 -0.062890
-2.280000 -0.061684
-2.270000 -0.060482
-2.260000 -0.059286
-2.250000 -0.058093
-2.240000 -0.056903
-2.230000 -0.055716
-2.220000 -0.054532
-2.210000 -0.053348
-2.200000 -0.052166
-2.190000 -0.050983
-2.180000 -0.049800
-2.170000 -0.048616
-2.160000 -0.047430
-2.150000 -0.046241
-2.140000 -0.045049
-2.130000 -0.043853
-2.120000 -0.042652
-2.110000 -0.041446
-2.100000 -0.040234
-2.090000 -0.039015
-2.080000 -0.037788
-2.070000 -0.036553
-2.060000 -0.035309
-2.050000 -0.034054
-2.040000 -0.032790
-2.030000 -0.031513
-2.020000 -0.030225
-2.010000 -0.028923
-2.000000 -0.027607
-1.990000 -0.026277
-1.980000 -0.024931
-1.970000 -0.023569
-1.960000 -0.022189
-1.950000 -0.020791
-1.940000 -0.019375
-1.930000 -0.017939
-1.920000 -0.016482
-1.910000 -0.015003
-1.900000 -0.013502
-1.890000 -0.011978
-1.880000 -0.010429
-1.870000 -0.008855
-1.860000 -0.007256
-1.850000 -0.005629
-1.840000 -0.003974
-1.830000 -0.002290
-1.820000 -0.000577
-1.810000 0.001167
-1.800000 0.002943
-1.790000 0.004752
-1.780000 0.006594
-1.770000 0.008471
-1.760000 0.010383
-1.750000 0.012332
-1.740000 0.014319
-1.730000 0.016344
-1.720000 0.018409
-1.710000 0.020515
-1.700000 0.022662
-1.690000 0.024852
-1.680000 0.027086
-1.670000 0.029364
-1.660000 0.031688
-1.650000 0.034060
-1.640000 0.036479
-1.630000 0.038947
-1.620000 0.041465
-1.610000 0.044034
-1.600000 0.046655
-1.590000 0.049329
-1.580000 0.052058
-1.570000 0.054842
-1.560000 0.057683
-1.550000 0.060581
-1.540000 0.063537
-1.530000 0.066554
-1.520000 0.069631
-1.510000 0.072770
-1.500000 0.075972
-1.490000 0.079238
-1.480000 0.082569
-1.470000 0.085966
-1.460000 0.089431
-1.450000 0.092963
-1.440000 0.096565
-1.430000 0.100238
-1.420000 0.103982
-1.410000 0.107799
-1.400000 0.111689
-1.390000 0.115654
-1.380000 0.119694
-1.370000 0.123811
-1.360000 0.128006
-1.350000 0.132280
-1.340000 0.136633
-1.330000 0.141067
-1.320000 0.145582
-1.310000 0.150180
-1.300000 0.154861
-1.290000 0.159627
-1.280000 0.164478
-1.270000 0.169415
-1.260000 0.174440
-1.250000 0.179552
-1.240000 0.184753
-1.230000 0.190043
-1.220000 0.195423
-1.210000 0.200895
-1.200000 0.206458
-1.190000 0.212114
-1.180000 0.217862
-1.170000 0.223705
-1.160000 0.229641
-1.150000 0.235673
-1.140000 0.241799
-1.130000 0.248022
-1.120000 0.254341
-1.110000 0.260757
-1.100000 0.267269
-1.090000 0.273880
-1.080000 0.280588
-1.070000 0.287394
-1.060000 0.294298
-1.050000 0.301300
-1.040000 0.308401
-1.030000 0.315601
-1.020000 0.322899
-1.010000 0.330295
-1.000000 0.337790
-0.990000 0.345383
-0.980000 0.353074
-0.970000 0.360863
-0.960000 0.368749
-0.950000 0.376733
-0.940000 0.384812
-0.930000 0.392988
-0.920000 0.401260
-0.910000 0.409626
-0.900000 0.418086
-0.890000 0.426639
-0.880000 0.435285
-0.870000 0.444022
-0.860000 0.452850
-0.850000 0.461767
-0.840000 0.470772
-0.830000 0.479864
-0.820000 0.489042
-0.810000 0.498304
-0.800000 0.507649
-0.790000 0.517075
-0.780000 0.526580
-0.770000 0.536163
-0.760000 0.545823
-0.750000 0.555556
-0.740000 0.565361
-0.730000 0.575237
-0.720000 0.585180
-0.710000 0.595189
-0.700000 0.605261
-0.690000 0.615394
-0.680000 0.625586
-0.670000 0.635833
-0.660000 0.646133
-0.650000 0.656484
-0.640000 0.666882
-0.630000 0.677324
-0.620000 0.687807
-0.610000 0.698329
-0.600000 0.708886
-0.590000 0.719474
-0.580000 0.730091
-0.570000 0.740732
-0.560000 0.751395
-0.550000 0.762075
-0.540000 0.772768
-0.530000 0.783471
-0.520000 0.794180
-0.510000 0.804891
-0.500000 0.815600
-0.490000 0.826302
-0.480000 0.836993
-0.470000 0.847669
-0.460000 0.858325
-0.450000 0.868958
-0.440000 0.879561
-0.430000 0.890132
-0.420000 0.900664
-0.410000 0.911153
-0.400000 0.921594
-0.390000 0.931983
-0.380000 0.942313
-0.370000 0.952581
-0.360000 0.962781
-0.350000 0.972908
-0.340000 0.982956
-0.330000 0.992920
-0.320000 1.002796
-0.310000 1.012577
-0.300000 1.022257
-0.290000 1.031833
-0.280000 1.041297
-0.270000 1.050645
-0.260000 1.059871
-0.250000 1.068969
-0.240000 1.077934
-0.230000 1.086759
-0.220000 1.095440
-0.210000 1.103971
-0.200000 1.112345
-0.190000 1.120557
-0.180000 1.128602
-0.170000 1.136473
-0.160000 1.144165
-0.150000 1.151672
-0.140000 1.158989
-0.130000 1.166109
-0.120000 1.173028
-0.110000 1.179739
-0.100000 1.186237
-0.090000 1.192515
-0.080000 1.198570
-0.070000 1.204394
-0.060000 1.209983
-0.050000 1.215332
-0.040000 1.220434
-0.030000 1.225284
-0.020000 1.229878
-0.010000 1.234209
0.000000 1.238274
0.010000 1.242066
0.020000 1.245581
0.030000 1.248814
0.040000 1.251759
0.050000 1.254413
0.060000 1.256771
0.070000 1.258828
0.080000 1.260580
0.090000 1.262022
0.100000 1.263150
0.110000 1.263960
0.120000 1.264448
0.130000 1.264610
0.140000 1.264443
0.150000 1.263942
0.160000 1.263105
0.170000 1.261928
0.180000 1.260408
0.190000 1.258541
0.200000 1.256325
0.210000 1.253757
0.220000 1.250835
0.230000 1.247555
0.240000 1.243916
0.250000 1.239916
0.260000 1.235552
0.270000 1.230823
0.280000 1.225727
0.290000 1.220263
0.300000 1.214429
0.310000 1.208225
0.320000 1.201649
0.330000 1.194701
0.340000 1.187379
0.350000 1.179685
0.360000 1.171617
0.370000 1.163175
0.380000 1.154360
0.390000 1.145173
0.400000 1.135613
0.410000 1.125681
0.420000 1.115379
0.430000 1.104708
0.440000 1.093669
0.450000 1.082263
0.460000 1.070492
0.470000 1.058359
0.480000 1.045865
0.490000 1.033013
0.500000 1.019805
0.510000 1.006244
0.520000 0.992333
0.530000 0.978075
0.540000 0.963473
0.550000 0.948531
0.560000 0.933253
0.570000 0.917642
0.580000 0.901703
0.590000 0.885439
0.600000 0.868856
0.610000 0.851957
0.620000 0.834749
0.630000 0.817234
0.640000 0.799420
0.650000 0.781310
0.660000 0.762911
0.670000 0.744229
0.680000 0.725268
0.690000 0.706036
0.700000 0.686538
0.710000 0.666780
0.720000 0.646769
0.730000 0.626512
0.740000 0.606015
0.750000 0.585286
0.760000 0.564330
0.770000 0.543156
0.780000 0.521771
0.790000 0.500181
0.800000 0.478395
0.810000 0.456421
0.820000 0.434265
0.830000 0.411936
0.840000 0.389442
0.850000 0.366790
0.860000 0.343990
0.870000 0.321048
0.880000 0.297975
0.890000 0.274776
0.900000 0.251463
0.910000 0.228041
0.920000 0.204522
0.930000 0.180912
0.940000 0.157221
0.950000 0.133457
0.960000 0.109630
0.970000 0.085747
0.980000 0.061818
0.990000 0.037852
1.000000 0.013858
1.010000 -0.010157
1.020000 -0.034182
1.030000 -0.058209
1.040000 -0.082229
1.050000 -0.106233
1.060000 -0.130212
1.070000 -0.154158
1.080000 -0.178061
1.090000 -0.201913
1.100000 -0.225705
1.110000 -0.249429
1.120000 -0.273075
1.130000 -0.296636
1.140000 -0.320102
1.150000 -0.343466
1.160000 -0.366718
1.170000 -0.389850
1.180000 -0.412855
1.190000 -0.435724
1.200000 -0.458448
1.210000 -0.481021
1.220000 -0.503433
1.230000 -0.525678
1.240000 -0.547747
1.250000 -0.569633
1.260000 -0.591328
1.270000 -0.612825
1.280000 -0.634118
1.290000 -0.655198
1.300000 -0.676059
1.310000 -0.696694
1.320000 -0.717096
1.330000 -0.737258
1.340000 -0.757175
1.350000 -0.776840
1.360000 -0.796247
1.370000 -0.815390
1.380000 -0.834263
1.390000 -0.852860
1.400000 -0.871177
1.410000 -0.889206
1.420000 -0.906945
1.430000 -0.924387
1.440000 -0.941527
1.450000 -0.958362
1.460000 -0.974886
1.470000 -0.991095
1.480000 -1.006986
1.490000 -1.022553
1.500000 -1.037794
1.510000 -1.052705
1.520000 -1.067283
1.530000 -1.081523
1.540000 -1.095424
1.550000 -1.108982
1.560000 -1.122195
1.570000 -1.135061
1.580000 -1.147576
1.590000 -1.159739
1.600000 -1.171548
1.610000 -1.183001
1.620000 -1.194097
1.630000 -1.204835
1.640000 -1.215212
1.650000 -1.225229
1.660000 -1.234884
1.670000 -1.244176
1.680000 -1.253106
1.690000 -1.261673
1.700000 -1.269877
1.710000 -1.277718
1.720000 -1.285196
1.730000 -1.292312
1.740000 -1.299066
1.750000 -1.305460
1.760000 -1.311493
1.770000 -1.317167
1.780000 -1.322484
1.790000 -1.327445
1.800000 -1.332051
1.810000 -1.336304
1.820000 -1.340206
1.830000 -1.343760
1.840000 -1.346966
1.850000 -1.349829
1.860000 -1.352349
1.870000 -1.354530
1.880000 -1.356375
1.890000 -1.357886
1.900000 -1.359067
1.910000 -1.359920
1.920000 -1.360449
1.930000 -1.360657
1.940000 -1.360548
1.950000 -1.360125
1.960000 -1.359393
1.970000 -1.358354
1.980000 -1.357013
1.990000 -1.355375
2.000000 -1.353442
2.010000 -1.351220
2.020000 -1.348712
2.030000 -1.345924
2.040000 -1.342859
2.050000 -1.339522
2.060000 -1.335918
2.070000 -1.332051
2.080000 -1.327927
2.090000 -1.323550
2.100000 -1.318925
2.110000 -1.314057
2.120000 -1.308950
2.130000 -1.303611
2.140000 -1.298044
2.150000 -1.292254
2.160000 -1.286247
2.170000 -1.280027
2.180000 -1.273600
2.190000 -1.266972
2.200000 -1.260146
2.210000 -1.253130
2.220000 -1.245928
2.230000 -1.238545
2.240000 -1.230987
2.250000 -1.223260
2.260000 -1.215367
2.270000 -1.207316
2.280000 -1.199111
2.290000 -1.190758
2.300000 -1.182262
2.310000 -1.173628
2.320000 -1.164861
2.330000 -1.155968
2.340000 -1.146952
2.350000 -1.137821
2.360000 -1.128577
2.370000 -1.119228
2.380000 -1.109778
2.390000 -1.100232
2.400000 -1.090595
2.410000 -1.080872
2.420000 -1.071069
2.430000 -1.061189
2.440000 -1.051239
2.450000 -1.041223
2.460000 -1.031146
2.470000 -1.021013
2.480000 -1.010828
2.490000 -1.000595
2.500000 -0.990321
2.510000 -0.980008
2.520000 -0.969662
2.530000 -0.959287
2.540000 -0.948887
2.550000 -0.938467
2.560000 -0.928030
2.570000 -0.917581
2.580000 -0.907125
2.590000 -0.896664
2.600000 -0.886204
2.610000 -0.875747
2.620000 -0.865297
2.630000 -0.854859
2.640000 -0.844436
2.650000 -0.834031
2.660000 -0.823648
2.670000 -0.813290
2.680000 -0.802961
2.690000 -0.792664
2.700000 -0.782401
2.710000 -0.772177
2.720000 -0.761994
2.730000 -0.751855
2.740000 -0.741762
2.750000 -0.731719
2.760000 -0.721729
2.770000 -0.711793
2.780000 -0.701914
2.790000 -0.692096
2.800000 -0.682339
2.810000 -0.672647
2.820000 -0.663022
2.830000 -0.653465
2.840000 -0.643979
2.850000 -0.634566
2.860000 -0.625228
2.870000 -0.615966
2.880000 -0.606782
2.890000 -0.597678
2.900000 -0.588655
2.910000 -0.579716
2.920000 -0.570861
2.930000 -0.562091
2.940000 -0.553409
2.950000 -0.544815
2.960000 -0.536311
2.970000 -0.527897
2.980000 -0.519574
2.990000 -0.511344
3.000000 -0.503207
3.010000 -0.495165
3.020000 -0.487217
3.030000 -0.479366
3.040000 -0.471610
3.050000 -0.463951
3.060000 -0.456390
3.070000 -0.448926
3.080000 -0.441561
3.090000 -0.434294
3.100000 -0.427126
3.110000 -0.420057
3.120000 -0.413088
3.130000 -0.406217
3.140000 -0.399447
3.150000 -0.392775
3.160000 -0.386203
3.170000 -0.379731
3.180000 -0.373358
3.190000 -0.367084
3.200000 -0.360909
3.210000 -0.354832
3.220000 -0.348855
3.230000 -0.342975
3.240000 -0.337193
3.250000 -0.331508
3.260000 -0.325921
3.270000 -0.320430
3.280000 -0.315035
3.290000 -0.309735
3.300000 -0.304531
3.310000 -0.299421
3.320000 -0.294404
3.330000 -0.289481
3.340000 -0.284650
3.350000 -0.279911
3.360000 -0.275264
3.370000 -0.270706
3.380000 -0.266238
3.390000 -0.261859
3.400000 -0.257569
3.410000 -0.253365
3.420000 -0.249248
3.430000 -0.245216
3.440000 -0.241270
3.450000 -0.237407
3.460000 -0.233627
3.470000 -0.229929
3.480000 -0.226313
3.490000 -0.222776
3.500000 -0.219320
3.510000 -0.215941
3.520000 -0.212640
3.530000 -0.209416
3.540000 -0.206267
3.550000 -0.203193
3.560000 -0.200193
3.570000 -0.197265
3.580000 -0.194410
3.590000 -0.191625
3.600000 -0.188910
3.610000 -0.186263
3.620000 -0.183685
3.630000 -0.181174
3.640000 -0.178728
3.650000 -0.176348
3.660000 -0.174032
3.670000 -0.171779
3.680000 -0.169588
3.690000 -0.167458
3.700000 -0.165388
3.710000 -0.163378
3.720000 -0.161426
3.730000 -0.159532
3.740000 -0.157694
3.750000 -0.155911
3.760000 -0.154184
3.770000 -0.152510
3.780000 -0.150889
3.790000 -0.149320
3.800000 -0.147803
3.810000 -0.146335
3.820000 -0.144918
3.830000 -0.143548
3.840000 -0.142227
3.850000 -0.140952
3.860000 -0.139724
3.870000 -0.138541
3.880000 -0.137403
3.890000 -0.136308
3.900000 -0.135256
3.910000 -0.134247
3.920000 -0.133279
3.930000 -0.132352
3.940000 -0.131465
3.950000 -0.130618
3.960000 -0.129809
3.970000 -0.129038
3.980000 -0.128305
3.990000 -0.127608
4.000000 -0.126947
4.010000 -0.126322
4.020000 -0.125732
4.030000 -0.125176
4.040000 -0.124653
4.050000 -0.124164
4.060000 -0.123707
4.070000 -0.123282
4.080000 -0.122889
4.090000 -0.122527
4.100000 -0.122195
4.110000 -0.121893
4.120000 -0.121621
4.130000 -0.121377
4.140000 -0.121163
4.150000 -0.120976
4.160000 -0.120817
4.170000 -0.120686
4.180000 -0.120581
4.190000 -0.120504
4.200000 -0.120452
4.210000 -0.120426
4.220000 -0.120426
4.230000 -0.120452
4.240000 -0.120502
4.250000 -0.120576
4.260000 -0.120675
4.270000 -0.120799
4.280000 -0.120946
4.290000 -0.121116
4.300000 -0.121310
4.310000 -0.121527
4.320000 -0.121767
4.330000 -0.122030
4.340000 -0.122315
4.350000 -0.122623
4.360000 -0.122953
4.370000 -0.123305
4.380000 -0.123679
4.390000 -0.124075
4.400000 -0.124492
4.410000 -0.124932
4.420000 -0.125392
4.430000 -0.125874
4.440000 -0.126378
4.450000 -0.126903
4.460000 -0.127449
4.470000 -0.128017
4.480000 -0.128605
4.490000 -0.129215
4.500000 -0.129846
4.510000 -0.130498
4.520000 -0.131172
4.530000 -0.131866
4.540000 -0.132582
4.550000 -0.133319
4.560000 -0.134077
4.570000 -0.134857
4.580000 -0.135658
4.590000 -0.136481
4.600000 -0.137325
4.610000 -0.138191
4.620000 -0.139079
4.630000 -0.139989
4.640000 -0.140920
4.650000 -0.141873
4.660000 -0.142849
4.670000 -0.143847
4.680000 -0.144867
4.690000 -0.145910
4.700000 -0.146975
4.710000 -0.148064
4.720000 -0.149175
4.730000 -0.150309
4.740000 -0.151467
4.750000 -0.152647
4.760000 -0.153852
4.770000 -0.155080
4.780000 -0.156332
4.790000 -0.157608
4.800000 -0.158908
4.810000 -0.160233
4.820000 -0.161582
4.830000 -0.162956
4.840000 -0.164355
4.850000 -0.165778
4.860000 -0.167228
4.870000 -0.168702
4.880000 -0.170202
4.890000 -0.171728
4.900000 -0.173280
4.910000 -0.174859
4.920000 -0.176463
4.930000 -0.178094
4.940000 -0.179752
4.950000 -0.181436
4.960000 -0.183148
4.970000 -0.184886
4.980000 -0.186653
4.990000 -0.188446
5.000000 -0.190267
5.010000 -0.192116
5.020000 -0.193993
5.030000 -0.195899
5.040000 -0.197832
5.050000 -0.199794
5.060000 -0.201784
5.070000 -0.203803
5.080000 -0.205851
5.090000 -0.207927
5.100000 -0.210033
5.110000 -0.212167
5.120000 -0.214331
5.130000 -0.216524
5.140000 -0.218746
5.150000 -0.220998
5.160000 -0.223279
5.170000 -0.225589
5.180000 -0.227929
5.190000 -0.230299
5.200000 -0.232697
5.210000 -0.235126
5.220000 -0.237584
5.230000 -0.240071
5.240000 -0.242588
5.250000 -0.245133
5.260000 -0.247709
5.270000 -0.250313
5.280000 -0.252947
5.290000 -0.255609
5.300000 -0.258300
5.310000 -0.261020
5.320000 -0.263768
5.330000 -0.266545
5.340000 -0.269350
5.350000 -0.272182
5.360000 -0.275042
5.370000 -0.277930
5.380000 -0.280844
5.390000 -0.283786
5.400000 -0.286753
5.410000 -0.289747
5.420000 -0.292767
5.430000 -0.295811
5.440000 -0.298881
5.450000 -0.301975
5.460000 -0.305093
5.470000 -0.308234
5.480000 -0.311399
5.490000 -0.314585
5.500000 -0.317793
5.510000 -0.321023
5.520000 -0.324273
5.530000 -0.327542
5.540000 -0.330831
5.550000 -0.334138
5.560000 -0.337463
5.570000 -0.340804
5.580000 -0.344162
5.590000 -0.347534
5.600000 -0.350921
5.610000 -0.354320
5.620000 -0.357732
5.630000 -0.361156
5.640000 -0.364589
5.650000 -0.368032
5.660000 -0.371482
5.670000 -0.374940
5.680000 -0.378403
5.690000 -0.381870
5.700000 -0.385341
5.710000 -0.388813
5.720000 -0.392285
5.730000 -0.395757
5.740000 -0.399226
5.750000 -0.402692
5.760000 -0.406152
5.770000 -0.409604
5.780000 -0.413049
5.790000 -0.416483
5.800000 -0.419905
5.810000 -0.423313
5.820000 -0.426706
5.830000 -0.430081
5.840000 -0.433438
5.850000 -0.436773
5.860000 -0.440085
5.870000 -0.443372
5.880000 -0.446632
5.890000 -0.449863
5.900000 -0.453062
5.910000 -0.456228
5.920000 -0.459358
5.930000 -0.462450
5.940000 -0.465502
5.950000 -0.468511
5.960000 -0.471475
5.970000 -0.474392
5.980000 -0.477259
5.990000 -0.480073
6.000000 -0.482832
6.010000 -0.485534
6.020000 -0.488175
6.030000 -0.490754
6.040000 -0.493266
6.050000 -0.495711
6.060000 -0.498084
6.070000 -0.500384
6.080000 -0.502606
6.090000 -0.504749
6.100000 -0.506809
6.110000 -0.508784
6.120000 -0.510670
6.130000 -0.512465
6.140000 -0.514165
6.150000 -0.515768
6.160000 -0.517270
6.170000 -0.518668
6.180000 -0.519960
6.190000 -0.521141
6.200000 -0.522209
6.210000 -0.523162
6.220000 -0.523994
6.230000 -0.524704
6.240000 -0.525288
6.250000 -0.525744
6.260000 -0.526066
6.270000 -0.526254
6.280000 -0.526303
6.290000 -0.526210
6.300000 -0.525971
6.310000 -0.525585
6.320000 -0.525047
6.330000 -0.524354
6.340000 -0.523503
6.350000 -0.522492
6.360000 -0.521316
6.370000 -0.519973
6.380000 -0.518460
6.390000 -0.516773
6.400000 -0.514909
6.410000 -0.512866
6.420000 -0.510641
6.430000 -0.508230
6.440000 -0.505631
6.450000 -0.502840
6.460000 -0.499855
6.470000 -0.496674
6.480000 -0.493293
6.490000 -0.489710
6.500000 -0.485922
6.510000 -0.481926
6.520000 -0.477721
6.530000 -0.473303
6.540000 -0.468670
6.550000 -0.463821
6.560000 -0.458752
6.570000 -0.453462
6.580000 -0.447948
6.590000 -0.442209
6.600000 -0.436242
6.610000 -0.430046
6.620000 -0.423620
6.630000 -0.416960
6.640000 -0.410067
6.650000 -0.402938
6.660000 -0.395572
6.670000 -0.387968
6.680000 -0.380125
6.690000 -0.372041
6.700000 -0.363716
6.710000 -0.355149
6.720000 -0.346340
6.730000 -0.337287
6.740000 -0.327990
6.750000 -0.318449
6.760000 -0.308664
6.770000 -0.298635
6.780000 -0.288361
6.790000 -0.277843
6.800000 -0.267081
6.810000 -0.256076
6.820000 -0.244828
6.830000 -0.233338
6.840000 -0.221606
6.850000 -0.209635
6.860000 -0.197424
6.870000 -0.184976
6.880000 -0.172291
6.890000 -0.159371
6.900000 -0.146218
6.910000 -0.132834
6.920000 -0.119220
6.930000 -0.105379
6.940000 -0.091314
6.950000 -0.077026
6.960000 -0.062519
6.970000 -0.047794
6.980000 -0.032855
6.990000 -0.017706
7.000000 -0.002348
7.010000 0.013214
7.020000 0.028978
7.030000 0.044938
7.040000 0.061093
7.050000 0.077437
7.060000 0.093966
7.070000 0.110677
7.080000 0.127565
7.090000 0.144626
7.100000 0.161854
7.110000 0.179246
7.120000 0.196795
7.130000 0.214498
7.140000 0.232349
7.150000 0.250342
7.160000 0.268473
7.170000 0.286735
7.180000 0.305123
7.190000 0.323631
7.200000 0.342253
7.210000 0.360983
7.220000 0.379815
7.230000 0.398743
7.240000 0.417760
7.250000 0.436860
7.260000 0.456036
7.270000 0.475281
7.280000 0.494589
7.290000 0.513953
7.300000 0.533366
7.310000 0.552820
7.320000 0.572309
7.330000 0.591826
7.340000 0.611363
7.350000 0.630912
7.360000 0.650467
7.370000 0.670020
7.380000 0.689564
7.390000 0.709090
7.400000 0.728592
7.410000 0.748061
7.420000 0.767490
7.430000 0.786872
7.440000 0.806198
7.450000 0.825460
7.460000 0.844652
7.470000 0.863765
7.480000 0.882791
7.490000 0.901722
7.500000 0.920552
7.510000 0.939271
7.520000 0.957872
7.530000 0.976348
7.540000 0.994690
7.550000 1.012892
7.560000 1.030944
7.570000 1.048840
7.580000 1.066572
7.590000 1.084133
7.600000 1.101514
7.610000 1.118709
7.620000 1.135709
7.630000 1.152509
7.640000 1.169100
7.650000 1.185475
7.660000 1.201627
7.670000 1.217549
7.680000 1.233235
7.690000 1.248677
7.700000 1.263869
7.710000 1.278804
7.720000 1.293475
7.730000 1.307876
7.740000 1.322002
7.750000 1.335845
7.760000 1.349399
7.770000 1.362660
7.780000 1.375620
7.790000 1.388275
7.800000 1.400618
7.810000 1.412645
7.820000 1.424350
7.830000 1.435728
7.840000 1.446775
7.850000 1.457485
7.860000 1.467854
7.870000 1.477877
7.880000 1.487551
7.890000 1.496871
7.900000 1.505833
7.910000 1.514433
7.920000 1.522669
7.930000 1.530536
7.940000 1.538032
7.950000 1.545152
7.960000 1.551896
7.970000 1.558259
7.980000 1.564239
7.990000 1.569835
8.000000 1.575044
8.010000 1.579863
8.020000 1.584292
8.030000 1.588329
8.040000 1.591973
8.050000 1.595222
8.060000 1.598076
8.070000 1.600533
8.080000 1.602594
8.090000 1.604257
8.100000 1.605524
8.110000 1.606393
8.120000 1.606866
8.130000 1.606942
8.140000 1.606622
8.150000 1.605907
8.160000 1.604798
8.170000 1.603297
8.180000 1.601404
8.190000 1.599121
8.200000 1.596450
8.210000 1.593393
8.220000 1.589953
8.230000 1.586130
8.240000 1.581929
8.250000 1.577351
8.260000 1.572400
8.270000 1.567078
8.280000 1.561388
8.290000 1.555335
8.300000 1.548921
8.310000 1.542151
8.320000 1.535027
8.330000 1.527554
8.340000 1.519737
8.350000 1.511579
8.360000 1.503085
8.370000 1.494260
8.380000 1.485108
8.390000 1.475634
8.400000 1.465843
8.410000 1.455740
8.420000 1.445331
8.430000 1.434620
8.440000 1.423614
8.450000 1.412318
8.460000 1.400737
8.470000 1.388878
8.480000 1.376746
8.490000 1.364348
8.500000 1.351689
8.510000 1.338775
8.520000 1.325614
8.530000 1.312210
8.540000 1.298572
8.550000 1.284704
8.560000 1.270615
8.570000 1.256309
8.580000 1.241795
8.590000 1.227079
8.600000 1.212167
8.610000 1.197066
8.620000 1.181784
8.630000 1.166326
8.640000 1.150701
8.650000 1.134915
8.660000 1.118975
8.670000 1.102888
8.680000 1.086661
8.690000 1.070301
8.700000 1.053816
8.710000 1.037211
8.720000 1.020495
8.730000 1.003674
8.740000 0.986755
8.750000 0.969745
8.760000 0.952651
8.770000 0.935481
8.780000 0.918240
8.790000 0.900937
8.800000 0.883577
8.810000 0.866168
8.820000 0.848717
8.830000 0.831229
8.840000 0.813712
8.850000 0.796173
8.860000 0.778618
8.870000 0.761054
8.880000 0.743486
8.890000 0.725922
8.900000 0.708368
8.910000 0.690829
8.920000 0.673313
8.930000 0.655825
8.940000 0.638371
8.950000 0.620958
8.960000 0.603590
8.970000 0.586275
8.980000 0.569016
8.990000 0.551821
9.000000 0.534694
9.010000 0.517642
9.020000 0.500668
9.030000 0.483779
9.040000 0.466979
9.050000 0.450274
9.060000 0.433668
9.070000 0.417166
9.080000 0.400773
9.090000 0.384493
9.100000 0.368331
9.110000 0.352291
9.120000 0.336378
9.130000 0.320594
9.140000 0.304945
9.150000 0.289434
9.160000 0.274065
9.170000 0.258842
9.180000 0.243767
9.190000 0.228845
9.200000 0.214079
9.210000 0.199472
9.220000 0.185026
9.230000 0.170746
9.240000 0.156632
9.250000 0.142690
9.260000 0.128920
9.270000 0.115325
9.280000 0.101908
9.290000 0.088670
9.300000 0.075615
9.310000 0.062743
9.320000 0.050057
9.330000 0.037558
9.340000 0.025248
9.350000 0.013129
9.360000 0.001202
9.370000 -0.010533
9.380000 -0.022073
9.390000 -0.033417
9.400000 -0.044566
9.410000 -0.055517
9.420000 -0.066270
9.430000 -0.076825
9.440000 -0.087181
9.450000 -0.097338
9.460000 -0.107295
9.470000 -0.117052
9.480000 -0.126609
9.490000 -0.135966
9.500000 -0.145123
9.510000 -0.154080
9.520000 -0.162838
9.530000 -0.171397
9.540000 -0.179756
9.550000 -0.187918
9.560000 -0.195882
9.570000 -0.203650
9.580000 -0.211221
9.590000 -0.218596
9.600000 -0.225778
9.610000 -0.232766
9.620000 -0.239562
9.630000 -0.246167
9.640000 -0.252582
9.650000 -0.258808
9.660000 -0.264848
9.670000 -0.270701
9.680000 -0.276370
9.690000 -0.281856
9.700000 -0.287161
9.710000 -0.292287
9.720000 -0.297234
9.730000 -0.302006
9.740000 -0.306603
9.750000 -0.311028
9.760000 -0.315282
9.770000 -0.319367
9.780000 -0.323286
9.790000 -0.327040
9.800000 -0.330631
9.810000 -0.334061
9.820000 -0.337334
9.830000 -0.340450
9.840000 -0.343411
9.850000 -0.346221
9.860000 -0.348881
9.870000 -0.351394
9.880000 -0.353761
9.890000 -0.355986
9.900000 -0.358069
9.910000 -0.360015
9.920000 -0.361824
9.930000 -0.363500
9.940000 -0.365045
9.950000 -0.366460
9.960000 -0.367750
9.970000 -0.368915
9.980000 -0.369958
9.990000 -0.370882
10.000000 -0.371689
10.010000 -0.372381
10.020000 -0.372961
10.030000 -0.373431
10.040000 -0.373794
10.050000 -0.374052
10.060000 -0.374207
10.070000 -0.374262
10.080000 -0.374218
10.090000 -0.374079
10.100000 -0.373847
10.110000 -0.373523
10.120000 -0.373111
10.130000 -0.372613
10.140000 -0.372030
10.150000 -0.371365
10.160000 -0.370620
10.170000 -0.369798
10.180000 -0.368901
10.190000 -0.367931
10.200000 -0.366889
10.210000 -0.365779
10.220000 -0.364602
10.230000 -0.363360
10.240000 -0.362056
10.250000 -0.360691
10.260000 -0.359267
10.270000 -0.357787
10.280000 -0.356252
10.290000 -0.354665
10.300000 -0.353027
10.310000 -0.351339
10.320000 -0.349605
10.330000 -0.347825
10.340000 -0.346002
10.350000 -0.344137
10.360000 -0.342232
10.370000 -0.340289
10.380000 -0.338309
10.390000 -0.336294
10.400000 -0.334245
10.410000 -0.332165
10.420000 -0.330054
10.430000 -0.327914
10.440000 -0.325747
10.450000 -0.323555
10.460000 -0.321337
10.470000 -0.319097
10.480000 -0.316835
10.490000 -0.314552
10.500000 -0.312250
10.510000 -0.309931
10.520000 -0.307594
10.530000 -0.305243
10.540000 -0.302877
10.550000 -0.300498
10.560000 -0.298107
10.570000 -0.295705
10.580000 -0.293293
10.590000 -0.290873
10.600000 -0.288444
10.610000 -0.286009
10.620000 -0.283568
10.630000 -0.281121
10.640000 -0.278671
10.650000 -0.276217
10.660000 -0.273761
10.670000 -0.271303
10.680000 -0.268844
10.690000 -0.266386
10.700000 -0.263927
10.710000 -0.261470
10.720000 -0.259015
10.730000 -0.256563
10.740000 -0.254114
10.750000 -0.251669
10.760000 -0.249228
10.770000 -0.246792
10.780000 -0.244362
10.790000 -0.241937
10.800000 -0.239520
10.810000 -0.237109
10.820000 -0.234706
10.830000 -0.232311
10.840000 -0.229924
10.850000 -0.227546
10.860000 -0.225177
10.870000 -0.222817
10.880000 -0.220468
10.890000 -0.218128
10.900000 -0.215799
10.910000 -0.213481
10.920000 -0.211173
10.930000 -0.208878
10.940000 -0.206593
10.950000 -0.204321
10.960000 -0.202060
10.970000 -0.199812
10.980000 -0.197577
10.990000 -0.195354
11.000000 -0.193144
11.010000 -0.190947
11.020000 -0.188763
11.030000 -0.186592
11.040000 -0.184435
11.050000 -0.182292
11.060000 -0.180162
11.070000 -0.178047
11.080000 -0.175945
11.090000 -0.173857
11.100000 -0.171784
11.110000 -0.169725
11.120000 -0.167680
11.130000 -0.165650
11.140000 -0.163634
11.150000 -0.161633
11.160000 -0.159647
11.170000 -0.157675
11.180000 -0.155718
11.190000 -0.153776
11.200000 -0.151849
11.210000 -0.149937
11.220000 -0.148041
11.230000 -0.146159
11.240000 -0.144292
11.250000 -0.142441
11.260000 -0.140605
11.270000 -0.138785
11.280000 -0.136980
11.290000 -0.135190
11.300000 -0.133416
11.310000 -0.131658
11.320000 -0.129915
11.330000 -0.128188
11.340000 -0.126477
11.350000 -0.124782
11.360000 -0.123102
11.370000 -0.121439
11.380000 -0.119792
11.390000 -0.118162
11.400000 -0.116548
11.410000 -0.114950
11.420000 -0.113368
11.430000 -0.111804
11.440000 -0.110256
11.450000 -0.108725
11.460000 -0.107212
11.470000 -0.105715
11.480000 -0.104236
11.490000 -0.102774
11.500000 -0.101330
11.510000 -0.099904
11.520000 -0.098496
11.530000 -0.097106
11.540000 -0.095735
11.550000 -0.094381
11.560000 -0.093047
11.570000 -0.091732
11.580000 -0.090436
11.590000 -0.089159
11.600000 -0.087902
11.610000 -0.086665
11.620000 -0.085448
11.630000 -0.084251
11.640000 -0.083075
11.650000 -0.081920
11.660000 -0.080786
11.670000 -0.079674
11.680000 -0.078584
11.690000 -0.077515
11.700000 -0.076469
11.710000 -0.075446
11.720000 -0.074446
11.730000 -0.073469
11.740000 -0.072516
11.750000 -0.071587
11.760000 -0.070683
11.770000 -0.069804
11.780000 -0.068949
11.790000 -0.068121
11.800000 -0.067318
11.810000 -0.066542
11.820000 -0.065792
11.830000 -0.065070
11.840000 -0.064376
11.850000 -0.063709
11.860000 -0.063071
11.870000 -0.062462
11.880000 -0.061883
11.890000 -0.061333
11.900000 -0.060813
11.910000 -0.060324
11.920000 -0.059867
11.930000 -0.059441
11.940000 -0.059047
11.950000 -0.058685
11.960000 -0.058357
11.970000 -0.058062
11.980000 -0.057802
11.990000 -0.057575
12.000000 -0.057384
12.010000 -0.057229
12.020000 -0.057109
12.030000 -0.057025
12.040000 -0.056979
12.050000 -0.056970
12.060000 -0.056999
12.070000 -0.057066
12.080000 -0.057172
12.090000 -0.057317
12.100000 -0.057503
12.110000 -0.057728
12.120000 -0.057994
12.130000 -0.058302
12.140000 -0.058651
12.150000 -0.059042
12.160000 -0.059475
12.170000 -0.059952
12.180000 -0.060472
12.190000 -0.061036
12.200000 -0.061644
12.210000 -0.062297
12.220000 -0.062995
12.230000 -0.063738
12.240000 -0.064527
12.250000 -0.065363
12.260000 -0.066245
12.270000 -0.067174
12.280000 -0.068150
12.290000 -0.069173
12.300000 -0.070245
12.310000 -0.071364
12.320000 -0.072532
12.330000 -0.073749
12.340000 -0.075015
12.350000 -0.076329
12.360000 -0.077693
12.370000 -0.079107
12.380000 -0.080570
12.390000 -0.082083
12.400000 -0.083647
12.410000 -0.085260
12.420000 -0.086923
12.430000 -0.088637
12.440000 -0.090401
12.450000 -0.092216
12.460000 -0.094081
12.470000 -0.095996
12.480000 -0.097961
12.490000 -0.099977
12.500000 -0.102043
12.510000 -0.104159
12.520000 -0.106325
12.530000 -0.108541
12.540000 -0.110806
12.550000 -0.113121
12.560000 -0.115484
12.570000 -0.117897
12.580000 -0.120358
12.590000 -0.122867
12.600000 -0.125425
12.610000 -0.128029
12.620000 -0.130681
12.630000 -0.133380
12.640000 -0.136124
12.650000 -0.138914
12.660000 -0.141750
12.670000 -0.144630
12.680000 -0.147554
12.690000 -0.150522
12.700000 -0.153532
12.710000 -0.156585
12.720000 -0.159678
12.730000 -0.162813
12.740000 -0.165987
12.750000 -0.169201
12.760000 -0.172453
12.770000 -0.175742
12.780000 -0.179068
12.790000 -0.182430
12.800000 -0.185826
12.810000 -0.189256
12.820000 -0.192719
12.830000 -0.196213
12.840000 -0.199738
12.850000 -0.203293
12.860000 -0.206876
12.870000 -0.210487
12.880000 -0.214124
12.890000 -0.217786
12.900000 -0.221471
12.910000 -0.225179
12.920000 -0.228908
12.930000 -0.232658
12.940000 -0.236426
12.950000 -0.240211
12.960000 -0.244012
12.970000 -0.247827
12.980000 -0.251656
12.990000 -0.255496
13.000000 -0.259347
13.010000 -0.263207
13.020000 -0.267073
13.030000 -0.270946
13.040000 -0.274822
13.050000 -0.278701
13.060000 -0.282582
13.070000 -0.286461
13.080000 -0.290339
13.090000 -0.294213
13.100000 -0.298082
13.110000 -0.301943
13.120000 -0.305796
13.130000 -0.309639
13.140000 -0.313470
13.150000 -0.317287
13.160000 -0.321089
13.170000 -0.324873
13.180000 -0.328640
13.190000 -0.332385
13.200000 -0.336108
13.210000 -0.339808
13.220000 -0.343482
13.230000 -0.347129
13.240000 -0.350746
13.250000 -0.354333
13.260000 -0.357888
13.270000 -0.361408
13.280000 -0.364892
13.290000 -0.368339
13.300000 -0.371747
13.310000 -0.375113
13.320000 -0.378437
13.330000 -0.381717
13.340000 -0.384950
13.350000 -0.388136
13.360000 -0.391273
13.370000 -0.394359
13.380000 -0.397392
13.390000 -0.400372
13.400000 -0.403295
13.410000 -0.406162
13.420000 -0.408969
13.430000 -0.411716
13.440000 -0.414402
13.450000 -0.417024
13.460000 -0.419582
13.470000 -0.422073
13.480000 -0.424497
13.490000 -0.426852
13.500000 -0.429137
13.510000 -0.431350
13.520000 -0.433490
13.530000 -0.435556
13.540000 -0.437547
13.550000 -0.439461
13.560000 -0.441297
13.570000 -0.443054
13.580000 -0.444731
13.590000 -0.446328
13.600000 -0.447842
13.610000 -0.449273
13.620000 -0.450619
13.630000 -0.451881
13.640000 -0.453057
13.650000 -0.454146
13.660000 -0.455148
13.670000 -0.456061
13.680000 -0.456885
13.690000 -0.457619
13.700000 -0.458263
13.710000 -0.458816
13.720000 -0.459277
13.730000 -0.459646
13.740000 -0.459922
13.750000 -0.460106
13.760000 -0.460195
13.770000 -0.460192
13.780000 -0.460093
13.790000 -0.459901
13.800000 -0.459614
13.810000 -0.459232
13.820000 -0.458756
13.830000 -0.458184
13.840000 -0.457517
13.850000 -0.456756
13.860000 -0.455899
13.870000 -0.454948
13.880000 -0.453901
13.890000 -0.452760
13.900000 -0.451525
13.910000 -0.450196
13.920000 -0.448773
13.930000 -0.447257
13.940000 -0.445648
13.950000 -0.443946
13.960000 -0.442152
13.970000 -0.440267
13.980000 -0.438291
13.990000 -0.436225
14.000000 -0.434069
14.010000 -0.431824
14.020000 -0.429491
14.030000 -0.427070
14.040000 -0.424563
14.050000 -0.421970
14.060000 -0.419293
14.070000 -0.416532
14.080000 -0.413687
14.090000 -0.410761
14.100000 -0.407754
14.110000 -0.404668
14.120000 -0.401503
14.130000 -0.398260
14.140000 -0.394942
14.150000 -0.391548
14.160000 -0.388081
14.170000 -0.384541
14.180000 -0.380930
14.190000 -0.377249
14.200000 -0.373500
14.210000 -0.369683
14.220000 -0.365801
14.230000 -0.361855
14.240000 -0.357847
14.250000 -0.353777
14.260000 -0.349648
14.270000 -0.345460
14.280000 -0.341216
14.290000 -0.336918
14.300000 -0.332565
14.310000 -0.328162
14.320000 -0.323708
14.330000 -0.319206
14.340000 -0.314657
14.350000 -0.310063
14.360000 -0.305426
14.370000 -0.300747
14.380000 -0.296029
14.390000 -0.291272
14.400000 -0.286479
14.410000 -0.281651
14.420000 -0.276791
14.430000 -0.271900
14.440000 -0.266979
14.450000 -0.262030
14.460000 -0.257056
14.470000 -0.252058
14.480000 -0.247038
14.490000 -0.241997
14.500000 -0.236938
14.510000 -0.231862
14.520000 -0.226770
14.530000 -0.221666
14.540000 -0.216550
14.550000 -0.211423
14.560000 -0.206289
14.570000 -0.201149
14.580000 -0.196004
14.590000 -0.190856
14.600000 -0.185707
14.610000 -0.180559
14.620000 -0.175413
14.630000 -0.170270
14.640000 -0.165134
14.650000 -0.160004
14.660000 -0.154884
14.670000 -0.149774
14.680000 -0.144676
14.690000 -0.139591
14.700000 -0.134522
14.710000 -0.129469
14.720000 -0.124435
14.730000 -0.119421
14.740000 -0.114428
14.750000 -0.109457
14.760000 -0.104511
14.770000 -0.099590
14.780000 -0.094696
14.790000 -0.089831
14.800000 -0.084995
14.810000 -0.080190
14.820000 -0.075417
14.830000 -0.070677
14.840000 -0.065973
14.850000 -0.061304
14.860000 -0.056672
14.870000 -0.052079
14.880000 -0.047525
14.890000 -0.043011
14.900000 -0.038539
14.910000 -0.034109
14.920000 -0.029723
14.930000 -0.025381
14.940000 -0.021085
14.950000 -0.016835
14.960000 -0.012632
14.970000 -0.008478
14.980000 -0.004372
14.990000 -0.000316
15.000000 0.003690
15.010000 0.007644
15.020000 0.011546
15.030000 0.015396
15.040000 0.019193
15.050000 0.022936
15.060000 0.026625
15.070000 0.030259
15.080000 0.033837
15.090000 0.037360
15.100000 0.040826
15.110000 0.044236
15.120000 0.047589
15.130000 0.050884
15.140000 0.054121
15.150000 0.057300
15.160000 0.060421
15.170000 0.063484
15.180000 0.066487
15.190000 0.069432
15.200000 0.072317
15.210000 0.075143
15.220000 0.077910
15.230000 0.080618
15.240000 0.083266
15.250000 0.085855
15.260000 0.088384
15.270000 0.090854
15.280000 0.093265
15.290000 0.095616
15.300000 0.097908
15.310000 0.100142
15.320000 0.102317
15.330000 0.104433
15.340000 0.106490
15.350000 0.108490
15.360000 0.110432
15.370000 0.112316
15.380000 0.114143
15.390000 0.115913
15.400000 0.117627
15.410000 0.119284
15.420000 0.120885
15.430000 0.122431
15.440000 0.123923
15.450000 0.125359
15.460000 0.126741
15.470000 0.128070
15.480000 0.129346
15.490000 0.130569
15.500000 0.131740
15.510000 0.132859
15.520000 0.133928
15.530000 0.134946
15.540000 0.135914
15.550000 0.136833
15.560000 0.137704
15.570000 0.138526
15.580000 0.139301
15.590000 0.140029
15.600000 0.140711
15.610000 0.141348
15.620000 0.141940
15.630000 0.142488
15.640000 0.142993
15.650000 0.143455
15.660000 0.143875
15.670000 0.144253
15.680000 0.144592
15.690000 0.144890
15.700000 0.145149
15.710000 0.145370
15.720000 0.145553
15.730000 0.145699
15.740000 0.145810
15.750000 0.145884
15.760000 0.145924
15.770000 0.145930
15.780000 0.145903
15.790000 0.145844
15.800000 0.145753
15.810000 0.145631
15.820000 0.145479
15.830000 0.145297
15.840000 0.145087
15.850000 0.144849
15.860000 0.144584
15.870000 0.144292
15.880000 0.143975
15.890000 0.143633
15.900000 0.143267
15.910000 0.142877
15.920000 0.142465
15.930000 0.142031
15.940000 0.141575
15.950000 0.141099
15.960000 0.140603
15.970000 0.140088
15.980000 0.139555
15.990000 0.139004
16.000000 0.138436
16.010000 0.137852
16.020000 0.137252
16.030000 0.136638
16.040000 0.136009
16.050000 0.135366
16.060000 0.134710
16.070000 0.134042
16.080000 0.133363
16.090000 0.132672
16.100000 0.131971
16.110000 0.131261
16.120000 0.130541
16.130000 0.129812
16.140000 0.129076
16.150000 0.128332
16.160000 0.127581
16.170000 0.126824
16.180000 0.126061
16.190000 0.125294
16.200000 0.124521
16.210000 0.123744
16.220000 0.122964
16.230000 0.122181
16.240000 0.121395
16.250000 0.120607
16.260000 0.119818
16.270000 0.119027
16.280000 0.118236
16.290000 0.117445
16.300000 0.116653
16.310000 0.115863
16.320000 0.115073
16.330000 0.114285
16.340000 0.113499
16.350000 0.112715
16.360000 0.111934
16.370000 0.111156
16.380000 0.110381
16.390000 0.109611
16.400000 0.108844
16.410000 0.108082
16.420000 0.107324
16.430000 0.106572
16.440000 0.105825
16.450000 0.105084
16.460000 0.104349
16.470000 0.103620
16.480000 0.102897
16.490000 0.102182
16.500000 0.101474
16.510000 0.100773
16.520000 0.100079
16.530000 0.099393
16.540000 0.098716
16.550000 0.098046
16.560000 0.097385
16.570000 0.096733
16.580000 0.096090
16.590000 0.095455
16.600000 0.094830
16.610000 0.094213
16.620000 0.093607
16.630000 0.093010
16.640000 0.092423
16.650000 0.091845
16.660000 0.091278
16.670000 0.090721
16.680000 0.090174
16.690000 0.089638
16.700000 0.089112
16.710000 0.088596
16.720000 0.088091
16.730000 0.087597
16.740000 0.087114
16.750000 0.086641
16.760000 0.086180
16.770000 0.085729
16.780000 0.085290
16.790000 0.084862
16.800000 0.084444
16.810000 0.084038
16.820000 0.083644
16.830000 0.083260
16.840000 0.082888
16.850000 0.082527
16.860000 0.082177
16.870000 0.081838
16.880000 0.081511
16.890000 0.081196
16.900000 0.080891
16.910000 0.080598
16.920000 0.080316
16.930000 0.080046
16.940000 0.079787
16.950000 0.079539
16.960000 0.079302
16.970000 0.079077
16.980000 0.078863
16.990000 0.078660
17.000000 0.078468
17.010000 0.078288
17.020000 0.078118
17.030000 0.077960
17.040000 0.077813
17.050000 0.077677
17.060000 0.077552
17.070000 0.077438
17.080000 0.077335
17.090000 0.077243
17.100000 0.077162
17.110000 0.077092
17.120000 0.077033
17.130000 0.076985
17.140000 0.076947
17.150000 0.076920
17.160000 0.076904
17.170000 0.076899
17.180000 0.076905
17.190000 0.076921
17.200000 0.076948
17.210000 0.076985
17.220000 0.077033
17.230000 0.077092
17.240000 0.077161
17.250000 0.077241
17.260000 0.077331
17.270000 0.077432
17.280000 0.077544
17.290000 0.077666
17.300000 0.077799
17.310000 0.077942
17.320000 0.078095
17.330000 0.078260
17.340000 0.078434
17.350000 0.078620
17.360000 0.078816
17.370000 0.079022
17.380000 0.079240
17.390000 0.079467
17.400000 0.079706
17.410000 0.079955
17.420000 0.080215
17.430000 0.080486
17.440000 0.080767
17.450000 0.081060
17.460000 0.081363
17.470000 0.081677
17.480000 0.082002
17.490000 0.082339
17.500000 0.082686
17.510000 0.083045
17.520000 0.083415
17.530000 0.083796
17.540000 0.084189
17.550000 0.084593
17.560000 0.085009
17.570000 0.085436
17.580000 0.085876
17.590000 0.086327
17.600000 0.086790
17.610000 0.087265
17.620000 0.087753
17.630000 0.088253
17.640000 0.088765
17.650000 0.089290
17.660000 0.089828
17.670000 0.090378
17.680000 0.090942
17.690000 0.091518
17.700000 0.092108
17.710000 0.092712
17.720000 0.093329
17.730000 0.093960
17.740000 0.094605
17.750000 0.095264
17.760000 0.095937
17.770000 0.096625
17.780000 0.097327
17.790000 0.098044
17.800000 0.098777
17.810000 0.099524
17.820000 0.100287
17.830000 0.101066
17.840000 0.101861
17.850000 0.102672
17.860000 0.103499
17.870000 0.104342
17.880000 0.105203
17.890000 0.106080
17.900000 0.106975
17.910000 0.107887
17.920000 0.108817
17.930000 0.109766
17.940000 0.110732
17.950000 0.111717
17.960000 0.112721
17.970000 0.113743
17.980000 0.114786
17.990000 0.115847
18.000000 0.116929
18.010000 0.118031
18.020000 0.119153
18.030000 0.120297
18.040000 0.121461
18.050000 0.122647
18.060000 0.123854
18.070000 0.125083
18.080000 0.126335
18.090000 0.127609
18.100000 0.128906
18.110000 0.130226
18.120000 0.131570
18.130000 0.132938
18.140000 0.134330
18.150000 0.135746
18.160000 0.137188
18.170000 0.138654
18.180000 0.140146
18.190000 0.141664
18.200000 0.143208
18.210000 0.144778
18.220000 0.146376
18.230000 0.148000
18.240000 0.149652
18.250000 0.151332
18.260000 0.153040
18.270000 0.154776
18.280000 0.156542
18.290000 0.158336
18.300000 0.160160
18.310000 0.162014
18.320000 0.163897
18.330000 0.165812
18.340000 0.167757
18.350000 0.169733
18.360000 0.171741
18.370000 0.173780
18.380000 0.175851
18.390000 0.177954
18.400000 0.180091
18.410000 0.182260
18.420000 0.184462
18.430000 0.186697
18.440000 0.188966
18.450000 0.191269
18.460000 0.193607
18.470000 0.195979
18.480000 0.198385
18.490000 0.200826
18.500000 0.203303
18.510000 0.205814
18.520000 0.208361
18.530000 0.210944
18.540000 0.213563
18.550000 0.216217
18.560000 0.218908
18.570000 0.221635
18.580000 0.224398
18.590000 0.227197
18.600000 0.230033
18.610000 0.232906
18.620000 0.235815
18.630000 0.238761
18.640000 0.241743
18.650000 0.244762
18.660000 0.247818
18.670000 0.250910
18.680000 0.254039
18.690000 0.257204
18.700000 0.260405
18.710000 0.263642
18.720000 0.266915
18.730000 0.270224
18.740000 0.273569
18.750000 0.276948
18.760000 0.280363
18.770000 0.283813
18.780000 0.287296
18.790000 0.290814
18.800000 0.294366
18.810000 0.297950
18.820000 0.301568
18.830000 0.305218
18.840000 0.308900
18.850000 0.312613
18.860000 0.316356
18.870000 0.320130
18.880000 0.323934
18.890000 0.327766
18.900000 0.331626
18.910000 0.335514
18.920000 0.339428
18.930000 0.343368
18.940000 0.347334
18.950000 0.351323
18.960000 0.355336
18.970000 0.359370
18.980000 0.363426
18.990000 0.367503
19.000000 0.371598
19.010000 0.375711
19.020000 0.379842
19.030000 0.383988
19.040000 0.388149
19.050000 0.392323
19.060000 0.396508
19.070000 0.400705
19.080000 0.404910
19.090000 0.409124
19.100000 0.413344
19.110000 0.417569
19.120000 0.421797
19.130000 0.426026
19.140000 0.430256
19.150000 0.434485
19.160000 0.438710
19.170000 0.442930
19.180000 0.447144
19.190000 0.451349
19.200000 0.455544
19.210000 0.459726
19.220000 0.463895
19.230000 0.468047
19.240000 0.472182
19.250000 0.476296
19.260000 0.480388
19.270000 0.484456
19.280000 0.488498
19.290000 0.492512
19.300000 0.496494
19.310000 0.500444
19.320000 0.504359
19.330000 0.508237
19.340000 0.512075
19.350000 0.515871
19.360000 0.519622
19.370000 0.523328
19.380000 0.526984
19.390000 0.530588
19.400000 0.534139
19.410000 0.537634
19.420000 0.541070
19.430000 0.544445
19.440000 0.547756
19.450000 0.551001
19.460000 0.554177
19.470000 0.557282
19.480000 0.560313
19.490000 0.563268
19.500000 0.566145
19.510000 0.568939
19.520000 0.571650
19.530000 0.574275
19.540000 0.576810
19.550000 0.579254
19.560000 0.581604
19.570000 0.583857
19.580000 0.586011
19.590000 0.588063
19.600000 0.590011
19.610000 0.591853
19.620000 0.593586
19.630000 0.595206
19.640000 0.596713
19.650000 0.598104
19.660000 0.599376
19.670000 0.600526
19.680000 0.601554
19.690000 0.602455
19.700000 0.603229
19.710000 0.603872
19.720000 0.604382
19.730000 0.604759
19.740000 0.604998
19.750000 0.605098
19.760000 0.605058
19.770000 0.604875
19.780000 0.604547
19.790000 0.604072
19.800000 0.603449
19.810000 0.602676
19.820000 0.601750
19.830000 0.600671
19.840000 0.599436
19.850000 0.598045
19.860000 0.596495
19.870000 0.594785
19.880000 0.592914
19.890000 0.590881
19.900000 0.588684
19.910000 0.586321
19.920000 0.583793
19.930000 0.581098
19.940000 0.578235
19.950000 0.575203
19.960000 0.572002
19.970000 0.568630
19.980000 0.565087
19.990000 0.561372
20.000000 0.557486
20.010000 0.553427
20.020000 0.549196
20.030000 0.544791
20.040000 0.540214
20.050000 0.535464
20.060000 0.530540
20.070000 0.525444
20.080000 0.520175
20.090000 0.514733
20.100000 0.509120
20.110000 0.503336
20.120000 0.497380
20.130000 0.491254
20.140000 0.484959
20.150000 0.478496
20.160000 0.471865
20.170000 0.465067
20.180000 0.458104
20.190000 0.450977
20.200000 0.443687
20.210000 0.436236
20.220000 0.428625
20.230000 0.420855
20.240000 0.412929
20.250000 0.404849
20.260000 0.396615
20.270000 0.388230
20.280000 0.379697
20.290000 0.371017
20.300000 0.362193
20.310000 0.353226
20.320000 0.344120
20.330000 0.334876
20.340000 0.325498
20.350000 0.315988
20.360000 0.306348
20.370000 0.296582
20.380000 0.286693
20.390000 0.276683
20.400000 0.266555
20.410000 0.256313
20.420000 0.245960
20.430000 0.235499
20.440000 0.224934
20.450000 0.214267
20.460000 0.203503
20.470000 0.192644
20.480000 0.181695
20.490000 0.170659
20.500000 0.159540
20.510000 0.148341
20.520000 0.137066
20.530000 0.125720
20.540000 0.114306
20.550000 0.102829
20.560000 0.091291
20.570000 0.079698
20.580000 0.068053
20.590000 0.056360
20.600000 0.044624
20.610000 0.032848
20.620000 0.021038
20.630000 0.009197
20.640000 -0.002671
20.650000 -0.014560
20.660000 -0.026468
20.670000 -0.038389
20.680000 -0.050320
20.690000 -0.062255
20.700000 -0.074190
20.710000 -0.086122
20.720000 -0.098046
20.730000 -0.109956
20.740000 -0.121850
20.750000 -0.133723
20.760000 -0.145569
20.770000 -0.157386
20.780000 -0.169168
20.790000 -0.180912
20.800000 -0.192612
20.810000 -0.204265
20.820000 -0.215867
20.830000 -0.227413
20.840000 -0.238898
20.850000 -0.250320
20.860000 -0.261673
20.870000 -0.272954
20.880000 -0.284158
20.890000 -0.295282
20.900000 -0.306321
20.910000 -0.317272
20.920000 -0.328131
20.930000 -0.338894
20.940000 -0.349556
20.950000 -0.360115
20.960000 -0.370567
20.970000 -0.380908
20.980000 -0.391134
20.990000 -0.401242
21.000000 -0.411229
21.010000 -0.421091
21.020000 -0.430825
21.030000 -0.440428
21.040000 -0.449896
21.050000 -0.459227
21.060000 -0.468418
21.070000 -0.477465
21.080000 -0.486366
21.090000 -0.495117
21.100000 -0.503718
21.110000 -0.512163
21.120000 -0.520452
21.130000 -0.528582
21.140000 -0.536551
21.150000 -0.544355
21.160000 -0.551994
21.170000 -0.559464
21.180000 -0.566765
21.190000 -0.573893
21.200000 -0.580848
21.210000 -0.587627
21.220000 -0.594229
21.230000 -0.600653
21.240000 -0.606896
21.250000 -0.612958
21.260000 -0.618837
21.270000 -0.624533
21.280000 -0.630044
21.290000 -0.635368
21.300000 -0.640506
21.310000 -0.645457
21.320000 -0.650220
21.330000 -0.654793
21.340000 -0.659178
21.350000 -0.663372
21.360000 -0.667377
21.370000 -0.671192
21.380000 -0.674816
21.390000 -0.678250
21.400000 -0.681494
21.410000 -0.684548
21.420000 -0.687412
21.430000 -0.690086
21.440000 -0.692571
21.450000 -0.694867
21.460000 -0.696976
21.470000 -0.698897
21.480000 -0.700632
21.490000 -0.702181
21.500000 -0.703545
21.510000 -0.704725
21.520000 -0.705722
21.530000 -0.706538
21.540000 -0.707174
21.550000 -0.707630
21.560000 -0.707909
21.570000 -0.708012
21.580000 -0.707941
21.590000 -0.707696
21.600000 -0.707280
21.610000 -0.706694
21.620000 -0.705940
21.630000 -0.705021
21.640000 -0.703937
21.650000 -0.702692
21.660000 -0.701286
21.670000 -0.699723
21.680000 -0.698004
21.690000 -0.696131
21.700000 -0.694107
21.710000 -0.691934
21.720000 -0.689614
21.730000 -0.687151
21.740000 -0.684545
21.750000 -0.681800
21.760000 -0.678919
21.770000 -0.675903
21.780000 -0.672755
21.790000 -0.669479
21.800000 -0.666076
21.810000 -0.662549
21.820000 -0.658901
21.830000 -0.655136
21.840000 -0.651254
21.850000 -0.647260
21.860000 -0.643156
21.870000 -0.638946
21.880000 -0.634630
21.890000 -0.630214
21.900000 -0.625699
21.910000 -0.621088
21.920000 -0.616385
21.930000 -0.611592
21.940000 -0.606712
21.950000 -0.601748
21.960000 -0.596702
21.970000 -0.591579
21.980000 -0.586380
21.990000 -0.581109
22.000000 -0.575768
22.010000 -0.570360
22.020000 -0.564889
22.030000 -0.559357
22.040000 -0.553767
22.050000 -0.548122
22.060000 -0.542424
22.070000 -0.536677
22.080000 -0.530883
22.090000 -0.525045
22.100000 -0.519165
22.110000 -0.513248
22.120000 -0.507294
22.130000 -0.501308
22.140000 -0.495291
22.150000 -0.489246
22.160000 -0.483176
22.170000 -0.477083
22.180000 -0.470971
22.190000 -0.464841
22.200000 -0.458696
22.210000 -0.452538
22.220000 -0.446370
22.230000 -0.440195
22.240000 -0.434014
22.250000 -0.427830
22.260000 -0.421646
22.270000 -0.415463
22.280000 -0.409283
22.290000 -0.403110
22.300000 -0.396944
22.310000 -0.390789
22.320000 -0.384645
22.330000 -0.378516
22.340000 -0.372403
22.350000 -0.366308
22.360000 -0.360232
22.370000 -0.354179
22.380000 -0.348149
22.390000 -0.342144
22.400000 -0.336167
22.410000 -0.330217
22.420000 -0.324299
22.430000 -0.318412
22.440000 -0.312558
22.450000 -0.306740
22.460000 -0.300957
22.470000 -0.295213
22.480000 -0.289507
22.490000 -0.283842
22.500000 -0.278219
22.510000 -0.272638
22.520000 -0.267101
22.530000 -0.261610
22.540000 -0.256165
22.550000 -0.250767
22.560000 -0.245418
22.570000 -0.240117
22.580000 -0.234868
22.590000 -0.229669
22.600000 -0.224522
22.610000 -0.219427
22.620000 -0.214386
22.630000 -0.209400
22.640000 -0.204468
22.650000 -0.199591
22.660000 -0.194771
22.670000 -0.190007
22.680000 -0.185300
22.690000 -0.180651
22.700000 -0.176060
22.710000 -0.171527
22.720000 -0.167053
22.730000 -0.162638
22.740000 -0.158283
22.750000 -0.153987
22.760000 -0.149751
22.770000 -0.145575
22.780000 -0.141459
22.790000 -0.137404
22.800000 -0.133409
22.810000 -0.129475
22.820000 -0.125601
22.830000 -0.121787
22.840000 -0.118034
22.850000 -0.114342
22.860000 -0.110710
22.870000 -0.107138
22.880000 -0.103627
22.890000 -0.100175
22.900000 -0.096783
22.910000 -0.093451
22.920000 -0.090178
22.930000 -0.086964
22.940000 -0.083809
22.950000 -0.080712
22.960000 -0.077674
22.970000 -0.074694
22.980000 -0.071771
22.990000 -0.068905
23.000000 -0.066096
23.010000 -0.063344
23.020000 -0.060647
23.030000 -0.058006
23.040000 -0.055420
23.050000 -0.052888
23.060000 -0.050411
23.070000 -0.047987
23.080000 -0.045616
23.090000 -0.043298
23.100000 -0.041032
23.110000 -0.038817
23.120000 -0.036654
23.130000 -0.034540
23.140000 -0.032477
23.150000 -0.030463
23.160000 -0.028497
23.170000 -0.026580
23.180000 -0.024710
23.190000 -0.022887
23.200000 -0.021111
23.210000 -0.019380
23.220000 -0.017694
23.230000 -0.016052
23.240000 -0.014455
23.250000 -0.012900
23.260000 -0.011388
23.270000 -0.009919
23.280000 -0.008490
23.290000 -0.007102
23.300000 -0.005754
23.310000 -0.004446
23.320000 -0.003176
23.330000 -0.001945
23.340000 -0.000751
23.350000 0.000406
23.360000 0.001526
23.370000 0.002611
23.380000 0.003661
23.390000 0.004677
23.400000 0.005658
23.410000 0.006607
23.420000 0.007522
23.430000 0.008406
23.440000 0.009258
23.450000 0.010080
23.460000 0.010871
23.470000 0.011633
23.480000 0.012366
23.490000 0.013070
23.500000 0.013746
23.510000 0.014395
23.520000 0.015017
23.530000 0.015612
23.540000 0.016182
23.550000 0.016727
23.560000 0.017248
23.570000 0.017744
23.580000 0.018216
23.590000 0.018665
23.600000 0.019092
23.610000 0.019497
23.620000 0.019880
23.630000 0.020242
23.640000 0.020583
23.650000 0.020904
23.660000 0.021205
23.670000 0.021487
23.680000 0.021750
23.690000 0.021995
23.700000 0.022221
23.710000 0.022430
23.720000 0.022622
23.730000 0.022797
23.740000 0.022956
23.750000 0.023098
23.760000 0.023225
23.770000 0.023337
23.780000 0.023433
23.790000 0.023515
23.800000 0.023583
23.810000 0.023637
23.820000 0.023678
23.830000 0.023705
23.840000 0.023719
23.850000 0.023720
23.860000 0.023710
23.870000 0.023687
23.880000 0.023652
23.890000 0.023606
23.900000 0.023548
23.910000 0.023479
23.920000 0.023400
23.930000 0.023310
23.940000 0.023210
23.950000 0.023100
23.960000 0.022979
23.970000 0.022849
23.980000 0.022710
23.990000 0.022561
24.000000 0.022403
24.010000 0.022237
24.020000 0.022061
24.030000 0.021877
24.040000 0.021684
24.050000 0.021483
24.060000 0.021274
24.070000 0.021056
24.080000 0.020831
24.090000 0.020598
24.100000 0.020357
24.110000 0.020109
24.120000 0.019853
24.130000 0.019589
24.140000 0.019318
24.150000 0.019040
24.160000 0.018755
24.170000 0.018462
24.180000 0.018163
24.190000 0.017856
24.200000 0.017542
24.210000 0.017221
24.220000 0.016894
24.230000 0.016559
24.240000 0.016217
24.250000 0.015869
24.260000 0.015514
24.270000 0.015151
24.280000 0.014782
24.290000 0.014406
24.300000 0.014023
24.310000 0.013632
24.320000 0.013235
24.330000 0.012831
24.340000 0.012420
24.350000 0.012001
24.360000 0.011576
24.370000 0.011143
24.380000 0.010703
24.390000 0.010256
24.400000 0.009801
24.410000 0.009339
24.420000 0.008869
24.430000 0.008391
24.440000 0.007906
24.450000 0.007413
24.460000 0.006912
24.470000 0.006404
24.480000 0.005887
24.490000 0.005362
24.500000 0.004828
24.510000 0.004287
24.520000 0.003736
24.530000 0.003178
24.540000 0.002610
24.550000 0.002034
24.560000 0.001449
24.570000 0.000855
24.580000 0.000251
24.590000 -0.000362
24.600000 -0.000984
24.610000 -0.001615
24.620000 -0.002257
24.630000 -0.002908
24.640000 -0.003568
24.650000 -0.004239
24.660000 -0.004920
24.670000 -0.005612
24.680000 -0.006313
24.690000 -0.007025
24.700000 -0.007748
24.710000 -0.008481
24.720000 -0.009226
24.730000 -0.009981
24.740000 -0.010747
24.750000 -0.011525
24.760000 -0.012314
24.770000 -0.013114
24.780000 -0.013925
24.790000 -0.014749
24.800000 -0.015584
24.810000 -0.016430
24.820000 -0.017289
24.830000 -0.018159
24.840000 -0.019042
24.850000 -0.019936
24.860000 -0.020843
24.870000 -0.021762
24.880000 -0.022693
24.890000 -0.023637
24.900000 -0.024593
24.910000 -0.025561
24.920000 -0.026542
24.930000 -0.027536
24.940000 -0.028541
24.950000 -0.029560
24.960000 -0.030591
24.970000 -0.031634
24.980000 -0.032690
24.990000 -0.033758
25.000000 -0.034839
25.010000 -0.035932
25.020000 -0.037038
25.030000 -0.038155
25.040000 -0.039286
25.050000 -0.040428
25.060000 -0.041582
25.070000 -0.042748
25.080000 -0.043927
25.090000 -0.045117
25.100000 -0.046318
25.110000 -0.047531
25.120000 -0.048756
25.130000 -0.049992
25.140000 -0.051238
25.150000 -0.052496
25.160000 -0.053764
25.170000 -0.055043
25.180000 -0.056332
25.190000 -0.057631
25.200000 -0.058940
25.210000 -0.060258
25.220000 -0.061586
25.230000 -0.062922
25.240000 -0.064267
25.250000 -0.065621
25.260000 -0.066982
25.270000 -0.068352
25.280000 -0.069729
25.290000 -0.071113
25.300000 -0.072503
25.310000 -0.073900
25.320000 -0.075303
25.330000 -0.076711
25.340000 -0.078125
25.350000 -0.079543
25.360000 -0.080965
25.370000 -0.082391
25.380000 -0.083821
25.390000 -0.085253
25.400000 -0.086688
25.410000 -0.088124
25.420000 -0.089562
25.430000 -0.091001
25.440000 -0.092440
25.450000 -0.093879
25.460000 -0.095317
25.470000 -0.096754
25.480000 -0.098188
25.490000 -0.099620
25.500000 -0.101049
25.510000 -0.102475
25.520000 -0.103896
25.530000 -0.105312
25.540000 -0.106722
25.550000 -0.108126
25.560000 -0.109523
25.570000 -0.110913
25.580000 -0.112294
25.590000 -0.113666
25.600000 -0.115029
25.610000 -0.116382
25.620000 -0.117723
25.630000 -0.119053
25.640000 -0.120370
25.650000 -0.121674
25.660000 -0.122965
25.670000 -0.124241
25.680000 -0.125501
25.690000 -0.126746
25.700000 -0.127973
25.710000 -0.129184
25.720000 -0.130376
25.730000 -0.131549
25.740000 -0.132702
25.750000 -0.133836
25.760000 -0.134947
25.770000 -0.136037
25.780000 -0.137105
25.790000 -0.138149
25.800000 -0.139169
25.810000 -0.140164
25.820000 -0.141133
25.830000 -0.142076
25.840000 -0.142992
25.850000 -0.143881
25.860000 -0.144741
25.870000 -0.145571
25.880000 -0.146372
25.890000 -0.147143
25.900000 -0.147882
25.910000 -0.148589
25.920000 -0.149264
25.930000 -0.149906
25.940000 -0.150513
25.950000 -0.151086
25.960000 -0.151624
25.970000 -0.152127
25.980000 -0.152593
25.990000 -0.153022
26.000000 -0.153413
26.010000 -0.153767
26.020000 -0.154082
26.030000 -0.154357
26.040000 -0.154593
26.050000 -0.154789
26.060000 -0.154945
26.070000 -0.155059
26.080000 -0.155131
26.090000 -0.155161
26.100000 -0.155149
26.110000 -0.155094
26.120000 -0.154996
26.130000 -0.154854
26.140000 -0.154669
26.150000 -0.154439
26.160000 -0.154164
26.170000 -0.153844
26.180000 -0.153480
26.190000 -0.153069
26.200000 -0.152614
26.210000 -0.152112
26.220000 -0.151565
26.230000 -0.150971
26.240000 -0.150331
26.250000 -0.149645
26.260000 -0.148912
26.270000 -0.148132
26.280000 -0.147306
26.290000 -0.146434
26.300000 -0.145515
26.310000 -0.144549
26.320000 -0.143537
26.330000 -0.142478
26.340000 -0.141373
26.350000 -0.140222
26.360000 -0.139025
26.370000 -0.137782
26.380000 -0.136493
26.390000 -0.135159
26.400000 -0.133780
26.410000 -0.132356
26.420000 -0.130887
26.430000 -0.129374
26.440000 -0.127817
26.450000 -0.126217
26.460000 -0.124573
26.470000 -0.122887
26.480000 -0.121158
26.490000 -0.119388
26.500000 -0.117576
26.510000 -0.115723
26.520000 -0.113830
26.530000 -0.111898
26.540000 -0.109926
26.550000 -0.107916
26.560000 -0.105868
26.570000 -0.103783
26.580000 -0.101661
26.590000 -0.099504
26.600000 -0.097311
26.610000 -0.095084
26.620000 -0.092823
26.630000 -0.090530
26.640000 -0.088204
26.650000 -0.085847
26.660000 -0.083459
26.670000 -0.081042
26.680000 -0.078596
26.690000 -0.076122
26.700000 -0.073622
26.710000 -0.071095
26.720000 -0.068543
26.730000 -0.065966
26.740000 -0.063367
26.750000 -0.060745
26.760000 -0.058102
26.770000 -0.055438
26.780000 -0.052755
26.790000 -0.050054
26.800000 -0.047336
26.810000 -0.044601
26.820000 -0.041851
26.830000 -0.039087
26.840000 -0.036309
26.850000 -0.033520
26.860000 -0.030719
26.870000 -0.027909
26.880000 -0.025089
26.890000 -0.022262
26.900000 -0.019428
26.910000 -0.016589
26.920000 -0.013745
26.930000 -0.010897
26.940000 -0.008047
26.950000 -0.005196
26.960000 -0.002345
26.970000 0.000506
26.980000 0.003354
26.990000 0.006200
27.000000 0.009041
27.010000 0.011877
27.020000 0.014707
27.030000 0.017530
27.040000 0.020344
27.050000 0.023148
27.060000 0.025942
27.070000 0.028725
27.080000 0.031495
27.090000 0.034251
27.100000 0.036993
27.110000 0.039719
27.120000 0.042429
27.130000 0.045121
27.140000 0.047794
27.150000 0.050448
27.160000 0.053082
27.170000 0.055694
27.180000 0.058284
27.190000 0.060851
27.200000 0.063394
27.210000 0.065912
27.220000 0.068404
27.230000 0.070870
27.240000 0.073308
27.250000 0.075718
27.260000 0.078100
27.270000 0.080451
27.280000 0.082772
27.290000 0.085062
27.300000 0.087320
27.310000 0.089546
27.320000 0.091738
27.330000 0.093897
27.340000 0.096021
27.350000 0.098110
27.360000 0.100164
27.370000 0.102181
27.380000 0.104161
27.390000 0.106105
27.400000 0.108010
27.410000 0.109878
27.420000 0.111707
27.430000 0.113496
27.440000 0.115247
27.450000 0.116957
27.460000 0.118628
27.470000 0.120258
27.480000 0.121847
27.490000 0.123395
27.500000 0.124901
27.510000 0.126366
27.520000 0.127790
27.530000 0.129171
27.540000 0.130510
27.550000 0.131807
27.560000 0.133061
27.570000 0.134273
27.580000 0.135442
27.590000 0.136569
27.600000 0.137653
27.610000 0.138694
27.620000 0.139693
27.630000 0.140648
27.640000 0.141562
27.650000 0.142432
27.660000 0.143261
27.670000 0.144047
27.680000 0.144791
27.690000 0.145492
27.700000 0.146153
27.710000 0.146771
27.720000 0.147348
27.730000 0.147884
27.740000 0.148379
27.750000 0.148833
27.760000 0.149247
27.770000 0.149621
27.780000 0.149955
27.790000 0.150250
27.800000 0.150505
27.810000 0.150722
27.820000 0.150901
27.830000 0.151043
27.840000 0.151146
27.850000 0.151213
27.860000 0.151243
27.870000 0.151237
27.880000 0.151196
27.890000 0.151120
27.900000 0.151009
27.910000 0.150864
27.920000 0.150685
27.930000 0.150473
27.940000 0.150229
27.950000 0.149954
27.960000 0.149646
27.970000 0.149309
27.980000 0.148941
27.990000 0.148543
28.000000 0.148116
28.010000 0.147662
28.020000 0.147179
28.030000 0.146670
28.040000 0.146134
28.050000 0.145572
28.060000 0.144985
28.070000 0.144373
28.080000 0.143738
28.090000 0.143079
28.100000 0.142398
28.110000 0.141695
28.120000 0.140970
28.130000 0.140225
28.140000 0.139461
28.150000 0.138677
28.160000 0.137874
28.170000 0.137053
28.180000 0.136216
28.190000 0.135361
28.200000 0.134491
28.210000 0.133605
28.220000 0.132705
28.230000 0.131791
28.240000 0.130864
28.250000 0.129924
28.260000 0.128973
28.270000 0.128010
28.280000 0.127036
28.290000 0.126052
28.300000 0.125059
28.310000 0.124057
28.320000 0.123048
28.330000 0.122030
28.340000 0.121006
28.350000 0.119976
28.360000 0.118940
28.370000 0.117899
28.380000 0.116854
28.390000 0.115804
28.400000 0.114752
28.410000 0.113697
28.420000 0.112639
28.430000 0.111581
28.440000 0.110521
28.450000 0.109460
28.460000 0.108400
28.470000 0.107340
28.480000 0.106282
28.490000 0.105225
28.500000 0.104170
28.510000 0.103118
28.520000 0.102069
28.530000 0.101023
28.540000 0.099982
28.550000 0.098945
28.560000 0.097913
28.570000 0.096886
28.580000 0.095865
28.590000 0.094850
28.600000 0.093842
28.610000 0.092841
28.620000 0.091848
28.630000 0.090862
28.640000 0.089884
28.650000 0.088915
28.660000 0.087955
28.670000 0.087004
28.680000 0.086062
28.690000 0.085130
28.700000 0.084209
28.710000 0.083298
28.720000 0.082397
28.730000 0.081508
28.740000 0.080630
28.750000 0.079763
28.760000 0.078909
28.770000 0.078066
28.780000 0.077235
28.790000 0.076418
28.800000 0.075612
28.810000 0.074820
28.820000 0.074041
28.830000 0.073275
28.840000 0.072522
28.850000 0.071784
28.860000 0.071058
28.870000 0.070347
28.880000 0.069650
28.890000 0.068968
28.900000 0.068299
28.910000 0.067645
28.920000 0.067006
28.930000 0.066381
28.940000 0.065771
28.950000 0.065175
28.960000 0.064595
28.970000 0.064030
28.980000 0.063480
28.990000 0.062944
29.000000 0.062424
29.010000 0.061920
29.020000 0.061430
29.030000 0.060956
29.040000 0.060497
29.050000 0.060053
29.060000 0.059625
29.070000 0.059212
29.080000 0.058814
29.090000 0.058431
29.100000 0.058064
29.110000 0.057712
29.120000 0.057376
29.130000 0.057054
29.140000 0.056748
29.150000 0.056457
29.160000 0.056181
29.170000 0.055920
29.180000 0.055675
29.190000 0.055444
29.200000 0.055228
29.210000 0.055027
29.220000 0.054840
29.230000 0.054669
29.240000 0.054512
29.250000 0.054370
29.260000 0.054242
29.270000 0.054128
29.280000 0.054029
29.290000 0.053944
29.300000 0.053874
29.310000 0.053817
29.320000 0.053774
29.330000 0.053746
29.340000 0.053731
29.350000 0.053729
29.360000 0.053742
29.370000 0.053767
29.380000 0.053806
29.390000 0.053859
29.400000 0.053924
29.410000 0.054003
29.420000 0.054095
29.430000 0.054199
29.440000 0.054316
29.450000 0.054446
29.460000 0.054588
29.470000 0.054743
29.480000 0.054909
29.490000 0.055088
29.500000 0.055279
29.510000 0.055482
29.520000 0.055697
29.530000 0.055924
29.540000 0.056162
29.550000 0.056411
29.560000 0.056672
29.570000 0.056944
29.580000 0.057227
29.590000 0.057521
29.600000 0.057826
29.610000 0.058142
29.620000 0.058468
29.630000 0.058805
29.640000 0.059152
29.650000 0.059510
29.660000 0.059877
29.670000 0.060255
29.680000 0.060642
29.690000 0.061040
29.700000 0.061447
29.710000 0.061863
29.720000 0.062289
29.730000 0.062725
29.740000 0.063169
29.750000 0.063623
29.760000 0.064086
29.770000 0.064557
29.780000 0.065037
29.790000 0.065526
29.800000 0.066023
29.810000 0.066529
29.820000 0.067043
29.830000 0.067565
29.840000 0.068095
29.850000 0.068633
29.860000 0.069179
29.870000 0.069732
29.880000 0.070293
29.890000 0.070861
29.900000 0.071437
29.910000 0.072019
29.920000 0.072609
29.930000 0.073206
29.940000 0.073809
29.950000 0.074420
29.960000 0.075036
29.970000 0.075660
29.980000 0.076289
29.990000 0.076925
30.000000 0.077566
