-10.000000 -0.000150
-9.990000 -0.000157
-9.980000 -0.000164
-9.970000 -0.000171
-9.960000 -0.000179
-9.950000 -0.000187
-9.940000 -0.000195
-9.930000 -0.000203
-9.920000 -0.000212
-9.910000 -0.000221
-9.900000 -0.000230
-9.890000 -0.000239
-9.880000 -0.000248
-9.870000 -0.000258
-9.860000 -0.000268
-9.850000 -0.000278
-9.840000 -0.000289
-9.830000 -0.000300
-9.820000 -0.000311
-9.810000 -0.000322
-9.800000 -0.000334
-9.790000 -0.000346
-9.780000 -0.000358
-9.770000 -0.000370
-9.760000 -0.000383
-9.750000 -0.000396
-9.740000 -0.000410
-9.730000 -0.000423
-9.720000 -0.000437
-9.710000 -0.000451
-9.700000 -0.000466
-9.690000 -0.000481
-9.680000 -0.000496
-9.670000 -0.000512
-9.660000 -0.000528
-9.650000 -0.000544
-9.640000 -0.000560
-9.630000 -0.000577
-9.620000 -0.000594
-9.610000 -0.000612
-9.600000 -0.000630
-9.590000 -0.000648
-9.580000 -0.000666
-9.570000 -0.000685
-9.560000 -0.000704
-9.550000 -0.000724
-9.540000 -0.000743
-9.530000 -0.000763
-9.520000 -0.000784
-9.510000 -0.000805
-9.500000 -0.000826
-9.490000 -0.000847
-9.480000 -0.000869
-9.470000 -0.000891
-9.460000 -0.000913
-9.450000 -0.000936
-9.440000 -0.000959
-9.430000 -0.000982
-9.420000 -0.001005
-9.410000 -0.001029
-9.400000 -0.001053
-9.390000 -0.001078
-9.380000 -0.001102
-9.370000 -0.001127
-9.360000 -0.001152
-9.350000 -0.001178
-9.340000 -0.001203
-9.330000 -0.001229
-9.320000 -0.001255
-9.310000 -0.001281
-9.300000 -0.001308
-9.290000 -0.001334
-9.280000 -0.001361
-9.270000 -0.001388
-9.260000 -0.001415
-9.250000 -0.001442
-9.240000 -0.001470
-9.230000 -0.001497
-9.220000 -0.001525
-9.210000 -0.001552
-9.200000 -0.001580
-9.190000 -0.001608
-9.180000 -0.001635
-9.170000 -0.001663
-9.160000 -0.001691
-9.150000 -0.001719
-9.140000 -0.001746
-9.130000 -0.001774
-9.120000 -0.001801
-9.110000 -0.001829
-9.100000 -0.001856
-9.090000 -0.001883
-9.080000 -0.001910
-9.070000 -0.001937
-9.060000 -0.001964
-9.050000 -0.001991
-9.040000 -0.002017
-9.030000 -0.002043
-9.020000 -0.002068
-9.010000 -0.002094
-9.000000 -0.002119
-8.990000 -0.002143
-8.980000 -0.002168
-8.970000 -0.002192
-8.960000 -0.002215
-8.950000 -0.002238
-8.940000 -0.002260
-8.930000 -0.002282
-8.920000 -0.002304
-8.910000 -0.002325
-8.900000 -0.002345
-8.890000 -0.002364
-8.880000 -0.002383
-8.870000 -0.002401
-8.860000 -0.002419
-8.850000 -0.002435
-8.840000 -0.002451
-8.830000 -0.002466
-8.820000 -0.002480
-8.810000 -0.002493
-8.800000 -0.002505
-8.790000 -0.002517
-8.780000 -0.002527
-8.770000 -0.002536
-8.760000 -0.002544
-8.750000 -0.002550
-8.740000 -0.002556
-8.730000 -0.002560
-8.720000 -0.002562
-8.710000 -0.002564
-8.700000 -0.002564
-8.690000 -0.002562
-8.680000 -0.002559
-8.670000 -0.002554
-8.660000 -0.002548
-8.650000 -0.002539
-8.640000 -0.002529
-8.630000 -0.002517
-8.620000 -0.002503
-8.610000 -0.002487
-8.600000 -0.002469
-8.590000 -0.002449
-8.580000 -0.002426
-8.570000 -0.002401
-8.560000 -0.002374
-8.550000 -0.002344
-8.540000 -0.002311
-8.530000 -0.002276
-8.520000 -0.002237
-8.510000 -0.002196
-8.500000 -0.002152
-8.490000 -0.002104
-8.480000 -0.002053
-8.470000 -0.001999
-8.460000 -0.001941
-8.450000 -0.001879
-8.440000 -0.001813
-8.430000 -0.001744
-8.420000 -0.001670
-8.410000 -0.001592
-8.400000 -0.001510
-8.390000 -0.001423
-8.380000 -0.001331
-8.370000 -0.001235
-8.360000 -0.001133
-8.350000 -0.001026
-8.340000 -0.000913
-8.330000 -0.000795
-8.320000 -0.000671
-8.310000 -0.000541
-8.300000 -0.000405
-8.290000 -0.000262
-8.280000 -0.000112
-8.270000 0.000045
-8.260000 0.000208
-8.250000 0.000379
-8.240000 0.000558
-8.230000 0.000745
-8.220000 0.000940
-8.210000 0.001143
-8.200000 0.001355
-8.190000 0.001576
-8.180000 0.001806
-8.170000 0.002046
-8.160000 0.002295
-8.150000 0.002555
-8.140000 0.002825
-8.130000 0.003105
-8.120000 0.003397
-8.110000 0.003700
-8.100000 0.004014
-8.090000 0.004341
-8.080000 0.004680
-8.070000 0.005031
-8.060000 0.005396
-8.050000 0.005773
-8.040000 0.006165
-8.030000 0.006570
-8.020000 0.006990
-8.010000 0.007424
-8.000000 0.007874
-7.990000 0.008339
-7.980000 0.008820
-7.970000 0.009317
-7.960000 0.009830
-7.950000 0.010361
-7.940000 0.010908
-7.930000 0.011474
-7.920000 0.012057
-7.910000 0.012659
-7.900000 0.013279
-7.890000 0.013919
-7.880000 0.014578
-7.870000 0.015258
-7.860000 0.015957
-7.850000 0.016677
-7.840000 0.017418
-7.830000 0.018181
-7.820000 0.018965
-7.810000 0.019771
-7.800000 0.020600
-7.790000 0.021451
-7.780000 0.022326
-7.770000 0.023224
-7.760000 0.024146
-7.750000 0.025092
-7.740000 0.026062
-7.730000 0.027057
-7.720000 0.028077
-7.710000 0.029122
-7.700000 0.030193
-7.690000 0.031290
-7.680000 0.032413
-7.670000 0.033562
-7.660000 0.034738
-7.650000 0.035941
-7.640000 0.037171
-7.630000 0.038427
-7.620000 0.039712
-7.610000 0.041023
-7.600000 0.042363
-7.590000 0.043730
-7.580000 0.045126
-7.570000 0.046549
-7.560000 0.048001
-7.550000 0.049480
-7.540000 0.050988
-7.530000 0.052525
-7.520000 0.054089
-7.510000 0.055682
-7.500000 0.057303
-7.490000 0.058953
-7.480000 0.060630
-7.470000 0.062336
-7.460000 0.064069
-7.450000 0.065830
-7.440000 0.067619
-7.430000 0.069435
-7.420000 0.071279
-7.410000 0.073149
-7.400000 0.075046
-7.390000 0.076970
-7.380000 0.078919
-7.370000 0.080895
-7.360000 0.082896
-7.350000 0.084922
-7.340000 0.086972
-7.330000 0.089047
-7.320000 0.091145
-7.310000 0.093267
-7.300000 0.095411
-7.290000 0.097577
-7.280000 0.099765
-7.270000 0.101974
-7.260000 0.104203
-7.250000 0.106452
-7.240000 0.108720
-7.230000 0.111006
-7.220000 0.113310
-7.210000 0.115630
-7.200000 0.117967
-7.190000 0.120318
-7.180000 0.122684
-7.170000 0.125063
-7.160000 0.127455
-7.150000 0.129858
-7.140000 0.132272
-7.130000 0.134695
-7.120000 0.137127
-7.110000 0.139567
-7.100000 0.142013
-7.090000 0.144465
-7.080000 0.146921
-7.070000 0.149381
-7.060000 0.151842
-7.050000 0.154304
-7.040000 0.156767
-7.030000 0.159227
-7.020000 0.161686
-7.010000 0.164140
-7.000000 0.166589
-6.990000 0.169031
-6.980000 0.171466
-6.970000 0.173891
-6.960000 0.176306
-6.950000 0.178710
-6.940000 0.181100
-6.930000 0.183476
-6.920000 0.185835
-6.910000 0.188178
-6.900000 0.190502
-6.890000 0.192805
-6.880000 0.195087
-6.870000 0.197346
-6.860000 0.199581
-6.850000 0.201789
-6.840000 0.203970
-6.830000 0.206123
-6.820000 0.208245
-6.810000 0.210335
-6.800000 0.212392
-6.790000 0.214414
-6.780000 0.216401
-6.770000 0.218349
-6.760000 0.220259
-6.750000 0.222128
-6.740000 0.223955
-6.730000 0.225738
-6.720000 0.227477
-6.710000 0.229169
-6.700000 0.230814
-6.690000 0.232410
-6.680000 0.233955
-6.670000 0.235448
-6.660000 0.236888
-6.650000 0.238274
-6.640000 0.239603
-6.630000 0.240875
-6.620000 0.242089
-6.610000 0.243243
-6.600000 0.244336
-6.590000 0.245367
-6.580000 0.246334
-6.570000 0.247236
-6.560000 0.248072
-6.550000 0.248842
-6.540000 0.249543
-6.530000 0.250175
-6.520000 0.250737
-6.510000 0.251227
-6.500000 0.251646
-6.490000 0.251991
-6.480000 0.252261
-6.470000 0.252457
-6.460000 0.252577
-6.450000 0.252620
-6.440000 0.252585
-6.430000 0.252472
-6.420000 0.252280
-6.410000 0.252008
-6.400000 0.251656
-6.390000 0.251223
-6.380000 0.250708
-6.370000 0.250111
-6.360000 0.249431
-6.350000 0.248668
-6.340000 0.247822
-6.330000 0.246892
-6.320000 0.245878
-6.310000 0.244779
-6.300000 0.243596
-6.290000 0.242328
-6.280000 0.240974
-6.270000 0.239536
-6.260000 0.238012
-6.250000 0.236404
-6.240000 0.234709
-6.230000 0.232930
-6.220000 0.231066
-6.210000 0.229117
-6.200000 0.227084
-6.190000 0.224966
-6.180000 0.222764
-6.170000 0.220478
-6.160000 0.218109
-6.150000 0.215657
-6.140000 0.213122
-6.130000 0.210506
-6.120000 0.207808
-6.110000 0.205030
-6.100000 0.202171
-6.090000 0.199234
-6.080000 0.196217
-6.070000 0.193123
-6.060000 0.189952
-6.050000 0.186705
-6.040000 0.183383
-6.030000 0.179986
-6.020000 0.176517
-6.010000 0.172975
-6.000000 0.169362
-5.990000 0.165679
-5.980000 0.161928
-5.970000 0.158109
-5.960000 0.154224
-5.950000 0.150273
-5.940000 0.146259
-5.930000 0.142183
-5.920000 0.138046
-5.910000 0.133849
-5.900000 0.129594
-5.890000 0.125283
-5.880000 0.120916
-5.870000 0.116497
-5.860000 0.112025
-5.850000 0.107503
-5.840000 0.102932
-5.830000 0.098315
-5.820000 0.093652
-5.810000 0.088946
-5.800000 0.084198
-5.790000 0.079410
-5.780000 0.074584
-5.770000 0.069721
-5.760000 0.064824
-5.750000 0.059895
-5.740000 0.054934
-5.730000 0.049945
-5.720000 0.044929
-5.710000 0.039888
-5.700000 0.034824
-5.690000 0.029739
-5.680000 0.024635
-5.670000 0.019513
-5.660000 0.014377
-5.650000 0.009227
-5.640000 0.004066
-5.630000 -0.001103
-5.620000 -0.006280
-5.610000 -0.011462
-5.600000 -0.016647
-5.590000 -0.021832
-5.580000 -0.027017
-5.570000 -0.032199
-5.560000 -0.037375
-5.550000 -0.042544
-5.540000 -0.047704
-5.530000 -0.052853
-5.520000 -0.057989
-5.510000 -0.063109
-5.500000 -0.068212
-5.490000 -0.073296
-5.480000 -0.078359
-5.470000 -0.083399
-5.460000 -0.088414
-5.450000 -0.093401
-5.440000 -0.098360
-5.430000 -0.103288
-5.420000 -0.108183
-5.410000 -0.113044
-5.400000 -0.117868
-5.390000 -0.122654
-5.380000 -0.127401
-5.370000 -0.132105
-5.360000 -0.136766
-5.350000 -0.141382
-5.340000 -0.145951
-5.330000 -0.150471
-5.320000 -0.154942
-5.310000 -0.159360
-5.300000 -0.163725
-5.290000 -0.168036
-5.280000 -0.172290
-5.270000 -0.176486
-5.260000 -0.180623
-5.250000 -0.184699
-5.240000 -0.188714
-5.230000 -0.192665
-5.220000 -0.196551
-5.210000 -0.200372
-5.200000 -0.204125
-5.190000 -0.207811
-5.180000 -0.211427
-5.170000 -0.214973
-5.160000 -0.218447
-5.150000 -0.221849
-5.140000 -0.225178
-5.130000 -0.228432
-5.120000 -0.231611
-5.110000 -0.234715
-5.100000 -0.237741
-5.090000 -0.240691
-5.080000 -0.243562
-5.070000 -0.246354
-5.060000 -0.249067
-5.050000 -0.251701
-5.040000 -0.254254
-5.030000 -0.256726
-5.020000 -0.259117
-5.010000 -0.261427
-5.000000 -0.263655
-4.990000 -0.265801
-4.980000 -0.267865
-4.970000 -0.269846
-4.960000 -0.271745
-4.950000 -0.273561
-4.940000 -0.275295
-4.930000 -0.276946
-4.920000 -0.278515
-4.910000 -0.280002
-4.900000 -0.281406
-4.890000 -0.282729
-4.880000 -0.283970
-4.870000 -0.285130
-4.860000 -0.286209
-4.850000 -0.287207
-4.840000 -0.288125
-4.830000 -0.288963
-4.820000 -0.289723
-4.810000 -0.290404
-4.800000 -0.291007
-4.790000 -0.291532
-4.780000 -0.291981
-4.770000 -0.292355
-4.760000 -0.292653
-4.750000 -0.292877
-4.740000 -0.293027
-4.730000 -0.293105
-4.720000 -0.293111
-4.710000 -0.293047
-4.700000 -0.292912
-4.690000 -0.292709
-4.680000 -0.292438
-4.670000 -0.292101
-4.660000 -0.291698
-4.650000 -0.291230
-4.640000 -0.290699
-4.630000 -0.290106
-4.620000 -0.289452
-4.610000 -0.288738
-4.600000 -0.287966
-4.590000 -0.287136
-4.580000 -0.286250
-4.570000 -0.285309
-4.560000 -0.284315
-4.550000 -0.283268
-4.540000 -0.282171
-4.530000 -0.281024
-4.520000 -0.279829
-4.510000 -0.278587
-4.500000 -0.277301
-4.490000 -0.275975
-4.480000 -0.274609
-4.470000 -0.273206
-4.460000 -0.271767
-4.450000 -0.270292
-4.440000 -0.268783
-4.430000 -0.267242
-4.420000 -0.265669
-4.410000 -0.264067
-4.400000 -0.262436
-4.390000 -0.260777
-4.380000 -0.259092
-4.370000 -0.257382
-4.360000 -0.255648
-4.350000 -0.253892
-4.340000 -0.252115
-4.330000 -0.250317
-4.320000 -0.248501
-4.310000 -0.246667
-4.300000 -0.244816
-4.290000 -0.242950
-4.280000 -0.241069
-4.270000 -0.239176
-4.260000 -0.237270
-4.250000 -0.235353
-4.240000 -0.233426
-4.230000 -0.231490
-4.220000 -0.229546
-4.210000 -0.227595
-4.200000 -0.225637
-4.190000 -0.223675
-4.180000 -0.221708
-4.170000 -0.219738
-4.160000 -0.217765
-4.150000 -0.215790
-4.140000 -0.213814
-4.130000 -0.211839
-4.120000 -0.209863
-4.110000 -0.207889
-4.100000 -0.205917
-4.090000 -0.203947
-4.080000 -0.201981
-4.070000 -0.200018
-4.060000 -0.198060
-4.050000 -0.196106
-4.040000 -0.194159
-4.030000 -0.192217
-4.020000 -0.190281
-4.010000 -0.188352
-4.000000 -0.186431
-3.990000 -0.184517
-3.980000 -0.182611
-3.970000 -0.180714
-3.960000 -0.178825
-3.950000 -0.176945
-3.940000 -0.175075
-3.930000 -0.173213
-3.920000 -0.171361
-3.910000 -0.169519
-3.900000 -0.167687
-3.890000 -0.165865
-3.880000 -0.164053
-3.870000 -0.162252
-3.860000 -0.160460
-3.850000 -0.158679
-3.840000 -0.156909
-3.830000 -0.155149
-3.820000 -0.153399
-3.810000 -0.151659
-3.800000 -0.149930
-3.790000 -0.148210
-3.780000 -0.146501
-3.770000 -0.144802
-3.760000 -0.143113
-3.750000 -0.141433
-3.740000 -0.139763
-3.730000 -0.138103
-3.720000 -0.136451
-3.710000 -0.134809
-3.700000 -0.133176
-3.690000 -0.131551
-3.680000 -0.129934
-3.670000 -0.128326
-3.660000 -0.126726
-3.650000 -0.125133
-3.640000 -0.123548
-3.630000 -0.121970
-3.620000 -0.120400
-3.610000 -0.118835
-3.600000 -0.117278
-3.590000 -0.115726
-3.580000 -0.114181
-3.570000 -0.112641
-3.560000 -0.111106
-3.550000 -0.109577
-3.540000 -0.108052
-3.530000 -0.106532
-3.520000 -0.105016
-3.510000 -0.103504
-3.500000 -0.101996
-3.490000 -0.100492
-3.480000 -0.098991
-3.470000 -0.097493
-3.460000 -0.095997
-3.450000 -0.094504
-3.440000 -0.093014
-3.430000 -0.091525
-3.420000 -0.090039
-3.410000 -0.088554
-3.400000 -0.087070
-3.390000 -0.085588
-3.380000 -0.084106
-3.370000 -0.082626
-3.360000 -0.081146
-3.350000 -0.079667
-3.340000 -0.078187
-3.330000 -0.076708
-3.320000 -0.075229
-3.310000 -0.073750
-3.300000 -0.072270
-3.290000 -0.070790
-3.280000 -0.069310
-3.270000 -0.067828
-3.260000 -0.066346
-3.250000 -0.064863
-3.240000 -0.063378
-3.230000 -0.061893
-3.220000 -0.060406
-3.210000 -0.058918
-3.200000 -0.057428
-3.190000 -0.055936
-3.180000 -0.054443
-3.170000 -0.052948
-3.160000 -0.051452
-3.150000 -0.049953
-3.140000 -0.048452
-3.130000 -0.046949
-3.120000 -0.045443
-3.110000 -0.043935
-3.100000 -0.042425
-3.090000 -0.040912
-3.080000 -0.039396
-3.070000 -0.037877
-3.060000 -0.036355
-3.050000 -0.034830
-3.040000 -0.033302
-3.030000 -0.031770
-3.020000 -0.030235
-3.010000 -0.028695
-3.000000 -0.027152
-2.990000 -0.025604
-2.980000 -0.024052
-2.970000 -0.022494
-2.960000 -0.020932
-2.950000 -0.019364
-2.940000 -0.017791
-2.930000 -0.016212
-2.920000 -0.014626
-2.910000 -0.013034
-2.900000 -0.011435
-2.890000 -0.009828
-2.880000 -0.008213
-2.870000 -0.006590
-2.860000 -0.004958
-2.850000 -0.003316
-2.840000 -0.001664
-2.830000 -0.000002
-2.820000 0.001671
-2.810000 0.003356
-2.800000 0.005054
-2.790000 0.006764
-2.780000 0.008489
-2.770000 0.010228
-2.760000 0.011983
-2.750000 0.013754
-2.740000 0.015542
-2.730000 0.017348
-2.720000 0.019173
-2.710000 0.021018
-2.700000 0.022884
-2.690000 0.024772
-2.680000 0.026683
-2.670000 0.028618
-2.660000 0.030578
-2.650000 0.032565
-2.640000 0.034579
-2.630000 0.036622
-2.620000 0.038696
-2.610000 0.040800
-2.600000 0.042938
-2.590000 0.045110
-2.580000 0.047318
-2.570000 0.049562
-2.560000 0.051846
-2.550000 0.054169
-2.540000 0.056534
-2.530000 0.058942
-2.520000 0.061395
-2.510000 0.063894
-2.500000 0.066442
-2.490000 0.069039
-2.480000 0.071687
-2.470000 0.074389
-2.460000 0.077145
-2.450000 0.079959
-2.440000 0.082830
-2.430000 0.085762
-2.420000 0.088756
-2.410000 0.091814
-2.400000 0.094938
-2.390000 0.098129
-2.380000 0.101390
-2.370000 0.104722
-2.360000 0.108128
-2.350000 0.111608
-2.340000 0.115166
-2.330000 0.118802
-2.320000 0.122519
-2.310000 0.126319
-2.300000 0.130203
-2.290000 0.134174
-2.280000 0.138233
-2.270000 0.142382
-2.260000 0.146623
-2.250000 0.150957
-2.240000 0.155387
-2.230000 0.159914
-2.220000 0.164540
-2.210000 0.169267
-2.200000 0.174096
-2.190000 0.179029
-2.180000 0.184067
-2.170000 0.189212
-2.160000 0.194466
-2.150000 0.199830
-2.140000 0.205306
-2.130000 0.210894
-2.120000 0.216597
-2.110000 0.222414
-2.100000 0.228349
-2.090000 0.234401
-2.080000 0.240573
-2.070000 0.246864
-2.060000 0.253276
-2.050000 0.259809
-2.040000 0.266466
-2.030000 0.273245
-2.020000 0.280149
-2.010000 0.287177
-2.000000 0.294330
-1.990000 0.301608
-1.980000 0.309012
-1.970000 0.316542
-1.960000 0.324198
-1.950000 0.331981
-1.940000 0.339889
-1.930000 0.347924
-1.920000 0.356084
-1.910000 0.364370
-1.900000 0.372780
-1.890000 0.381315
-1.880000 0.389974
-1.870000 0.398755
-1.860000 0.407659
-1.850000 0.416683
-1.840000 0.425828
-1.830000 0.435091
-1.820000 0.444472
-1.810000 0.453969
-1.800000 0.463580
-1.790000 0.473304
-1.780000 0.483138
-1.770000 0.493082
-1.760000 0.503132
-1.750000 0.513287
-1.740000 0.523545
-1.730000 0.533903
-1.720000 0.544358
-1.710000 0.554908
-1.700000 0.565550
-1.690000 0.576281
-1.680000 0.587099
-1.670000 0.597999
-1.660000 0.608979
-1.650000 0.620035
-1.640000 0.631165
-1.630000 0.642363
-1.620000 0.653627
-1.610000 0.664953
-1.600000 0.676336
-1.590000 0.687773
-1.580000 0.699259
-1.570000 0.710790
-1.560000 0.722361
-1.550000 0.733969
-1.540000 0.745608
-1.530000 0.757274
-1.520000 0.768962
-1.510000 0.780667
-1.500000 0.792383
-1.490000 0.804106
-1.480000 0.815831
-1.470000 0.827552
-1.460000 0.839264
-1.450000 0.850961
-1.440000 0.862637
-1.430000 0.874288
-1.420000 0.885907
-1.410000 0.897488
-1.400000 0.909026
-1.390000 0.920515
-1.380000 0.931949
-1.370000 0.943321
-1.360000 0.954625
-1.350000 0.965856
-1.340000 0.977007
-1.330000 0.988072
-1.320000 0.999044
-1.310000 1.009918
-1.300000 1.020686
-1.290000 1.031343
-1.280000 1.041882
-1.270000 1.052297
-1.260000 1.062580
-1.250000 1.072727
-1.240000 1.082729
-1.230000 1.092581
-1.220000 1.102277
-1.210000 1.111809
-1.200000 1.121172
-1.190000 1.130358
-1.180000 1.139362
-1.170000 1.148177
-1.160000 1.156797
-1.150000 1.165215
-1.140000 1.173425
-1.130000 1.181421
-1.120000 1.189197
-1.110000 1.196746
-1.100000 1.204062
-1.090000 1.211140
-1.080000 1.217973
-1.070000 1.224556
-1.060000 1.230883
-1.050000 1.236947
-1.040000 1.242744
-1.030000 1.248267
-1.020000 1.253512
-1.010000 1.258472
-1.000000 1.263143
-0.990000 1.267520
-0.980000 1.271597
-0.970000 1.275370
-0.960000 1.278833
-0.950000 1.281982
-0.940000 1.284812
-0.930000 1.287319
-0.920000 1.289499
-0.910000 1.291347
-0.900000 1.292860
-0.890000 1.294032
-0.880000 1.294862
-0.870000 1.295345
-0.860000 1.295477
-0.850000 1.295256
-0.840000 1.294678
-0.830000 1.293741
-0.820000 1.292440
-0.810000 1.290775
-0.800000 1.288742
-0.790000 1.286339
-0.780000 1.283565
-0.770000 1.280416
-0.760000 1.276892
-0.750000 1.272990
-0.740000 1.268710
-0.730000 1.264050
-0.720000 1.259009
-0.710000 1.253587
-0.700000 1.247782
-0.690000 1.241594
-0.680000 1.235024
-0.670000 1.228070
-0.660000 1.220734
-0.650000 1.213015
-0.640000 1.204913
-0.630000 1.196431
-0.620000 1.187568
-0.610000 1.178326
-0.600000 1.168705
-0.590000 1.158708
-0.580000 1.148337
-0.570000 1.137592
-0.560000 1.126477
-0.550000 1.114993
-0.540000 1.103142
-0.530000 1.090929
-0.520000 1.078354
-0.510000 1.065423
-0.500000 1.052137
-0.490000 1.038499
-0.480000 1.024515
-0.470000 1.010187
-0.460000 0.995519
-0.450000 0.980516
-0.440000 0.965182
-0.430000 0.949521
-0.420000 0.933538
-0.410000 0.917238
-0.400000 0.900626
-0.390000 0.883706
-0.380000 0.866485
-0.370000 0.848968
-0.360000 0.831160
-0.350000 0.813067
-0.340000 0.794695
-0.330000 0.776051
-0.320000 0.757140
-0.310000 0.737968
-0.300000 0.718543
-0.290000 0.698871
-0.280000 0.678958
-0.270000 0.658812
-0.260000 0.638439
-0.250000 0.617846
-0.240000 0.597041
-0.230000 0.576032
-0.220000 0.554824
-0.210000 0.533427
-0.200000 0.511847
-0.190000 0.490093
-0.180000 0.468171
-0.170000 0.446090
-0.160000 0.423859
-0.150000 0.401484
-0.140000 0.378973
-0.130000 0.356336
-0.120000 0.333580
-0.110000 0.310713
-0.100000 0.287744
-0.090000 0.264681
-0.080000 0.241532
-0.070000 0.218306
-0.060000 0.195011
-0.050000 0.171656
-0.040000 0.148248
-0.030000 0.124797
-0.020000 0.101311
-0.010000 0.077799
-0.000000 0.054268
0.010000 0.030727
0.020000 0.007186
0.030000 -0.016349
0.040000 -0.039868
0.050000 -0.063362
0.060000 -0.086825
0.070000 -0.110247
0.080000 -0.133619
0.090000 -0.156935
0.100000 -0.180185
0.110000 -0.203362
0.120000 -0.226457
0.130000 -0.249463
0.140000 -0.272371
0.150000 -0.295173
0.160000 -0.317863
0.170000 -0.340431
0.180000 -0.362871
0.190000 -0.385175
0.200000 -0.407335
0.210000 -0.429344
0.220000 -0.451195
0.230000 -0.472881
0.240000 -0.494394
0.250000 -0.515728
0.260000 -0.536876
0.270000 -0.557831
0.280000 -0.578586
0.290000 -0.599135
0.300000 -0.619472
0.310000 -0.639590
0.320000 -0.659483
0.330000 -0.679146
0.340000 -0.698572
0.350000 -0.717756
0.360000 -0.736692
0.370000 -0.755376
0.380000 -0.773800
0.390000 -0.791961
0.400000 -0.809854
0.410000 -0.827473
0.420000 -0.844814
0.430000 -0.861873
0.440000 -0.878645
0.450000 -0.895126
0.460000 -0.911311
0.470000 -0.927198
0.480000 -0.942782
0.490000 -0.958060
0.500000 -0.973028
0.510000 -0.987683
0.520000 -1.002022
0.530000 -1.016042
0.540000 -1.029741
0.550000 -1.043115
0.560000 -1.056163
0.570000 -1.068882
0.580000 -1.081270
0.590000 -1.093326
0.600000 -1.105047
0.610000 -1.116431
0.620000 -1.127478
0.630000 -1.138186
0.640000 -1.148555
0.650000 -1.158582
0.660000 -1.168268
0.670000 -1.177612
0.680000 -1.186613
0.690000 -1.195271
0.700000 -1.203586
0.710000 -1.211557
0.720000 -1.219186
0.730000 -1.226473
0.740000 -1.233417
0.750000 -1.240020
0.760000 -1.246283
0.770000 -1.252205
0.780000 -1.257789
0.790000 -1.263036
0.800000 -1.267946
0.810000 -1.272523
0.820000 -1.276766
0.830000 -1.280678
0.840000 -1.284260
0.850000 -1.287516
0.860000 -1.290446
0.870000 -1.293054
0.880000 -1.295341
0.890000 -1.297311
0.900000 -1.298965
0.910000 -1.300307
0.920000 -1.301340
0.930000 -1.302065
0.940000 -1.302488
0.950000 -1.302610
0.960000 -1.302435
0.970000 -1.301966
0.980000 -1.301208
0.990000 -1.300162
1.000000 -1.298834
1.010000 -1.297227
1.020000 -1.295344
1.030000 -1.293190
1.040000 -1.290769
1.050000 -1.288084
1.060000 -1.285140
1.070000 -1.281941
1.080000 -1.278491
1.090000 -1.274795
1.100000 -1.270857
1.110000 -1.266681
1.120000 -1.262272
1.130000 -1.257635
1.140000 -1.252774
1.150000 -1.247693
1.160000 -1.242397
1.170000 -1.236892
1.180000 -1.231181
1.190000 -1.225270
1.200000 -1.219164
1.210000 -1.212866
1.220000 -1.206382
1.230000 -1.199718
1.240000 -1.192877
1.250000 -1.185864
1.260000 -1.178685
1.270000 -1.171345
1.280000 -1.163848
1.290000 -1.156199
1.300000 -1.148403
1.310000 -1.140466
1.320000 -1.132391
1.330000 -1.124184
1.340000 -1.115850
1.350000 -1.107394
1.360000 -1.098820
1.370000 -1.090133
1.380000 -1.081338
1.390000 -1.072440
1.400000 -1.063444
1.410000 -1.054354
1.420000 -1.045175
1.430000 -1.035911
1.440000 -1.026568
1.450000 -1.017150
1.460000 -1.007662
1.470000 -0.998107
1.480000 -0.988491
1.490000 -0.978817
1.500000 -0.969091
1.510000 -0.959316
1.520000 -0.949497
1.530000 -0.939639
1.540000 -0.929744
1.550000 -0.919818
1.560000 -0.909864
1.570000 -0.899887
1.580000 -0.889890
1.590000 -0.879877
1.600000 -0.869852
1.610000 -0.859820
1.620000 -0.849782
1.630000 -0.839744
1.640000 -0.829709
1.650000 -0.819680
1.660000 -0.809661
1.670000 -0.799655
1.680000 -0.789666
1.690000 -0.779696
1.700000 -0.769749
1.710000 -0.759828
1.720000 -0.749936
1.730000 -0.740076
1.740000 -0.730250
1.750000 -0.720463
1.760000 -0.710716
1.770000 -0.701012
1.780000 -0.691353
1.790000 -0.681743
1.800000 -0.672184
1.810000 -0.662678
1.820000 -0.653227
1.830000 -0.643834
1.840000 -0.634501
1.850000 -0.625230
1.860000 -0.616023
1.870000 -0.606882
1.880000 -0.597808
1.890000 -0.588805
1.900000 -0.579873
1.910000 -0.571014
1.920000 -0.562230
1.930000 -0.553522
1.940000 -0.544892
1.950000 -0.536342
1.960000 -0.527872
1.970000 -0.519484
1.980000 -0.511179
1.990000 -0.502958
2.000000 -0.494822
2.010000 -0.486773
2.020000 -0.478812
2.030000 -0.470938
2.040000 -0.463154
2.050000 -0.455460
2.060000 -0.447856
2.070000 -0.440344
2.080000 -0.432923
2.090000 -0.425596
2.100000 -0.418361
2.110000 -0.411219
2.120000 -0.404172
2.130000 -0.397218
2.140000 -0.390359
2.150000 -0.383595
2.160000 -0.376926
2.170000 -0.370352
2.180000 -0.363873
2.190000 -0.357489
2.200000 -0.351201
2.210000 -0.345007
2.220000 -0.338909
2.230000 -0.332907
2.240000 -0.326999
2.250000 -0.321185
2.260000 -0.315466
2.270000 -0.309842
2.280000 -0.304311
2.290000 -0.298874
2.300000 -0.293530
2.310000 -0.288279
2.320000 -0.283120
2.330000 -0.278054
2.340000 -0.273078
2.350000 -0.268194
2.360000 -0.263400
2.370000 -0.258695
2.380000 -0.254080
2.390000 -0.249554
2.400000 -0.245115
2.410000 -0.240764
2.420000 -0.236499
2.430000 -0.232320
2.440000 -0.228226
2.450000 -0.224216
2.460000 -0.220290
2.470000 -0.216447
2.480000 -0.212686
2.490000 -0.209006
2.500000 -0.205406
2.510000 -0.201887
2.520000 -0.198445
2.530000 -0.195082
2.540000 -0.191795
2.550000 -0.188585
2.560000 -0.185450
2.570000 -0.182389
2.580000 -0.179402
2.590000 -0.176487
2.600000 -0.173644
2.610000 -0.170872
2.620000 -0.168169
2.630000 -0.165535
2.640000 -0.162969
2.650000 -0.160470
2.660000 -0.158038
2.670000 -0.155670
2.680000 -0.153367
2.690000 -0.151126
2.700000 -0.148949
2.710000 -0.146832
2.720000 -0.144777
2.730000 -0.142781
2.740000 -0.140843
2.750000 -0.138964
2.760000 -0.137141
2.770000 -0.135375
2.780000 -0.133663
2.790000 -0.132006
2.800000 -0.130402
2.810000 -0.128851
2.820000 -0.127351
2.830000 -0.125902
2.840000 -0.124503
2.850000 -0.123153
2.860000 -0.121851
2.870000 -0.120596
2.880000 -0.119389
2.890000 -0.118227
2.900000 -0.117110
2.910000 -0.116037
2.920000 -0.115008
2.930000 -0.114021
2.940000 -0.113077
2.950000 -0.112173
2.960000 -0.111311
2.970000 -0.110488
2.980000 -0.109704
2.990000 -0.108958
3.000000 -0.108251
3.010000 -0.107580
3.020000 -0.106946
3.030000 -0.106347
3.040000 -0.105784
3.050000 -0.105256
3.060000 -0.104761
3.070000 -0.104300
3.080000 -0.103871
3.090000 -0.103475
3.100000 -0.103111
3.110000 -0.102778
3.120000 -0.102475
3.130000 -0.102203
3.140000 -0.101960
3.150000 -0.101747
3.160000 -0.101563
3.170000 -0.101407
3.180000 -0.101279
3.190000 -0.101178
3.200000 -0.101104
3.210000 -0.101058
3.220000 -0.101037
3.230000 -0.101043
3.240000 -0.101074
3.250000 -0.101131
3.260000 -0.101212
3.270000 -0.101319
3.280000 -0.101450
3.290000 -0.101605
3.300000 -0.101784
3.310000 -0.101986
3.320000 -0.102212
3.330000 -0.102461
3.340000 -0.102734
3.350000 -0.103029
3.360000 -0.103346
3.370000 -0.103686
3.380000 -0.104048
3.390000 -0.104433
3.400000 -0.104839
3.410000 -0.105268
3.420000 -0.105718
3.430000 -0.106189
3.440000 -0.106683
3.450000 -0.107197
3.460000 -0.107734
3.470000 -0.108291
3.480000 -0.108870
3.490000 -0.109471
3.500000 -0.110092
3.510000 -0.110735
3.520000 -0.111399
3.530000 -0.112085
3.540000 -0.112791
3.550000 -0.113519
3.560000 -0.114269
3.570000 -0.115039
3.580000 -0.115832
3.590000 -0.116645
3.600000 -0.117481
3.610000 -0.118338
3.620000 -0.119216
3.630000 -0.120117
3.640000 -0.121039
3.650000 -0.121984
3.660000 -0.122950
3.670000 -0.123939
3.680000 -0.124951
3.690000 -0.125984
3.700000 -0.127041
3.710000 -0.128120
3.720000 -0.129222
3.730000 -0.130348
3.740000 -0.131497
3.750000 -0.132669
3.760000 -0.133864
3.770000 -0.135084
3.780000 -0.136327
3.790000 -0.137595
3.800000 -0.138887
3.810000 -0.140204
3.820000 -0.141545
3.830000 -0.142911
3.840000 -0.144303
3.850000 -0.145719
3.860000 -0.147162
3.870000 -0.148630
3.880000 -0.150124
3.890000 -0.151644
3.900000 -0.153191
3.910000 -0.154764
3.920000 -0.156365
3.930000 -0.157992
3.940000 -0.159646
3.950000 -0.161329
3.960000 -0.163039
3.970000 -0.164776
3.980000 -0.166543
3.990000 -0.168337
4.000000 -0.170161
4.010000 -0.172013
4.020000 -0.173894
4.030000 -0.175805
4.040000 -0.177745
4.050000 -0.179715
4.060000 -0.181716
4.070000 -0.183746
4.080000 -0.185807
4.090000 -0.187899
4.100000 -0.190022
4.110000 -0.192176
4.120000 -0.194361
4.130000 -0.196578
4.140000 -0.198827
4.150000 -0.201107
4.160000 -0.203421
4.170000 -0.205766
4.180000 -0.208144
4.190000 -0.210555
4.200000 -0.212999
4.210000 -0.215476
4.220000 -0.217987
4.230000 -0.220531
4.240000 -0.223109
4.250000 -0.225721
4.260000 -0.228367
4.270000 -0.231047
4.280000 -0.233762
4.290000 -0.236511
4.300000 -0.239295
4.310000 -0.242114
4.320000 -0.244967
4.330000 -0.247856
4.340000 -0.250780
4.350000 -0.253739
4.360000 -0.256733
4.370000 -0.259763
4.380000 -0.262828
4.390000 -0.265929
4.400000 -0.269066
4.410000 -0.272238
4.420000 -0.275445
4.430000 -0.278688
4.440000 -0.281967
4.450000 -0.285281
4.460000 -0.288631
4.470000 -0.292017
4.480000 -0.295438
4.490000 -0.298894
4.500000 -0.302385
4.510000 -0.305912
4.520000 -0.309473
4.530000 -0.313070
4.540000 -0.316701
4.550000 -0.320366
4.560000 -0.324066
4.570000 -0.327800
4.580000 -0.331567
4.590000 -0.335368
4.600000 -0.339202
4.610000 -0.343069
4.620000 -0.346969
4.630000 -0.350900
4.640000 -0.354864
4.650000 -0.358858
4.660000 -0.362883
4.670000 -0.366939
4.680000 -0.371024
4.690000 -0.375138
4.700000 -0.379281
4.710000 -0.383453
4.720000 -0.387651
4.730000 -0.391876
4.740000 -0.396127
4.750000 -0.400403
4.760000 -0.404703
4.770000 -0.409027
4.780000 -0.413373
4.790000 -0.417742
4.800000 -0.422131
4.810000 -0.426540
4.820000 -0.430967
4.830000 -0.435412
4.840000 -0.439874
4.850000 -0.444351
4.860000 -0.448843
4.870000 -0.453347
4.880000 -0.457863
4.890000 -0.462389
4.900000 -0.466925
4.910000 -0.471467
4.920000 -0.476016
4.930000 -0.480569
4.940000 -0.485125
4.950000 -0.489682
4.960000 -0.494239
4.970000 -0.498793
4.980000 -0.503344
4.990000 -0.507889
5.000000 -0.512426
5.010000 -0.516953
5.020000 -0.521469
5.030000 -0.525971
5.040000 -0.530457
5.050000 -0.534925
5.060000 -0.539373
5.070000 -0.543799
5.080000 -0.548200
5.090000 -0.552574
5.100000 -0.556918
5.110000 -0.561231
5.120000 -0.565509
5.130000 -0.569749
5.140000 -0.573951
5.150000 -0.578109
5.160000 -0.582223
5.170000 -0.586289
5.180000 -0.590304
5.190000 -0.594266
5.200000 -0.598171
5.210000 -0.602016
5.220000 -0.605799
5.230000 -0.609517
5.240000 -0.613166
5.250000 -0.616743
5.260000 -0.620245
5.270000 -0.623668
5.280000 -0.627011
5.290000 -0.630268
5.300000 -0.633437
5.310000 -0.636515
5.320000 -0.639497
5.330000 -0.642381
5.340000 -0.645164
5.350000 -0.647840
5.360000 -0.650408
5.370000 -0.652863
5.380000 -0.655202
5.390000 -0.657421
5.400000 -0.659516
5.410000 -0.661485
5.420000 -0.663323
5.430000 -0.665026
5.440000 -0.666591
5.450000 -0.668014
5.460000 -0.669292
5.470000 -0.670420
5.480000 -0.671396
5.490000 -0.672215
5.500000 -0.672873
5.510000 -0.673367
5.520000 -0.673693
5.530000 -0.673848
5.540000 -0.673828
5.550000 -0.673629
5.560000 -0.673247
5.570000 -0.672680
5.580000 -0.671922
5.590000 -0.670972
5.600000 -0.669825
5.610000 -0.668478
5.620000 -0.666927
5.630000 -0.665169
5.640000 -0.663200
5.650000 -0.661019
5.660000 -0.658620
5.670000 -0.656001
5.680000 -0.653159
5.690000 -0.650090
5.700000 -0.646792
5.710000 -0.643262
5.720000 -0.639497
5.730000 -0.635494
5.740000 -0.631250
5.750000 -0.626763
5.760000 -0.622030
5.770000 -0.617049
5.780000 -0.611817
5.790000 -0.606332
5.800000 -0.600592
5.810000 -0.594595
5.820000 -0.588338
5.830000 -0.581821
5.840000 -0.575040
5.850000 -0.567995
5.860000 -0.560684
5.870000 -0.553105
5.880000 -0.545258
5.890000 -0.537141
5.900000 -0.528753
5.910000 -0.520092
5.920000 -0.511160
5.930000 -0.501953
5.940000 -0.492473
5.950000 -0.482719
5.960000 -0.472690
5.970000 -0.462386
5.980000 -0.451808
5.990000 -0.440955
6.000000 -0.429828
6.010000 -0.418428
6.020000 -0.406754
6.030000 -0.394809
6.040000 -0.382592
6.050000 -0.370105
6.060000 -0.357349
6.070000 -0.344326
6.080000 -0.331036
6.090000 -0.317483
6.100000 -0.303667
6.110000 -0.289591
6.120000 -0.275257
6.130000 -0.260668
6.140000 -0.245825
6.150000 -0.230732
6.160000 -0.215391
6.170000 -0.199806
6.180000 -0.183979
6.190000 -0.167914
6.200000 -0.151615
6.210000 -0.135085
6.220000 -0.118329
6.230000 -0.101349
6.240000 -0.084150
6.250000 -0.066737
6.260000 -0.049114
6.270000 -0.031285
6.280000 -0.013256
6.290000 0.004969
6.300000 0.023385
6.310000 0.041987
6.320000 0.060768
6.330000 0.079724
6.340000 0.098849
6.350000 0.118137
6.360000 0.137582
6.370000 0.157179
6.380000 0.176921
6.390000 0.196801
6.400000 0.216814
6.410000 0.236952
6.420000 0.257210
6.430000 0.277579
6.440000 0.298054
6.450000 0.318628
6.460000 0.339293
6.470000 0.360041
6.480000 0.380867
6.490000 0.401762
6.500000 0.422719
6.510000 0.443730
6.520000 0.464787
6.530000 0.485884
6.540000 0.507012
6.550000 0.528163
6.560000 0.549330
6.570000 0.570504
6.580000 0.591677
6.590000 0.612842
6.600000 0.633990
6.610000 0.655113
6.620000 0.676203
6.630000 0.697251
6.640000 0.718250
6.650000 0.739191
6.660000 0.760066
6.670000 0.780867
6.680000 0.801585
6.690000 0.822212
6.700000 0.842740
6.710000 0.863161
6.720000 0.883466
6.730000 0.903647
6.740000 0.923696
6.750000 0.943605
6.760000 0.963366
6.770000 0.982970
6.780000 1.002410
6.790000 1.021678
6.800000 1.040766
6.810000 1.059666
6.820000 1.078370
6.830000 1.096870
6.840000 1.115160
6.850000 1.133231
6.860000 1.151076
6.870000 1.168688
6.880000 1.186059
6.890000 1.203183
6.900000 1.220052
6.910000 1.236660
6.920000 1.252999
6.930000 1.269063
6.940000 1.284845
6.950000 1.300340
6.960000 1.315540
6.970000 1.330440
6.980000 1.345034
6.990000 1.359315
7.000000 1.373278
7.010000 1.386917
7.020000 1.400228
7.030000 1.413205
7.040000 1.425842
7.050000 1.438135
7.060000 1.450079
7.070000 1.461670
7.080000 1.472903
7.090000 1.483773
7.100000 1.494278
7.110000 1.504413
7.120000 1.514173
7.130000 1.523557
7.140000 1.532560
7.150000 1.541180
7.160000 1.549413
7.170000 1.557257
7.180000 1.564709
7.190000 1.571767
7.200000 1.578428
7.210000 1.584691
7.220000 1.590555
7.230000 1.596016
7.240000 1.601075
7.250000 1.605730
7.260000 1.609979
7.270000 1.613823
7.280000 1.617260
7.290000 1.620291
7.300000 1.622915
7.310000 1.625132
7.320000 1.626942
7.330000 1.628345
7.340000 1.629344
7.350000 1.629937
7.360000 1.630127
7.370000 1.629914
7.380000 1.629299
7.390000 1.628285
7.400000 1.626873
7.410000 1.625066
7.420000 1.622864
7.430000 1.620271
7.440000 1.617289
7.450000 1.613920
7.460000 1.610169
7.470000 1.606036
7.480000 1.601526
7.490000 1.596643
7.500000 1.591389
7.510000 1.585768
7.520000 1.579784
7.530000 1.573441
7.540000 1.566744
7.550000 1.559696
7.560000 1.552301
7.570000 1.544566
7.580000 1.536493
7.590000 1.528089
7.600000 1.519357
7.610000 1.510304
7.620000 1.500934
7.630000 1.491252
7.640000 1.481265
7.650000 1.470977
7.660000 1.460395
7.670000 1.449524
7.680000 1.438370
7.690000 1.426938
7.700000 1.415236
7.710000 1.403269
7.720000 1.391043
7.730000 1.378565
7.740000 1.365841
7.750000 1.352877
7.760000 1.339681
7.770000 1.326258
7.780000 1.312615
7.790000 1.298759
7.800000 1.284697
7.810000 1.270434
7.820000 1.255980
7.830000 1.241339
7.840000 1.226519
7.850000 1.211526
7.860000 1.196368
7.870000 1.181052
7.880000 1.165584
7.890000 1.149972
7.900000 1.134222
7.910000 1.118342
7.920000 1.102338
7.930000 1.086217
7.940000 1.069986
7.950000 1.053652
7.960000 1.037223
7.970000 1.020704
7.980000 1.004102
7.990000 0.987426
8.000000 0.970681
8.010000 0.953873
8.020000 0.937011
8.030000 0.920099
8.040000 0.903146
8.050000 0.886158
8.060000 0.869140
8.070000 0.852100
8.080000 0.835044
8.090000 0.817977
8.100000 0.800908
8.110000 0.783841
8.120000 0.766782
8.130000 0.749739
8.140000 0.732716
8.150000 0.715719
8.160000 0.698755
8.170000 0.681829
8.180000 0.664947
8.190000 0.648114
8.200000 0.631335
8.210000 0.614616
8.220000 0.597963
8.230000 0.581380
8.240000 0.564872
8.250000 0.548445
8.260000 0.532102
8.270000 0.515850
8.280000 0.499692
8.290000 0.483633
8.300000 0.467678
8.310000 0.451830
8.320000 0.436095
8.330000 0.420475
8.340000 0.404976
8.350000 0.389601
8.360000 0.374353
8.370000 0.359236
8.380000 0.344255
8.390000 0.329412
8.400000 0.314710
8.410000 0.300153
8.420000 0.285744
8.430000 0.271485
8.440000 0.257380
8.450000 0.243432
8.460000 0.229642
8.470000 0.216014
8.480000 0.202550
8.490000 0.189251
8.500000 0.176121
8.510000 0.163161
8.520000 0.150374
8.530000 0.137760
8.540000 0.125322
8.550000 0.113062
8.560000 0.100980
8.570000 0.089079
8.580000 0.077358
8.590000 0.065821
8.600000 0.054467
8.610000 0.043298
8.620000 0.032315
8.630000 0.021517
8.640000 0.010907
8.650000 0.000484
8.660000 -0.009751
8.670000 -0.019797
8.680000 -0.029655
8.690000 -0.039324
8.700000 -0.048805
8.710000 -0.058096
8.720000 -0.067199
8.730000 -0.076113
8.740000 -0.084839
8.750000 -0.093377
8.760000 -0.101727
8.770000 -0.109890
8.780000 -0.117867
8.790000 -0.125658
8.800000 -0.133264
8.810000 -0.140686
8.820000 -0.147924
8.830000 -0.154980
8.840000 -0.161854
8.850000 -0.168548
8.860000 -0.175063
8.870000 -0.181400
8.880000 -0.187560
8.890000 -0.193545
8.900000 -0.199355
8.910000 -0.204993
8.920000 -0.210460
8.930000 -0.215757
8.940000 -0.220886
8.950000 -0.225848
8.960000 -0.230646
8.970000 -0.235280
8.980000 -0.239753
8.990000 -0.244067
9.000000 -0.248223
9.010000 -0.252223
9.020000 -0.256069
9.030000 -0.259763
9.040000 -0.263307
9.050000 -0.266703
9.060000 -0.269952
9.070000 -0.273058
9.080000 -0.276021
9.090000 -0.278845
9.100000 -0.281530
9.110000 -0.284080
9.120000 -0.286496
9.130000 -0.288781
9.140000 -0.290936
9.150000 -0.292964
9.160000 -0.294866
9.170000 -0.296646
9.180000 -0.298306
9.190000 -0.299847
9.200000 -0.301271
9.210000 -0.302581
9.220000 -0.303780
9.230000 -0.304869
9.240000 -0.305850
9.250000 -0.306726
9.260000 -0.307498
9.270000 -0.308170
9.280000 -0.308743
9.290000 -0.309220
9.300000 -0.309602
9.310000 -0.309891
9.320000 -0.310091
9.330000 -0.310202
9.340000 -0.310228
9.350000 -0.310170
9.360000 -0.310030
9.370000 -0.309811
9.380000 -0.309513
9.390000 -0.309141
9.400000 -0.308695
9.410000 -0.308177
9.420000 -0.307590
9.430000 -0.306935
9.440000 -0.306215
9.450000 -0.305431
9.460000 -0.304585
9.470000 -0.303679
9.480000 -0.302715
9.490000 -0.301695
9.500000 -0.300620
9.510000 -0.299493
9.520000 -0.298315
9.530000 -0.297087
9.540000 -0.295813
9.550000 -0.294492
9.560000 -0.293127
9.570000 -0.291720
9.580000 -0.290272
9.590000 -0.288784
9.600000 -0.287259
9.610000 -0.285697
9.620000 -0.284101
9.630000 -0.282471
9.640000 -0.280809
9.650000 -0.279117
9.660000 -0.277395
9.670000 -0.275646
9.680000 -0.273870
9.690000 -0.272069
9.700000 -0.270244
9.710000 -0.268397
9.720000 -0.266528
9.730000 -0.264638
9.740000 -0.262730
9.750000 -0.260803
9.760000 -0.258859
9.770000 -0.256900
9.780000 -0.254925
9.790000 -0.252937
9.800000 -0.250936
9.810000 -0.248922
9.820000 -0.246898
9.830000 -0.244864
9.840000 -0.242820
9.850000 -0.240768
9.860000 -0.238708
9.870000 -0.236642
9.880000 -0.234569
9.890000 -0.232491
9.900000 -0.230409
9.910000 -0.228323
9.920000 -0.226233
9.930000 -0.224141
9.940000 -0.222047
9.950000 -0.219952
9.960000 -0.217856
9.970000 -0.215760
9.980000 -0.213664
9.990000 -0.211569
10.000000 -0.209475
10.010000 -0.207383
10.020000 -0.205294
10.030000 -0.203207
10.040000 -0.201123
10.050000 -0.199043
10.060000 -0.196966
10.070000 -0.194894
10.080000 -0.192827
10.090000 -0.190764
10.100000 -0.188707
10.110000 -0.186655
10.120000 -0.184609
10.130000 -0.182569
10.140000 -0.180535
10.150000 -0.178508
10.160000 -0.176488
10.170000 -0.174475
10.180000 -0.172469
10.190000 -0.170471
10.200000 -0.168480
10.210000 -0.166497
10.220000 -0.164522
10.230000 -0.162555
10.240000 -0.160596
10.250000 -0.158646
10.260000 -0.156704
10.270000 -0.154771
10.280000 -0.152846
10.290000 -0.150930
10.300000 -0.149024
10.310000 -0.147126
10.320000 -0.145237
10.330000 -0.143358
10.340000 -0.141488
10.350000 -0.139627
10.360000 -0.137776
10.370000 -0.135935
10.380000 -0.134103
10.390000 -0.132280
10.400000 -0.130468
10.410000 -0.128665
10.420000 -0.126873
10.430000 -0.125090
10.440000 -0.123317
10.450000 -0.121555
10.460000 -0.119803
10.470000 -0.118061
10.480000 -0.116329
10.490000 -0.114609
10.500000 -0.112898
10.510000 -0.111199
10.520000 -0.109510
10.530000 -0.107832
10.540000 -0.106165
10.550000 -0.104509
10.560000 -0.102864
10.570000 -0.101231
10.580000 -0.099609
10.590000 -0.097999
10.600000 -0.096401
10.610000 -0.094814
10.620000 -0.093240
10.630000 -0.091678
10.640000 -0.090128
10.650000 -0.088591
10.660000 -0.087067
10.670000 -0.085556
10.680000 -0.084058
10.690000 -0.082574
10.700000 -0.081103
10.710000 -0.079646
10.720000 -0.078204
10.730000 -0.076775
10.740000 -0.075362
10.750000 -0.073963
10.760000 -0.072580
10.770000 -0.071212
10.780000 -0.069860
10.790000 -0.068525
10.800000 -0.067205
10.810000 -0.065903
10.820000 -0.064618
10.830000 -0.063350
10.840000 -0.062100
10.850000 -0.060868
10.860000 -0.059655
10.870000 -0.058461
10.880000 -0.057287
10.890000 -0.056132
10.900000 -0.054998
10.910000 -0.053884
10.920000 -0.052791
10.930000 -0.051720
10.940000 -0.050670
10.950000 -0.049644
10.960000 -0.048640
10.970000 -0.047659
10.980000 -0.046702
10.990000 -0.045770
11.000000 -0.044862
11.010000 -0.043980
11.020000 -0.043124
11.030000 -0.042294
11.040000 -0.041490
11.050000 -0.040715
11.060000 -0.039967
11.070000 -0.039247
11.080000 -0.038557
11.090000 -0.037896
11.100000 -0.037265
11.110000 -0.036664
11.120000 -0.036095
11.130000 -0.035557
11.140000 -0.035052
11.150000 -0.034579
11.160000 -0.034140
11.170000 -0.033734
11.180000 -0.033363
11.190000 -0.033026
11.200000 -0.032725
11.210000 -0.032460
11.220000 -0.032232
11.230000 -0.032040
11.240000 -0.031887
11.250000 -0.031771
11.260000 -0.031694
11.270000 -0.031656
11.280000 -0.031657
11.290000 -0.031699
11.300000 -0.031781
11.310000 -0.031904
11.320000 -0.032069
11.330000 -0.032276
11.340000 -0.032525
11.350000 -0.032817
11.360000 -0.033152
11.370000 -0.033532
11.380000 -0.033955
11.390000 -0.034423
11.400000 -0.034936
11.410000 -0.035494
11.420000 -0.036097
11.430000 -0.036747
11.440000 -0.037443
11.450000 -0.038185
11.460000 -0.038975
11.470000 -0.039811
11.480000 -0.040695
11.490000 -0.041627
11.500000 -0.042607
11.510000 -0.043634
11.520000 -0.044710
11.530000 -0.045835
11.540000 -0.047008
11.550000 -0.048229
11.560000 -0.049500
11.570000 -0.050819
11.580000 -0.052187
11.590000 -0.053604
11.600000 -0.055070
11.610000 -0.056585
11.620000 -0.058149
11.630000 -0.059762
11.640000 -0.061424
11.650000 -0.063134
11.660000 -0.064893
11.670000 -0.066701
11.680000 -0.068557
11.690000 -0.070460
11.700000 -0.072412
11.710000 -0.074411
11.720000 -0.076457
11.730000 -0.078551
11.740000 -0.080691
11.750000 -0.082877
11.760000 -0.085109
11.770000 -0.087387
11.780000 -0.089710
11.790000 -0.092077
11.800000 -0.094488
11.810000 -0.096944
11.820000 -0.099442
11.830000 -0.101982
11.840000 -0.104565
11.850000 -0.107189
11.860000 -0.109854
11.870000 -0.112558
11.880000 -0.115302
11.890000 -0.118084
11.900000 -0.120905
11.910000 -0.123762
11.920000 -0.126656
11.930000 -0.129585
11.940000 -0.132549
11.950000 -0.135546
11.960000 -0.138576
11.970000 -0.141639
11.980000 -0.144732
11.990000 -0.147855
12.000000 -0.151008
12.010000 -0.154189
12.020000 -0.157396
12.030000 -0.160630
12.040000 -0.163889
12.050000 -0.167171
12.060000 -0.170477
12.070000 -0.173804
12.080000 -0.177151
12.090000 -0.180518
12.100000 -0.183903
12.110000 -0.187305
12.120000 -0.190723
12.130000 -0.194156
12.140000 -0.197602
12.150000 -0.201060
12.160000 -0.204528
12.170000 -0.208007
12.180000 -0.211493
12.190000 -0.214987
12.200000 -0.218486
12.210000 -0.221989
12.220000 -0.225496
12.230000 -0.229004
12.240000 -0.232513
12.250000 -0.236020
12.260000 -0.239525
12.270000 -0.243026
12.280000 -0.246522
12.290000 -0.250012
12.300000 -0.253494
12.310000 -0.256966
12.320000 -0.260428
12.330000 -0.263877
12.340000 -0.267314
12.350000 -0.270735
12.360000 -0.274140
12.369999 -0.277528
12.379999 -0.280896
12.389999 -0.284244
12.399999 -0.287571
12.409999 -0.290874
12.419999 -0.294153
12.429999 -0.297405
12.439999 -0.300631
12.449999 -0.303828
12.459999 -0.306995
12.469999 -0.310131
12.479999 -0.313234
12.489999 -0.316304
12.499999 -0.319338
12.509999 -0.322336
12.519999 -0.325296
12.529999 -0.328217
12.539999 -0.331098
12.549999 -0.333938
12.559999 -0.336734
12.569999 -0.339487
12.579999 -0.342195
12.589999 -0.344857
12.599999 -0.347471
12.609999 -0.350036
12.619999 -0.352552
12.629999 -0.355017
12.639999 -0.357431
12.649999 -0.359791
12.659999 -0.362098
12.669999 -0.364350
12.679999 -0.366546
12.689999 -0.368685
12.699999 -0.370766
12.709999 -0.372788
12.719999 -0.374751
12.729999 -0.376653
12.739999 -0.378494
12.749999 -0.380273
12.759999 -0.381989
12.769999 -0.383641
12.779999 -0.385228
12.789999 -0.386750
12.799999 -0.388207
12.809999 -0.389597
12.819999 -0.390919
12.829999 -0.392174
12.839999 -0.393360
12.849999 -0.394478
12.859999 -0.395526
12.869999 -0.396504
12.879999 -0.397411
12.889999 -0.398248
12.899999 -0.399013
12.909999 -0.399706
12.919999 -0.400328
12.929999 -0.400877
12.939999 -0.401354
12.949999 -0.401757
12.959999 -0.402087
12.969999 -0.402344
12.979999 -0.402528
12.989999 -0.402637
12.999999 -0.402673
13.009999 -0.402635
13.019999 -0.402523
13.029999 -0.402337
13.039999 -0.402076
13.049999 -0.401742
13.059999 -0.401334
13.069999 -0.400852
13.079999 -0.400296
13.089999 -0.399666
13.099999 -0.398963
13.109999 -0.398187
13.119999 -0.397337
13.129999 -0.396415
13.139999 -0.395420
13.149999 -0.394353
13.159999 -0.393214
13.169999 -0.392004
13.179999 -0.390722
13.189999 -0.389369
13.199999 -0.387946
13.209999 -0.386453
13.219999 -0.384891
13.229999 -0.383260
13.239999 -0.381560
13.249999 -0.379792
13.259999 -0.377957
13.269999 -0.376056
13.279999 -0.374088
13.289999 -0.372055
13.299999 -0.369957
13.309999 -0.367795
13.319999 -0.365570
13.329999 -0.363282
13.339999 -0.360932
13.349999 -0.358520
13.359999 -0.356049
13.369999 -0.353518
13.379999 -0.350928
13.389999 -0.348280
13.399999 -0.345575
13.409999 -0.342814
13.419999 -0.339997
13.429999 -0.337127
13.439999 -0.334202
13.449999 -0.331225
13.459999 -0.328197
13.469999 -0.325117
13.479999 -0.321988
13.489999 -0.318811
13.499999 -0.315585
13.509999 -0.312313
13.519999 -0.308995
13.529999 -0.305633
13.539999 -0.302227
13.549999 -0.298778
13.559999 -0.295288
13.569999 -0.291757
13.579999 -0.288187
13.589999 -0.284579
13.599999 -0.280933
13.609999 -0.277251
13.619999 -0.273535
13.629999 -0.269784
13.639999 -0.266001
13.649999 -0.262186
13.659999 -0.258341
13.669999 -0.254466
13.679999 -0.250563
13.689999 -0.246632
13.699999 -0.242676
13.709999 -0.238695
13.719999 -0.234690
13.729999 -0.230663
13.739999 -0.226614
13.749999 -0.222545
13.759999 -0.218457
13.769999 -0.214351
13.779999 -0.210228
13.789999 -0.206089
13.799999 -0.201936
13.809999 -0.197769
13.819999 -0.193589
13.829999 -0.189399
13.839999 -0.185198
13.849999 -0.180989
13.859999 -0.176772
13.869999 -0.172548
13.879999 -0.168318
13.889999 -0.164084
13.899999 -0.159846
13.909999 -0.155606
13.919999 -0.151364
13.929999 -0.147123
13.939999 -0.142882
13.949999 -0.138643
13.959999 -0.134407
13.969999 -0.130175
13.979999 -0.125948
13.989999 -0.121727
13.999999 -0.117514
14.009999 -0.113308
14.019999 -0.109111
14.029999 -0.104924
14.039999 -0.100748
14.049999 -0.096584
14.059999 -0.092433
14.069999 -0.088296
14.079999 -0.084174
14.089999 -0.080067
14.099999 -0.075976
14.109999 -0.071903
14.119999 -0.067849
14.129999 -0.063813
14.139999 -0.059798
14.149999 -0.055803
14.159999 -0.051830
14.169999 -0.047880
14.179999 -0.043952
14.189999 -0.040049
14.199999 -0.036171
14.209999 -0.032318
14.219999 -0.028491
14.229999 -0.024691
14.239999 -0.020919
14.249999 -0.017176
14.259999 -0.013461
14.269999 -0.009776
14.279999 -0.006122
14.289999 -0.002498
14.299999 0.001093
14.309999 0.004653
14.319999 0.008180
14.329999 0.011674
14.339999 0.015134
14.349999 0.018559
14.359999 0.021950
14.369999 0.025305
14.379999 0.028624
14.389999 0.031906
14.399999 0.035152
14.409999 0.038361
14.419999 0.041532
14.429999 0.044665
14.439999 0.047760
14.449999 0.050815
14.459999 0.053832
14.469999 0.056809
14.479999 0.059746
14.489999 0.062643
14.499999 0.065499
14.509999 0.068315
14.519999 0.071090
14.529999 0.073823
14.539999 0.076515
14.549999 0.079166
14.559999 0.081774
14.569999 0.084341
14.579999 0.086865
14.589999 0.089347
14.599999 0.091787
14.609999 0.094184
14.619999 0.096538
14.629999 0.098849
14.639999 0.101118
14.649999 0.103343
14.659999 0.105526
14.669999 0.107665
14.679999 0.109762
14.689999 0.111815
14.699999 0.113826
14.709999 0.115793
14.719999 0.117717
14.729999 0.119599
14.739999 0.121437
14.749999 0.123233
14.759999 0.124986
14.769999 0.126696
14.779999 0.128364
14.789999 0.129989
14.799999 0.131572
14.809999 0.133113
14.819999 0.134612
14.829999 0.136069
14.839999 0.137484
14.849999 0.138858
14.859999 0.140191
14.869999 0.141483
14.879999 0.142734
14.889999 0.143944
14.899999 0.145114
14.909999 0.146244
14.919999 0.147334
14.929999 0.148384
14.939999 0.149395
14.949999 0.150367
14.959999 0.151300
14.969999 0.152195
14.979999 0.153051
14.989999 0.153870
14.999999 0.154651
15.009999 0.155395
15.019999 0.156102
15.029999 0.156773
15.039999 0.157407
15.049999 0.158005
15.059999 0.158568
15.069999 0.159096
15.079999 0.159589
15.089999 0.160048
15.099999 0.160473
15.109999 0.160864
15.119999 0.161221
15.129999 0.161546
15.139999 0.161839
15.149999 0.162099
15.159999 0.162327
15.169999 0.162525
15.179999 0.162691
15.189999 0.162827
15.199999 0.162933
15.209999 0.163009
15.219999 0.163056
15.229999 0.163074
15.239999 0.163064
15.249999 0.163026
15.259999 0.162960
15.269999 0.162867
15.279999 0.162747
15.289999 0.162601
15.299999 0.162429
15.309999 0.162232
15.319999 0.162009
15.329999 0.161762
15.339999 0.161491
15.349999 0.161196
15.359999 0.160878
15.369999 0.160537
15.379999 0.160173
15.389999 0.159787
15.399999 0.159380
15.409999 0.158951
15.419999 0.158502
15.429999 0.158032
15.439999 0.157542
15.449999 0.157032
15.459999 0.156504
15.469999 0.155956
15.479999 0.155390
15.489999 0.154806
15.499999 0.154205
15.509999 0.153586
15.519999 0.152951
15.529999 0.152299
15.539999 0.151632
15.549999 0.150948
15.559999 0.150250
15.569999 0.149536
15.579999 0.148809
15.589999 0.148067
15.599999 0.147311
15.609999 0.146542
15.619999 0.145760
15.629999 0.144965
15.639999 0.144158
15.649999 0.143340
15.659999 0.142509
15.669999 0.141668
15.679999 0.140815
15.689999 0.139952
15.699999 0.139079
15.709999 0.138196
15.719999 0.137303
15.729999 0.136401
15.739999 0.135491
15.749999 0.134571
15.759999 0.133644
15.769999 0.132708
15.779999 0.131765
15.789999 0.130814
15.799999 0.129857
15.809999 0.128892
15.819999 0.127922
15.829999 0.126945
15.839999 0.125962
15.849999 0.124973
15.859999 0.123979
15.869999 0.122980
15.879999 0.121977
15.889999 0.120968
15.899999 0.119956
15.909999 0.118939
15.919999 0.117919
15.929999 0.116895
15.939999 0.115868
15.949999 0.114838
15.959999 0.113805
15.969999 0.112769
15.979999 0.111731
15.989999 0.110691
15.999999 0.109649
16.009999 0.108606
16.019999 0.107561
16.029999 0.106515
16.039999 0.105468
16.049999 0.104420
16.059999 0.103372
16.069999 0.102323
16.079999 0.101274
16.089999 0.100225
16.099999 0.099177
16.109999 0.098129
16.119999 0.097081
16.129999 0.096035
16.139999 0.094989
16.149999 0.093944
16.159999 0.092901
16.169999 0.091860
16.179999 0.090820
16.189999 0.089782
16.199999 0.088746
16.209999 0.087713
16.219999 0.086682
16.229999 0.085653
16.239999 0.084628
16.249999 0.083605
16.259999 0.082586
16.269999 0.081569
16.279999 0.080556
16.289999 0.079547
16.299999 0.078542
16.309999 0.077540
16.319999 0.076543
16.329999 0.075550
16.339999 0.074561
16.349999 0.073577
16.359999 0.072597
16.369999 0.071623
16.379999 0.070653
16.389999 0.069689
16.399999 0.068729
16.409999 0.067776
16.419999 0.066828
16.429999 0.065885
16.439999 0.064949
16.449999 0.064018
16.459999 0.063094
16.469999 0.062176
16.479999 0.061265
16.489999 0.060360
16.499999 0.059462
16.509999 0.058571
16.519999 0.057687
16.529999 0.056811
16.539999 0.055941
16.549999 0.055079
16.559999 0.054225
16.569999 0.053378
16.579999 0.052540
16.589999 0.051709
16.599999 0.050886
16.609999 0.050072
16.619999 0.049267
16.629999 0.048470
16.639999 0.047681
16.649999 0.046902
16.659999 0.046132
16.669999 0.045371
16.679999 0.044619
16.689999 0.043876
16.699999 0.043144
16.709999 0.042421
16.719999 0.041708
16.729999 0.041004
16.739999 0.040311
16.749999 0.039629
16.759999 0.038957
16.769999 0.038295
16.779999 0.037644
16.789999 0.037004
16.799999 0.036375
16.809999 0.035757
16.819999 0.035150
16.829999 0.034555
16.839999 0.033972
16.849999 0.033400
16.859999 0.032840
16.869999 0.032292
16.879999 0.031756
16.889999 0.031233
16.899999 0.030722
16.909999 0.030223
16.919999 0.029738
16.929999 0.029265
16.939999 0.028805
16.949999 0.028359
16.959999 0.027925
16.969999 0.027506
16.979999 0.027100
16.989999 0.026707
16.999999 0.026329
17.009999 0.025965
17.019999 0.025615
17.029999 0.025280
17.039999 0.024959
17.049999 0.024653
17.059999 0.024361
17.069999 0.024085
17.079999 0.023824
17.089999 0.023579
17.099999 0.023349
17.109999 0.023134
17.119999 0.022936
17.129999 0.022754
17.139999 0.022588
17.149999 0.022438
17.159999 0.022305
17.169999 0.022189
17.179999 0.022090
17.189999 0.022008
17.199999 0.021943
17.209999 0.021896
17.219999 0.021867
17.229999 0.021856
17.239999 0.021863
17.249999 0.021888
17.259999 0.021932
17.269999 0.021994
17.279999 0.022076
17.289999 0.022177
17.299999 0.022298
17.309999 0.022438
17.319999 0.022598
17.329999 0.022778
17.339999 0.022979
17.349999 0.023200
17.359999 0.023442
17.369999 0.023706
17.379999 0.023991
17.389999 0.024298
17.399999 0.024626
17.409999 0.024977
17.419999 0.025351
17.429999 0.025747
17.439999 0.026166
17.449999 0.026609
17.459999 0.027076
17.469999 0.027566
17.479999 0.028081
17.489999 0.028621
17.499999 0.029186
17.509999 0.029776
17.519999 0.030391
17.529999 0.031033
17.539999 0.031701
17.549999 0.032396
17.559999 0.033118
17.569999 0.033867
17.579999 0.034644
17.589999 0.035449
17.599999 0.036283
17.609999 0.037146
17.619999 0.038038
17.629999 0.038960
17.639999 0.039912
17.649999 0.040895
17.659999 0.041908
17.669999 0.042953
17.679999 0.044030
17.689999 0.045139
17.699999 0.046281
17.709999 0.047456
17.719999 0.048664
17.729999 0.049906
17.739999 0.051183
17.749999 0.052494
17.759999 0.053841
17.769999 0.055223
17.779999 0.056642
17.789999 0.058097
17.799999 0.059589
17.809999 0.061119
17.819999 0.062687
17.829999 0.064293
17.839999 0.065938
17.849999 0.067623
17.859999 0.069347
17.869999 0.071111
17.879999 0.072916
17.889999 0.074762
17.899999 0.076649
17.909999 0.078579
17.919999 0.080550
17.929999 0.082565
17.939999 0.084623
17.949999 0.086724
17.959999 0.088869
17.969999 0.091058
17.979999 0.093293
17.989999 0.095572
17.999999 0.097896
18.009999 0.100267
18.019999 0.102683
18.029999 0.105146
18.039999 0.107656
18.049999 0.110212
18.059999 0.112816
18.069999 0.115468
18.079999 0.118167
18.089999 0.120914
18.099999 0.123709
18.109999 0.126553
18.119999 0.129445
18.129999 0.132386
18.139999 0.135375
18.149999 0.138414
18.159999 0.141501
18.169999 0.144638
18.179999 0.147823
18.189999 0.151058
18.199999 0.154342
18.209999 0.157674
18.219999 0.161056
18.229999 0.164486
18.239999 0.167965
18.249999 0.171493
18.259999 0.175068
18.269999 0.178692
18.279999 0.182363
18.289999 0.186082
18.299999 0.189848
18.309999 0.193661
18.319999 0.197520
18.329999 0.201425
18.339999 0.205376
18.349999 0.209371
18.359999 0.213411
18.369999 0.217494
18.379999 0.221620
18.389999 0.225789
18.399999 0.230000
18.409999 0.234251
18.419999 0.238543
18.429999 0.242874
18.439999 0.247243
18.449999 0.251650
18.459999 0.256094
18.469999 0.260572
18.479999 0.265086
18.489999 0.269632
18.499999 0.274211
18.509999 0.278821
18.519999 0.283461
18.529999 0.288129
18.539999 0.292824
18.549999 0.297545
18.559999 0.302290
18.569999 0.307058
18.579999 0.311848
18.589999 0.316657
18.599999 0.321485
18.609999 0.326329
18.619999 0.331188
18.629999 0.336060
18.639999 0.340944
18.649999 0.345837
18.659999 0.350738
18.669999 0.355645
18.679999 0.360556
18.689999 0.365469
18.699999 0.370382
18.709999 0.375292
18.719999 0.380199
18.729999 0.385098
18.739999 0.389990
18.749999 0.394871
18.759999 0.399738
18.769999 0.404591
18.779999 0.409425
18.789999 0.414240
18.799999 0.419033
18.809999 0.423801
18.819999 0.428542
18.829999 0.433253
18.839999 0.437932
18.849999 0.442576
18.859999 0.447184
18.869999 0.451752
18.879999 0.456277
18.889999 0.460758
18.899999 0.465191
18.909999 0.469575
18.919999 0.473905
18.929999 0.478181
18.939999 0.482398
18.949999 0.486554
18.959999 0.490648
18.969999 0.494675
18.979999 0.498633
18.989999 0.502520
18.999999 0.506333
19.009999 0.510069
19.019999 0.513725
19.029999 0.517300
19.039999 0.520789
19.049999 0.524191
19.059999 0.527503
19.069999 0.530721
19.079999 0.533845
19.089999 0.536870
19.099999 0.539795
19.109999 0.542617
19.119999 0.545332
19.129999 0.547940
19.139999 0.550436
19.149999 0.552820
19.159999 0.555087
19.169999 0.557237
19.179999 0.559266
19.189999 0.561173
19.199999 0.562954
19.209999 0.564608
19.219999 0.566132
19.229999 0.567525
19.239999 0.568784
19.249999 0.569907
19.259999 0.570892
19.269999 0.571738
19.279999 0.572441
19.289999 0.573001
19.299999 0.573416
19.309999 0.573683
19.319999 0.573802
19.329999 0.573770
19.339999 0.573586
19.349999 0.573249
19.359999 0.572757
19.369999 0.572109
19.379999 0.571303
19.389999 0.570338
19.399999 0.569214
19.409999 0.567928
19.419999 0.566481
19.429999 0.564871
19.439999 0.563098
19.449999 0.561160
19.459999 0.559057
19.469999 0.556789
19.479999 0.554354
19.489999 0.551753
19.499999 0.548985
19.509999 0.546051
19.519999 0.542948
19.529999 0.539679
19.539999 0.536242
19.549999 0.532638
19.559999 0.528867
19.569999 0.524929
19.579999 0.520825
19.589999 0.516555
19.599999 0.512119
19.609999 0.507519
19.619999 0.502755
19.629999 0.497827
19.639999 0.492737
19.649999 0.487485
19.659999 0.482073
19.669999 0.476502
19.679999 0.470773
19.689999 0.464888
19.699999 0.458847
19.709999 0.452652
19.719999 0.446306
19.729999 0.439809
19.739999 0.433163
19.749999 0.426371
19.759999 0.419434
19.769999 0.412353
19.779999 0.405132
19.789999 0.397773
19.799999 0.390276
19.809999 0.382646
19.819999 0.374884
19.829999 0.366993
19.839999 0.358975
19.849999 0.350834
19.859999 0.342570
19.869999 0.334188
19.879999 0.325691
19.889999 0.317080
19.899999 0.308359
19.909999 0.299531
19.919999 0.290599
19.929999 0.281567
19.939999 0.272437
19.949999 0.263212
19.959999 0.253896
19.969999 0.244492
19.979999 0.235004
19.989999 0.225435
19.999999 0.215788
20.009999 0.206067
20.019999 0.196276
20.029999 0.186418
20.039999 0.176497
20.049999 0.166515
20.059999 0.156478
20.069999 0.146389
20.079999 0.136251
20.089999 0.126069
20.099999 0.115845
20.109999 0.105584
20.119999 0.095290
20.129999 0.084966
20.139999 0.074617
20.149999 0.064245
20.159999 0.053856
20.169999 0.043452
20.179999 0.033038
20.189999 0.022618
20.199999 0.012195
20.209999 0.001773
20.219999 -0.008643
20.229999 -0.019051
20.239999 -0.029446
20.249999 -0.039825
20.259999 -0.050183
20.269999 -0.060517
20.279999 -0.070823
20.289999 -0.081098
20.299999 -0.091337
20.309999 -0.101538
20.319999 -0.111696
20.329999 -0.121808
20.339999 -0.131870
20.349999 -0.141879
20.359999 -0.151831
20.369999 -0.161723
20.379999 -0.171551
20.389999 -0.181313
20.399999 -0.191004
20.409999 -0.200621
20.419999 -0.210162
20.429999 -0.219623
20.439999 -0.229000
20.449999 -0.238292
20.459999 -0.247494
20.469999 -0.256604
20.479999 -0.265620
20.489999 -0.274537
20.499999 -0.283354
20.509999 -0.292067
20.519999 -0.300675
20.529999 -0.309174
20.539999 -0.317562
20.549999 -0.325836
20.559999 -0.333995
20.569999 -0.342035
20.579999 -0.349955
20.589999 -0.357753
20.599999 -0.365425
20.609999 -0.372972
20.619999 -0.380389
20.629999 -0.387676
20.639999 -0.394831
20.649999 -0.401852
20.659999 -0.408737
20.669999 -0.415485
20.679999 -0.422095
20.689999 -0.428564
20.699999 -0.434892
20.709999 -0.441077
20.719999 -0.447119
20.729999 -0.453015
20.739999 -0.458766
20.749999 -0.464369
20.759999 -0.469825
20.769999 -0.475132
20.779999 -0.480290
20.789999 -0.485298
20.799999 -0.490156
20.809999 -0.494862
20.819999 -0.499417
20.829999 -0.503821
20.839999 -0.508072
20.849999 -0.512172
20.859999 -0.516119
20.869999 -0.519913
20.879999 -0.523556
20.889999 -0.527046
20.899999 -0.530384
20.909999 -0.533571
20.919999 -0.536606
20.929999 -0.539490
20.939999 -0.542223
20.949999 -0.544807
20.959999 -0.547240
20.969999 -0.549525
20.979999 -0.551662
20.989999 -0.553651
20.999999 -0.555494
21.009999 -0.557191
21.019999 -0.558743
21.029999 -0.560152
21.039999 -0.561418
21.049999 -0.562542
21.059999 -0.563526
21.069999 -0.564370
21.079999 -0.565077
21.089999 -0.565647
21.099999 -0.566082
21.109999 -0.566383
21.119999 -0.566551
21.129999 -0.566589
21.139999 -0.566497
21.149999 -0.566278
21.159999 -0.565932
21.169999 -0.565462
21.179999 -0.564869
21.189999 -0.564155
21.199999 -0.563322
21.209999 -0.562371
21.219999 -0.561305
21.229999 -0.560125
21.239999 -0.558833
21.249999 -0.557431
21.259999 -0.555920
21.269999 -0.554304
21.279999 -0.552583
21.289999 -0.550761
21.299999 -0.548838
21.309999 -0.546817
21.319999 -0.544700
21.329999 -0.542489
21.339999 -0.540186
21.349999 -0.537794
21.359999 -0.535313
21.369999 -0.532747
21.379999 -0.530098
21.389999 -0.527367
21.399999 -0.524557
21.409999 -0.521670
21.419999 -0.518708
21.429999 -0.515673
21.439999 -0.512567
21.449999 -0.509393
21.459999 -0.506153
21.469999 -0.502848
21.479999 -0.499481
21.489999 -0.496054
21.499999 -0.492569
21.509999 -0.489029
21.519999 -0.485434
21.529999 -0.481788
21.539999 -0.478093
21.549999 -0.474350
21.559999 -0.470561
21.569999 -0.466730
21.579999 -0.462856
21.589999 -0.458944
21.599999 -0.454994
21.609999 -0.451009
21.619999 -0.446990
21.629999 -0.442940
21.639999 -0.438860
21.649999 -0.434753
21.659999 -0.430620
21.669999 -0.426463
21.679999 -0.422283
21.689999 -0.418084
21.699999 -0.413866
21.709999 -0.409631
21.719999 -0.405381
21.729999 -0.401118
21.739999 -0.396843
21.749999 -0.392558
21.759999 -0.388265
21.769999 -0.383965
21.779999 -0.379660
21.789999 -0.375351
21.799999 -0.371041
21.809999 -0.366729
21.819999 -0.362419
21.829999 -0.358111
21.839999 -0.353807
21.849999 -0.349507
21.859999 -0.345215
21.869999 -0.340930
21.879999 -0.336654
21.889999 -0.332388
21.899999 -0.328134
21.909999 -0.323893
21.919999 -0.319666
21.929999 -0.315454
21.939999 -0.311258
21.949999 -0.307079
21.959999 -0.302919
21.969999 -0.298777
21.979999 -0.294657
21.989999 -0.290557
21.999999 -0.286480
22.009999 -0.282426
22.019999 -0.278396
22.029999 -0.274390
22.039999 -0.270410
22.049999 -0.266457
22.059999 -0.262531
22.069999 -0.258633
22.079999 -0.254763
22.089999 -0.250923
22.099999 -0.247112
22.109999 -0.243332
22.119999 -0.239583
22.129999 -0.235866
22.139999 -0.232181
22.149999 -0.228529
22.159999 -0.224909
22.169999 -0.221324
22.179999 -0.217772
22.189999 -0.214255
22.199999 -0.210773
22.209999 -0.207325
22.219999 -0.203914
22.229999 -0.200538
22.239999 -0.197198
22.249999 -0.193894
22.259999 -0.190627
22.269999 -0.187397
22.279999 -0.184204
22.289999 -0.181047
22.299999 -0.177929
22.309999 -0.174847
22.319999 -0.171803
22.329999 -0.168796
22.339999 -0.165827
22.349999 -0.162896
22.359999 -0.160002
22.369999 -0.157147
22.379999 -0.154328
22.389999 -0.151548
22.399999 -0.148805
22.409999 -0.146100
22.419999 -0.143432
22.429999 -0.140801
22.439999 -0.138208
22.449999 -0.135652
22.459999 -0.133133
22.469999 -0.130651
22.479999 -0.128205
22.489999 -0.125797
22.499999 -0.123424
22.509999 -0.121087
22.519999 -0.118787
22.529999 -0.116522
22.539999 -0.114293
22.549999 -0.112098
22.559999 -0.109939
22.569999 -0.107814
22.579999 -0.105724
22.589999 -0.103668
22.599999 -0.101646
22.609999 -0.099657
22.619999 -0.097701
22.629999 -0.095779
22.639999 -0.093888
22.649999 -0.092030
22.659999 -0.090204
22.669999 -0.088410
22.679999 -0.086646
22.689999 -0.084914
22.699999 -0.083212
22.709999 -0.081540
22.719999 -0.079897
22.729999 -0.078284
22.739999 -0.076700
22.749999 -0.075145
22.759999 -0.073618
22.769999 -0.072118
22.779999 -0.070647
22.789999 -0.069202
22.799999 -0.067783
22.809999 -0.066391
22.819999 -0.065025
22.829999 -0.063685
22.839999 -0.062369
22.849999 -0.061078
22.859999 -0.059812
22.869999 -0.058569
22.879999 -0.057350
22.889999 -0.056154
22.899999 -0.054981
22.909999 -0.053830
22.919999 -0.052701
22.929999 -0.051593
22.939999 -0.050507
22.949999 -0.049441
22.959999 -0.048396
22.969999 -0.047371
22.979999 -0.046365
22.989999 -0.045379
22.999999 -0.044412
23.009999 -0.043463
23.019999 -0.042532
23.029999 -0.041620
23.039999 -0.040724
23.049999 -0.039846
23.059999 -0.038985
23.069999 -0.038140
23.079999 -0.037311
23.089999 -0.036498
23.099999 -0.035701
23.109999 -0.034918
23.119999 -0.034151
23.129999 -0.033398
23.139999 -0.032659
23.149999 -0.031934
23.159999 -0.031223
23.169999 -0.030526
23.179999 -0.029841
23.189999 -0.029169
23.199999 -0.028510
23.209999 -0.027863
23.219999 -0.027228
23.229999 -0.026605
23.239999 -0.025993
23.249999 -0.025393
23.259999 -0.024804
23.269999 -0.024226
23.279999 -0.023659
23.289999 -0.023102
23.299999 -0.022555
23.309999 -0.022019
23.319999 -0.021492
23.329999 -0.020975
23.339999 -0.020468
23.349999 -0.019971
23.359999 -0.019482
23.369999 -0.019003
23.379999 -0.018533
23.389999 -0.018072
23.399999 -0.017620
23.409999 -0.017176
23.419999 -0.016741
23.429999 -0.016315
23.439999 -0.015897
23.449999 -0.015487
23.459999 -0.015085
23.469999 -0.014692
23.479999 -0.014307
23.489999 -0.013930
23.499999 -0.013561
23.509999 -0.013200
23.519999 -0.012847
23.529999 -0.012502
23.539999 -0.012164
23.549999 -0.011835
23.559999 -0.011513
23.569999 -0.011200
23.579999 -0.010894
23.589999 -0.010596
23.599999 -0.010307
23.609999 -0.010026
23.619999 -0.009752
23.629999 -0.009488
23.639999 -0.009231
23.649999 -0.008983
23.659999 -0.008743
23.669999 -0.008512
23.679999 -0.008290
23.689999 -0.008077
23.699999 -0.007872
23.709999 -0.007677
23.719999 -0.007490
23.729999 -0.007313
23.739999 -0.007146
23.749999 -0.006988
23.759999 -0.006840
23.769999 -0.006701
23.779999 -0.006573
23.789999 -0.006455
23.799999 -0.006347
23.809999 -0.006249
23.819999 -0.006163
23.829999 -0.006087
23.839999 -0.006022
23.849999 -0.005968
23.859999 -0.005926
23.869999 -0.005895
23.879999 -0.005877
23.889999 -0.005870
23.899999 -0.005875
23.909999 -0.005892
23.919999 -0.005922
23.929999 -0.005965
23.939999 -0.006020
23.949999 -0.006089
23.959999 -0.006171
23.969999 -0.006266
23.979999 -0.006375
23.989999 -0.006498
23.999999 -0.006635
24.009999 -0.006787
24.019999 -0.006952
24.029999 -0.007133
24.039999 -0.007328
24.049999 -0.007538
24.059999 -0.007764
24.069999 -0.008005
24.079999 -0.008261
24.089999 -0.008533
24.099999 -0.008821
24.109999 -0.009125
24.119999 -0.009445
24.129999 -0.009782
24.139999 -0.010135
24.149999 -0.010505
24.159999 -0.010892
24.169999 -0.011296
24.179999 -0.011717
24.189999 -0.012155
24.199999 -0.012610
24.209999 -0.013083
24.219999 -0.013573
24.229999 -0.014081
24.239999 -0.014606
24.249999 -0.015150
24.259999 -0.015711
24.269999 -0.016290
24.279999 -0.016887
24.289999 -0.017502
24.299999 -0.018135
24.309999 -0.018786
24.319999 -0.019455
24.329999 -0.020142
24.339999 -0.020847
24.349999 -0.021571
24.359999 -0.022312
24.369999 -0.023071
24.379999 -0.023848
24.389999 -0.024643
24.399999 -0.025455
24.409999 -0.026285
24.419999 -0.027133
24.429999 -0.027998
24.439999 -0.028880
24.449999 -0.029780
24.459999 -0.030696
24.469999 -0.031629
24.479999 -0.032579
24.489999 -0.033545
24.499999 -0.034528
24.509999 -0.035526
24.519999 -0.036541
24.529999 -0.037570
24.539999 -0.038615
24.549999 -0.039675
24.559999 -0.040750
24.569999 -0.041839
24.579999 -0.042942
24.589999 -0.044059
24.599999 -0.045189
24.609999 -0.046332
24.619999 -0.047488
24.629999 -0.048656
24.639999 -0.049836
24.649999 -0.051027
24.659999 -0.052230
24.669999 -0.053443
24.679999 -0.054666
24.689999 -0.055899
24.699999 -0.057141
24.709999 -0.058391
24.719999 -0.059650
24.729999 -0.060917
24.739999 -0.062190
24.749999 -0.063471
24.759999 -0.064757
24.769999 -0.066049
24.779999 -0.067346
24.789999 -0.068648
24.799999 -0.069953
24.809999 -0.071261
24.819999 -0.072572
24.829999 -0.073885
24.839999 -0.075199
24.849999 -0.076513
24.859999 -0.077828
24.869999 -0.079143
24.879999 -0.080456
24.889999 -0.081767
24.899999 -0.083075
24.909999 -0.084380
24.919999 -0.085681
24.929999 -0.086978
24.939999 -0.088269
24.949999 -0.089555
24.959999 -0.090833
24.969999 -0.092104
24.979999 -0.093367
24.989999 -0.094621
24.999999 -0.095866
25.009999 -0.097100
25.019999 -0.098323
25.029999 -0.099535
25.039999 -0.100734
25.049999 -0.101920
25.059999 -0.103092
25.069999 -0.104249
25.079999 -0.105392
25.089999 -0.106518
25.099999 -0.107628
25.109999 -0.108720
25.119999 -0.109795
25.129999 -0.110851
25.139999 -0.111887
25.149999 -0.112903
25.159999 -0.113899
25.169999 -0.114873
25.179999 -0.115825
25.189999 -0.116754
25.199999 -0.117660
25.209999 -0.118542
25.219999 -0.119400
25.229999 -0.120233
25.239999 -0.121039
25.249999 -0.121820
25.259999 -0.122573
25.269999 -0.123299
25.279999 -0.123997
25.289999 -0.124667
25.299999 -0.125307
25.309999 -0.125918
25.319999 -0.126499
25.329999 -0.127050
25.339999 -0.127569
25.349999 -0.128057
25.359999 -0.128514
25.369999 -0.128938
25.379999 -0.129329
25.389999 -0.129688
25.399999 -0.130013
25.409999 -0.130304
25.419999 -0.130562
25.429999 -0.130785
25.439999 -0.130974
25.449999 -0.131128
25.459999 -0.131246
25.469999 -0.131330
25.479999 -0.131378
25.489999 -0.131390
25.499999 -0.131367
25.509999 -0.131307
25.519999 -0.131212
25.529999 -0.131080
25.539999 -0.130912
25.549999 -0.130708
25.559999 -0.130467
25.569999 -0.130190
25.579999 -0.129877
25.589999 -0.129527
25.599999 -0.129141
25.609999 -0.128719
25.619999 -0.128260
25.629999 -0.127766
25.639999 -0.127235
25.649999 -0.126670
25.659999 -0.126068
25.669999 -0.125431
25.679999 -0.124759
25.689999 -0.124052
25.699999 -0.123311
25.709999 -0.122535
25.719999 -0.121725
25.729999 -0.120881
25.739999 -0.120004
25.749999 -0.119094
25.759999 -0.118152
25.769999 -0.117177
25.779999 -0.116170
25.789999 -0.115132
25.799999 -0.114062
25.809999 -0.112963
25.819999 -0.111833
25.829999 -0.110674
25.839999 -0.109486
25.849999 -0.108269
25.859999 -0.107025
25.869999 -0.105753
25.879999 -0.104454
25.889999 -0.103129
25.899999 -0.101779
25.909999 -0.100404
25.919999 -0.099004
25.929999 -0.097581
25.939999 -0.096135
25.949999 -0.094666
25.959999 -0.093176
25.969999 -0.091665
25.979999 -0.090133
25.989999 -0.088582
25.999999 -0.087013
26.009999 -0.085425
26.019999 -0.083820
26.029999 -0.082198
26.039999 -0.080560
26.049999 -0.078908
26.059999 -0.077241
26.069999 -0.075560
26.079999 -0.073867
26.089999 -0.072162
26.099999 -0.070445
26.109999 -0.068718
26.119999 -0.066981
26.129999 -0.065236
26.139999 -0.063482
26.149999 -0.061722
26.159999 -0.059954
26.169999 -0.058181
26.179999 -0.056403
26.189999 -0.054621
26.199999 -0.052836
26.209999 -0.051048
26.219999 -0.049258
26.229999 -0.047467
26.239999 -0.045676
26.249999 -0.043886
26.259999 -0.042097
26.269999 -0.040310
26.279999 -0.038526
26.289999 -0.036745
26.299999 -0.034969
26.309999 -0.033197
26.319999 -0.031432
26.329999 -0.029673
26.339999 -0.027921
26.349999 -0.026177
26.359999 -0.024442
26.369999 -0.022715
26.379999 -0.020999
26.389999 -0.019294
26.399999 -0.017599
26.409999 -0.015917
26.419999 -0.014247
26.429999 -0.012590
26.439999 -0.010946
26.449999 -0.009318
26.459999 -0.007703
26.469999 -0.006105
26.479999 -0.004522
26.489999 -0.002956
26.499999 -0.001407
26.509999 0.000125
26.519999 0.001638
26.529999 0.003133
26.539999 0.004610
26.549999 0.006066
26.559999 0.007503
26.569999 0.008920
26.579999 0.010315
26.589999 0.011690
26.599999 0.013044
26.609999 0.014375
26.619999 0.015685
26.629999 0.016972
26.639999 0.018236
26.649999 0.019477
26.659999 0.020695
26.669999 0.021889
26.679999 0.023059
26.689999 0.024206
26.699999 0.025328
26.709999 0.026425
26.719999 0.027498
26.729999 0.028546
26.739999 0.029569
26.749999 0.030567
26.759999 0.031540
26.769999 0.032487
26.779999 0.033409
26.789999 0.034306
26.799999 0.035176
26.809999 0.036022
26.819999 0.036841
26.829999 0.037635
26.839999 0.038403
26.849999 0.039146
26.859999 0.039862
26.869999 0.040554
26.879999 0.041220
26.889999 0.041860
26.899999 0.042475
26.909999 0.043064
26.919999 0.043629
26.929999 0.044168
26.939999 0.044682
26.949999 0.045172
26.959999 0.045637
26.969999 0.046077
26.979999 0.046493
26.989999 0.046885
26.999999 0.047254
27.009999 0.047598
27.019999 0.047919
27.029999 0.048216
27.039999 0.048491
27.049999 0.048743
27.059999 0.048972
27.069999 0.049179
27.079999 0.049364
27.089999 0.049527
27.099999 0.049669
27.109999 0.049790
27.119999 0.049890
27.129999 0.049969
27.139999 0.050028
27.149999 0.050068
27.159999 0.050087
27.169999 0.050088
27.179999 0.050070
27.189999 0.050033
27.199999 0.049978
27.209999 0.049905
27.219999 0.049814
27.229999 0.049707
27.239999 0.049583
27.249999 0.049442
27.259999 0.049285
27.269999 0.049113
27.279999 0.048925
27.289999 0.048723
27.299999 0.048506
27.309999 0.048275
27.319999 0.048030
27.329999 0.047772
27.339999 0.047500
27.349999 0.047217
27.359999 0.046920
27.369999 0.046613
27.379999 0.046293
27.389999 0.045963
27.399999 0.045622
27.409999 0.045270
27.419999 0.044909
27.429999 0.044538
27.439999 0.044158
27.449999 0.043769
27.459999 0.043371
27.469999 0.042966
27.479999 0.042553
27.489999 0.042132
27.499999 0.041705
27.509999 0.041271
27.519999 0.040830
27.529999 0.040384
27.539999 0.039932
27.549999 0.039475
27.559999 0.039013
27.569999 0.038547
27.579999 0.038076
27.589999 0.037602
27.599999 0.037124
27.609999 0.036643
27.619999 0.036158
27.629999 0.035671
27.639999 0.035182
27.649999 0.034691
27.659999 0.034198
27.669999 0.033704
27.679999 0.033208
27.689999 0.032712
27.699999 0.032215
27.709999 0.031718
27.719999 0.031220
27.729999 0.030723
27.739999 0.030227
27.749999 0.029731
27.759999 0.029235
27.769999 0.028741
27.779999 0.028249
27.789999 0.027758
27.799999 0.027269
27.809999 0.026781
27.819999 0.026297
27.829999 0.025814
27.839999 0.025334
27.849999 0.024857
27.859999 0.024383
27.869999 0.023912
27.879999 0.023444
27.889999 0.022980
27.899999 0.022519
27.909999 0.022062
27.919999 0.021610
27.929999 0.021161
27.939999 0.020716
27.949999 0.020276
27.959999 0.019840
27.969999 0.019408
27.979999 0.018982
27.989999 0.018560
27.999999 0.018143
28.009999 0.017730
28.019999 0.017323
28.029999 0.016921
28.039999 0.016524
28.049999 0.016133
28.059999 0.015746
28.069999 0.015365
28.079999 0.014990
28.089999 0.014620
28.099999 0.014256
28.109999 0.013897
28.119999 0.013543
28.129999 0.013196
28.139999 0.012854
28.149999 0.012517
28.159999 0.012187
28.169999 0.011862
28.179999 0.011543
28.189999 0.011229
28.199999 0.010922
28.209999 0.010620
28.219999 0.010323
28.229999 0.010033
28.239999 0.009748
28.249999 0.009469
28.259999 0.009195
28.269999 0.008927
28.279999 0.008665
28.289999 0.008408
28.299999 0.008157
28.309999 0.007911
28.319999 0.007671
28.329999 0.007436
28.339999 0.007206
28.349999 0.006982
28.359999 0.006763
28.369999 0.006549
28.379999 0.006341
28.389999 0.006137
28.399999 0.005939
28.409999 0.005745
28.419999 0.005557
28.429999 0.005373
28.439999 0.005194
28.449999 0.005020
28.459999 0.004851
28.469999 0.004686
28.479999 0.004525
28.489999 0.004370
28.499999 0.004218
28.509999 0.004071
28.519999 0.003928
28.529999 0.003789
28.539999 0.003654
28.549999 0.003523
28.559999 0.003396
28.569999 0.003273
28.579999 0.003154
28.589999 0.003038
28.599999 0.002926
28.609999 0.002817
28.619999 0.002712
28.629999 0.002610
28.639999 0.002512
28.649999 0.002417
28.659999 0.002325
28.669999 0.002236
28.679999 0.002149
28.689999 0.002066
28.699999 0.001986
28.709999 0.001908
28.719999 0.001833
28.729999 0.001761
28.739999 0.001691
28.749999 0.001624
28.759999 0.001559
28.769999 0.001496
28.779999 0.001435
28.789999 0.001377
28.799999 0.001321
28.809999 0.001267
28.819999 0.001214
28.829999 0.001164
28.839999 0.001116
28.849999 0.001069
28.859999 0.001024
28.869999 0.000981
28.879999 0.000939
28.889999 0.000899
28.899999 0.000860
28.909999 0.000823
28.919999 0.000787
28.929999 0.000752
28.939999 0.000719
28.949999 0.000687
28.959999 0.000656
28.969999 0.000627
28.979999 0.000598
28.989999 0.000570
28.999999 0.000544
29.009999 0.000518
29.019999 0.000494
29.029999 0.000470
29.039999 0.000447
29.049999 0.000425
29.059999 0.000404
29.069999 0.000384
29.079999 0.000364
29.089999 0.000345
29.099999 0.000327
29.109999 0.000309
29.119999 0.000292
29.129999 0.000276
29.139999 0.000260
29.149999 0.000245
29.159999 0.000230
29.169999 0.000216
29.179999 0.000203
29.189999 0.000190
29.199999 0.000177
29.209999 0.000165
29.219999 0.000153
29.229999 0.000142
29.239999 0.000132
29.249999 0.000121
29.259999 0.000112
29.269999 0.000102
29.279999 0.000093
29.289999 0.000085
29.299999 0.000077
29.309999 0.000069
29.319999 0.000062
29.329999 0.000055
29.339999 0.000048
29.349999 0.000042
29.359999 0.000036
29.369999 0.000031
29.379999 0.000026
29.389999 0.000022
29.399999 0.000018
29.409999 0.000014
29.419999 0.000011
29.429999 0.000008
29.439999 0.000006
29.449999 0.000004
29.459999 0.000002
29.469999 0.000001
29.479999 0.000000
29.489999 0.000000
29.499999 -0.000000
29.509999 -0.000000
29.519999 -0.000000
29.529999 -0.000000
29.539999 -0.000001
29.549999 -0.000001
29.559999 -0.000001
29.569999 -0.000002
29.579999 -0.000003
29.589999 -0.000003
29.599999 -0.000004
29.609999 -0.000005
29.619999 -0.000006
29.629999 -0.000007
29.639999 -0.000009
29.649999 -0.000010
29.659999 -0.000011
29.669999 -0.000013
29.679999 -0.000015
29.689999 -0.000017
29.699999 -0.000018
29.709999 -0.000021
29.719999 -0.000023
29.729999 -0.000025
29.739999 -0.000027
29.749999 -0.000030
29.759999 -0.000033
29.769999 -0.000035
29.779999 -0.000038
29.789999 -0.000042
29.799999 -0.000045
29.809999 -0.000048
29.819999 -0.000052
29.829999 -0.000055
29.839999 -0.000059
29.849999 -0.000063
29.859999 -0.000067
29.869999 -0.000071
29.879999 -0.000076
29.889999 -0.000081
29.899999 -0.000085
29.909999 -0.000090
29.919999 -0.000095
29.929999 -0.000101
29.939999 -0.000106
29.949999 -0.000112
29.959999 -0.000118
29.969999 -0.000124
29.979999 -0.000130
29.989999 -0.000136
29.999999 -0.000143
