-10.000000 -0.005714
-9.990000 -0.005766
-9.980000 -0.005818
-9.970000 -0.005871
-9.960000 -0.005923
-9.950000 -0.005975
-9.940000 -0.006027
-9.930000 -0.006079
-9.920000 -0.006130
-9.910000 -0.006182
-9.900000 -0.006234
-9.890000 -0.006285
-9.880000 -0.006337
-9.870000 -0.006388
-9.860000 -0.006440
-9.850000 -0.006491
-9.840000 -0.006543
-9.830000 -0.006594
-9.820000 -0.006645
-9.810000 -0.006697
-9.800000 -0.006748
-9.790000 -0.006800
-9.780000 -0.006851
-9.770000 -0.006903
-9.760000 -0.006955
-9.750000 -0.007006
-9.740000 -0.007058
-9.730000 -0.007110
-9.720000 -0.007163
-9.710000 -0.007215
-9.700000 -0.007268
-9.690000 -0.007320
-9.680000 -0.007373
-9.670000 -0.007426
-9.660000 -0.007480
-9.650000 -0.007534
-9.640000 -0.007588
-9.630000 -0.007642
-9.620000 -0.007697
-9.610000 -0.007752
-9.600000 -0.007807
-9.590000 -0.007863
-9.580000 -0.007919
-9.570000 -0.007975
-9.560000 -0.008032
-9.550000 -0.008090
-9.540000 -0.008148
-9.530000 -0.008206
-9.520000 -0.008265
-9.510000 -0.008324
-9.500000 -0.008384
-9.490000 -0.008444
-9.480000 -0.008505
-9.470000 -0.008567
-9.460000 -0.008629
-9.450000 -0.008691
-9.440000 -0.008754
-9.430000 -0.008818
-9.420000 -0.008883
-9.410000 -0.008947
-9.400000 -0.009013
-9.390000 -0.009079
-9.380000 -0.009146
-9.370000 -0.009213
-9.360000 -0.009281
-9.350000 -0.009350
-9.340000 -0.009419
-9.330000 -0.009488
-9.320000 -0.009559
-9.310000 -0.009630
-9.300000 -0.009701
-9.290000 -0.009773
-9.280000 -0.009846
-9.270000 -0.009919
-9.260000 -0.009992
-9.250000 -0.010066
-9.240000 -0.010141
-9.230000 -0.010216
-9.220000 -0.010292
-9.210000 -0.010368
-9.200000 -0.010444
-9.190000 -0.010521
-9.180000 -0.010598
-9.170000 -0.010675
-9.160000 -0.010753
-9.150000 -0.010831
-9.140000 -0.010910
-9.130000 -0.010988
-9.120000 -0.011067
-9.110000 -0.011146
-9.100000 -0.011225
-9.090000 -0.011304
-9.080000 -0.011383
-9.070000 -0.011462
-9.060000 -0.011541
-9.050000 -0.011620
-9.040000 -0.011698
-9.030000 -0.011777
-9.020000 -0.011855
-9.010000 -0.011933
-9.000000 -0.012011
-8.990000 -0.012088
-8.980000 -0.012165
-8.970000 -0.012242
-8.960000 -0.012318
-8.950000 -0.012393
-8.940000 -0.012468
-8.930000 -0.012542
-8.920000 -0.012615
-8.910000 -0.012688
-8.900000 -0.012760
-8.890000 -0.012830
-8.880000 -0.012900
-8.870000 -0.012969
-8.860000 -0.013037
-8.850000 -0.013103
-8.840000 -0.013169
-8.830000 -0.013233
-8.820000 -0.013296
-8.810000 -0.013358
-8.800000 -0.013418
-8.790000 -0.013477
-8.780000 -0.013534
-8.770000 -0.013589
-8.760000 -0.013643
-8.750000 -0.013696
-8.740000 -0.013746
-8.730000 -0.013795
-8.720000 -0.013842
-8.710000 -0.013887
-8.700000 -0.013930
-8.690000 -0.013971
-8.680000 -0.014010
-8.670000 -0.014047
-8.660000 -0.014081
-8.650000 -0.014114
-8.640000 -0.014144
-8.630000 -0.014172
-8.620000 -0.014197
-8.610000 -0.014220
-8.600000 -0.014240
-8.590000 -0.014258
-8.580000 -0.014274
-8.570000 -0.014286
-8.560000 -0.014296
-8.550000 -0.014303
-8.540000 -0.014308
-8.530000 -0.014310
-8.520000 -0.014308
-8.510000 -0.014304
-8.500000 -0.014297
-8.490000 -0.014287
-8.480000 -0.014274
-8.470000 -0.014257
-8.460000 -0.014238
-8.450000 -0.014215
-8.440000 -0.014189
-8.430000 -0.014160
-8.420000 -0.014127
-8.410000 -0.014091
-8.400000 -0.014051
-8.390000 -0.014008
-8.380000 -0.013962
-8.370000 -0.013911
-8.360000 -0.013857
-8.350000 -0.013800
-8.340000 -0.013738
-8.330000 -0.013673
-8.320000 -0.013603
-8.310000 -0.013530
-8.300000 -0.013453
-8.290000 -0.013371
-8.280000 -0.013286
-8.270000 -0.013196
-8.260000 -0.013101
-8.250000 -0.013002
-8.240000 -0.012899
-8.230000 -0.012791
-8.220000 -0.012679
-8.210000 -0.012562
-8.200000 -0.012439
-8.190000 -0.012312
-8.180000 -0.012180
-8.170000 -0.012043
-8.160000 -0.011900
-8.150000 -0.011752
-8.140000 -0.011598
-8.130000 -0.011439
-8.120000 -0.011273
-8.110000 -0.011102
-8.100000 -0.010925
-8.090000 -0.010742
-8.080000 -0.010552
-8.070000 -0.010356
-8.060000 -0.010153
-8.050000 -0.009943
-8.040000 -0.009726
-8.030000 -0.009502
-8.020000 -0.009270
-8.010000 -0.009031
-8.000000 -0.008784
-7.990000 -0.008529
-7.980000 -0.008265
-7.970000 -0.007993
-7.960000 -0.007713
-7.950000 -0.007423
-7.940000 -0.007125
-7.930000 -0.006817
-7.920000 -0.006499
-7.910000 -0.006171
-7.900000 -0.005833
-7.890000 -0.005484
-7.880000 -0.005125
-7.870000 -0.004754
-7.860000 -0.004373
-7.850000 -0.003979
-7.840000 -0.003573
-7.830000 -0.003155
-7.820000 -0.002725
-7.810000 -0.002281
-7.800000 -0.001824
-7.790000 -0.001353
-7.780000 -0.000868
-7.770000 -0.000369
-7.760000 0.000146
-7.750000 0.000675
-7.740000 0.001220
-7.730000 0.001781
-7.720000 0.002358
-7.710000 0.002952
-7.700000 0.003563
-7.690000 0.004192
-7.680000 0.004838
-7.670000 0.005504
-7.660000 0.006187
-7.650000 0.006890
-7.640000 0.007613
-7.630000 0.008356
-7.620000 0.009119
-7.610000 0.009903
-7.600000 0.010709
-7.590000 0.011536
-7.580000 0.012386
-7.570000 0.013258
-7.560000 0.014153
-7.550000 0.015072
-7.540000 0.016015
-7.530000 0.016982
-7.520000 0.017974
-7.510000 0.018991
-7.500000 0.020034
-7.490000 0.021103
-7.480000 0.022198
-7.470000 0.023321
-7.460000 0.024470
-7.450000 0.025648
-7.440000 0.026853
-7.430000 0.028087
-7.420000 0.029350
-7.410000 0.030642
-7.400000 0.031963
-7.390000 0.033315
-7.380000 0.034696
-7.370000 0.036109
-7.360000 0.037552
-7.350000 0.039026
-7.340000 0.040532
-7.330000 0.042069
-7.320000 0.043639
-7.310000 0.045241
-7.300000 0.046875
-7.290000 0.048542
-7.280000 0.050242
-7.270000 0.051975
-7.260000 0.053741
-7.250000 0.055541
-7.240000 0.057374
-7.230000 0.059241
-7.220000 0.061142
-7.210000 0.063076
-7.200000 0.065044
-7.190000 0.067046
-7.180000 0.069082
-7.170000 0.071151
-7.160000 0.073255
-7.150000 0.075392
-7.140000 0.077562
-7.130000 0.079766
-7.120000 0.082004
-7.110000 0.084275
-7.100000 0.086578
-7.090000 0.088914
-7.080000 0.091283
-7.070000 0.093684
-7.060000 0.096117
-7.050000 0.098582
-7.040000 0.101078
-7.030000 0.103604
-7.020000 0.106161
-7.010000 0.108748
-7.000000 0.111364
-6.990000 0.114010
-6.980000 0.116683
-6.970000 0.119385
-6.960000 0.122114
-6.950000 0.124869
-6.940000 0.127651
-6.930000 0.130458
-6.920000 0.133289
-6.910000 0.136144
-6.900000 0.139022
-6.890000 0.141923
-6.880000 0.144845
-6.870000 0.147787
-6.860000 0.150749
-6.850000 0.153730
-6.840000 0.156728
-6.830000 0.159744
-6.820000 0.162775
-6.810000 0.165821
-6.800000 0.168881
-6.790000 0.171953
-6.780000 0.175036
-6.770000 0.178131
-6.760000 0.181234
-6.750000 0.184345
-6.740000 0.187463
-6.730000 0.190586
-6.720000 0.193714
-6.710000 0.196845
-6.700000 0.199977
-6.690000 0.203110
-6.680000 0.206241
-6.670000 0.209371
-6.660000 0.212496
-6.650000 0.215616
-6.640000 0.218730
-6.630000 0.221835
-6.620000 0.224931
-6.610000 0.228016
-6.600000 0.231088
-6.590000 0.234146
-6.580000 0.237189
-6.570000 0.240214
-6.560000 0.243221
-6.550000 0.246208
-6.540000 0.249173
-6.530000 0.252115
-6.520000 0.255031
-6.510000 0.257921
-6.500000 0.260784
-6.490000 0.263616
-6.480000 0.266417
-6.470000 0.269186
-6.460000 0.271920
-6.450000 0.274617
-6.440000 0.277278
-6.430000 0.279899
-6.420000 0.282479
-6.410000 0.285017
-6.400000 0.287510
-6.390000 0.289958
-6.380000 0.292360
-6.370000 0.294712
-6.360000 0.297014
-6.350000 0.299265
-6.340000 0.301462
-6.330000 0.303604
-6.320000 0.305690
-6.310000 0.307719
-6.300000 0.309688
-6.290000 0.311596
-6.280000 0.313443
-6.270000 0.315226
-6.260000 0.316944
-6.250000 0.318596
-6.240000 0.320180
-6.230000 0.321696
-6.220000 0.323142
-6.210000 0.324516
-6.200000 0.325817
-6.190000 0.327045
-6.180000 0.328197
-6.170000 0.329274
-6.160000 0.330273
-6.150000 0.331194
-6.140000 0.332035
-6.130000 0.332796
-6.120000 0.333476
-6.110000 0.334073
-6.100000 0.334587
-6.090000 0.335017
-6.080000 0.335361
-6.070000 0.335620
-6.060000 0.335793
-6.050000 0.335878
-6.040000 0.335875
-6.030000 0.335783
-6.020000 0.335602
-6.010000 0.335331
-6.000000 0.334970
-5.990000 0.334518
-5.980000 0.333974
-5.970000 0.333339
-5.960000 0.332612
-5.950000 0.331793
-5.940000 0.330880
-5.930000 0.329875
-5.920000 0.328777
-5.910000 0.327585
-5.900000 0.326300
-5.890000 0.324922
-5.880000 0.323450
-5.870000 0.321885
-5.860000 0.320227
-5.850000 0.318476
-5.840000 0.316631
-5.830000 0.314694
-5.820000 0.312664
-5.810000 0.310542
-5.800000 0.308328
-5.790000 0.306022
-5.780000 0.303626
-5.770000 0.301139
-5.760000 0.298562
-5.750000 0.295895
-5.740000 0.293140
-5.730000 0.290296
-5.720000 0.287365
-5.710000 0.284347
-5.700000 0.281243
-5.690000 0.278053
-5.680000 0.274780
-5.670000 0.271423
-5.660000 0.267984
-5.650000 0.264463
-5.640000 0.260861
-5.630000 0.257180
-5.620000 0.253421
-5.610000 0.249585
-5.600000 0.245673
-5.590000 0.241686
-5.580000 0.237625
-5.570000 0.233492
-5.560000 0.229288
-5.550000 0.225015
-5.540000 0.220673
-5.530000 0.216264
-5.520000 0.211791
-5.510000 0.207253
-5.500000 0.202653
-5.490000 0.197992
-5.480000 0.193272
-5.470000 0.188494
-5.460000 0.183660
-5.450000 0.178771
-5.440000 0.173830
-5.430000 0.168838
-5.420000 0.163796
-5.410000 0.158707
-5.400000 0.153572
-5.390000 0.148393
-5.380000 0.143171
-5.370000 0.137909
-5.360000 0.132609
-5.350000 0.127272
-5.340000 0.121899
-5.330000 0.116494
-5.320000 0.111058
-5.310000 0.105592
-5.300000 0.100099
-5.290000 0.094581
-5.280000 0.089040
-5.270000 0.083477
-5.260000 0.077894
-5.250000 0.072294
-5.240000 0.066678
-5.230000 0.061049
-5.220000 0.055408
-5.210000 0.049757
-5.200000 0.044099
-5.190000 0.038435
-5.180000 0.032768
-5.170000 0.027098
-5.160000 0.021429
-5.150000 0.015763
-5.140000 0.010100
-5.130000 0.004444
-5.120000 -0.001204
-5.110000 -0.006842
-5.100000 -0.012468
-5.090000 -0.018079
-5.080000 -0.023675
-5.070000 -0.029253
-5.060000 -0.034811
-5.050000 -0.040348
-5.040000 -0.045861
-5.030000 -0.051348
-5.020000 -0.056809
-5.010000 -0.062240
-5.000000 -0.067640
-4.990000 -0.073008
-4.980000 -0.078341
-4.970000 -0.083638
-4.960000 -0.088897
-4.950000 -0.094116
-4.940000 -0.099294
-4.930000 -0.104429
-4.920000 -0.109519
-4.910000 -0.114563
-4.900000 -0.119559
-4.890000 -0.124506
-4.880000 -0.129402
-4.870000 -0.134245
-4.860000 -0.139035
-4.850000 -0.143769
-4.840000 -0.148446
-4.830000 -0.153065
-4.820000 -0.157625
-4.810000 -0.162123
-4.800000 -0.166560
-4.790000 -0.170933
-4.780000 -0.175242
-4.770000 -0.179485
-4.760000 -0.183661
-4.750000 -0.187769
-4.740000 -0.191808
-4.730000 -0.195778
-4.720000 -0.199676
-4.710000 -0.203501
-4.700000 -0.207255
-4.690000 -0.210934
-4.680000 -0.214538
-4.670000 -0.218068
-4.660000 -0.221521
-4.650000 -0.224897
-4.640000 -0.228196
-4.630000 -0.231416
-4.620000 -0.234558
-4.610000 -0.237620
-4.600000 -0.240603
-4.590000 -0.243505
-4.580000 -0.246326
-4.570000 -0.249067
-4.560000 -0.251726
-4.550000 -0.254304
-4.540000 -0.256799
-4.530000 -0.259212
-4.520000 -0.261543
-4.510000 -0.263792
-4.500000 -0.265958
-4.490000 -0.268042
-4.480000 -0.270043
-4.470000 -0.271962
-4.460000 -0.273798
-4.450000 -0.275552
-4.440000 -0.277224
-4.430000 -0.278814
-4.420000 -0.280322
-4.410000 -0.281749
-4.400000 -0.283095
-4.390000 -0.284361
-4.380000 -0.285546
-4.370000 -0.286651
-4.360000 -0.287678
-4.350000 -0.288625
-4.340000 -0.289494
-4.330000 -0.290286
-4.320000 -0.291001
-4.310000 -0.291639
-4.300000 -0.292202
-4.290000 -0.292690
-4.280000 -0.293104
-4.270000 -0.293445
-4.260000 -0.293713
-4.250000 -0.293910
-4.240000 -0.294036
-4.230000 -0.294092
-4.220000 -0.294079
-4.210000 -0.293999
-4.200000 -0.293851
-4.190000 -0.293638
-4.180000 -0.293360
-4.170000 -0.293018
-4.160000 -0.292614
-4.150000 -0.292148
-4.140000 -0.291622
-4.130000 -0.291036
-4.120000 -0.290393
-4.110000 -0.289692
-4.100000 -0.288936
-4.090000 -0.288126
-4.080000 -0.287262
-4.070000 -0.286346
-4.060000 -0.285379
-4.050000 -0.284364
-4.040000 -0.283299
-4.030000 -0.282188
-4.020000 -0.281032
-4.010000 -0.279831
-4.000000 -0.278587
-3.990000 -0.277301
-3.980000 -0.275975
-3.970000 -0.274609
-3.960000 -0.273206
-3.950000 -0.271767
-3.940000 -0.270292
-3.930000 -0.268783
-3.920000 -0.267242
-3.910000 -0.265669
-3.900000 -0.264067
-3.890000 -0.262436
-3.880000 -0.260777
-3.870000 -0.259092
-3.860000 -0.257382
-3.850000 -0.255648
-3.840000 -0.253892
-3.830000 -0.252115
-3.820000 -0.250317
-3.810000 -0.248501
-3.800000 -0.246667
-3.790000 -0.244816
-3.780000 -0.242950
-3.770000 -0.241069
-3.760000 -0.239176
-3.750000 -0.237270
-3.740000 -0.235353
-3.730000 -0.233426
-3.720000 -0.231490
-3.710000 -0.229546
-3.700000 -0.227595
-3.690000 -0.225637
-3.680000 -0.223675
-3.670000 -0.221708
-3.660000 -0.219738
-3.650000 -0.217765
-3.640000 -0.215790
-3.630000 -0.213814
-3.620000 -0.211839
-3.610000 -0.209863
-3.600000 -0.207889
-3.590000 -0.205917
-3.580000 -0.203947
-3.570000 -0.201981
-3.560000 -0.200018
-3.550000 -0.198060
-3.540000 -0.196106
-3.530000 -0.194159
-3.520000 -0.192217
-3.510000 -0.190281
-3.500000 -0.188352
-3.490000 -0.186431
-3.480000 -0.184517
-3.470000 -0.182611
-3.460000 -0.180714
-3.450000 -0.178825
-3.440000 -0.176945
-3.430000 -0.175075
-3.420000 -0.173213
-3.410000 -0.171361
-3.400000 -0.169519
-3.390000 -0.167687
-3.380000 -0.165865
-3.370000 -0.164053
-3.360000 -0.162252
-3.350000 -0.160460
-3.340000 -0.158679
-3.330000 -0.156909
-3.320000 -0.155149
-3.310000 -0.153399
-3.300000 -0.151659
-3.290000 -0.149930
-3.280000 -0.148210
-3.270000 -0.146501
-3.260000 -0.144802
-3.250000 -0.143113
-3.240000 -0.141433
-3.230000 -0.139763
-3.220000 -0.138103
-3.210000 -0.136451
-3.200000 -0.134809
-3.190000 -0.133176
-3.180000 -0.131551
-3.170000 -0.129934
-3.160000 -0.128326
-3.150000 -0.126726
-3.140000 -0.125133
-3.130000 -0.123548
-3.120000 -0.121970
-3.110000 -0.120400
-3.100000 -0.118835
-3.090000 -0.117278
-3.080000 -0.115726
-3.070000 -0.114181
-3.060000 -0.112641
-3.050000 -0.111106
-3.040000 -0.109577
-3.030000 -0.108052
-3.020000 -0.106532
-3.010000 -0.105016
-3.000000 -0.103504
-2.990000 -0.101996
-2.980000 -0.100492
-2.970000 -0.098991
-2.960000 -0.097493
-2.950000 -0.095997
-2.940000 -0.094504
-2.930000 -0.093014
-2.920000 -0.091525
-2.910000 -0.090039
-2.900000 -0.088554
-2.890000 -0.087070
-2.880000 -0.085588
-2.870000 -0.084106
-2.860000 -0.082626
-2.850000 -0.081146
-2.840000 -0.079667
-2.830000 -0.078187
-2.820000 -0.076708
-2.810000 -0.075229
-2.800000 -0.073750
-2.790000 -0.072270
-2.780000 -0.070790
-2.770000 -0.069310
-2.760000 -0.067828
-2.750000 -0.066346
-2.740000 -0.064863
-2.730000 -0.063378
-2.720000 -0.061893
-2.710000 -0.060406
-2.700000 -0.058918
-2.690000 -0.057428
-2.680000 -0.055936
-2.670000 -0.054443
-2.660000 -0.052948
-2.650000 -0.051452
-2.640000 -0.049953
-2.630000 -0.048452
-2.620000 -0.046949
-2.610000 -0.045443
-2.600000 -0.043935
-2.590000 -0.042425
-2.580000 -0.040912
-2.570000 -0.039396
-2.560000 -0.037877
-2.550000 -0.036355
-2.540000 -0.034830
-2.530000 -0.033302
-2.520000 -0.031770
-2.510000 -0.030235
-2.500000 -0.028695
-2.490000 -0.027152
-2.480000 -0.025604
-2.470000 -0.024052
-2.460000 -0.022494
-2.450000 -0.020932
-2.440000 -0.019364
-2.430000 -0.017791
-2.420000 -0.016212
-2.410000 -0.014626
-2.400000 -0.013034
-2.390000 -0.011435
-2.380000 -0.009828
-2.370000 -0.008213
-2.360000 -0.006590
-2.350000 -0.004958
-2.340000 -0.003316
-2.330000 -0.001664
-2.320000 -0.000002
-2.310000 0.001671
-2.300000 0.003356
-2.290000 0.005054
-2.280000 0.006764
-2.270000 0.008489
-2.260000 0.010228
-2.250000 0.011983
-2.240000 0.013754
-2.230000 0.015542
-2.220000 0.017348
-2.210000 0.019173
-2.200000 0.021018
-2.190000 0.022884
-2.180000 0.024772
-2.170000 0.026683
-2.160000 0.028618
-2.150000 0.030578
-2.140000 0.032565
-2.130000 0.034579
-2.120000 0.036622
-2.110000 0.038696
-2.100000 0.040800
-2.090000 0.042938
-2.080000 0.045110
-2.070000 0.047318
-2.060000 0.049562
-2.050000 0.051846
-2.040000 0.054169
-2.030000 0.056534
-2.020000 0.058942
-2.010000 0.061395
-2.000000 0.063894
-1.990000 0.066442
-1.980000 0.069039
-1.970000 0.071687
-1.960000 0.074389
-1.950000 0.077145
-1.940000 0.079959
-1.930000 0.082830
-1.920000 0.085762
-1.910000 0.088756
-1.900000 0.091814
-1.890000 0.094938
-1.880000 0.098129
-1.870000 0.101390
-1.860000 0.104722
-1.850000 0.108128
-1.840000 0.111608
-1.830000 0.115166
-1.820000 0.118802
-1.810000 0.122519
-1.800000 0.126319
-1.790000 0.130203
-1.780000 0.134174
-1.770000 0.138233
-1.760000 0.142382
-1.750000 0.146623
-1.740000 0.150957
-1.730000 0.155387
-1.720000 0.159914
-1.710000 0.164540
-1.700000 0.169267
-1.690000 0.174096
-1.680000 0.179029
-1.670000 0.184067
-1.660000 0.189212
-1.650000 0.194466
-1.640000 0.199830
-1.630000 0.205306
-1.620000 0.210894
-1.610000 0.216597
-1.600000 0.222414
-1.590000 0.228349
-1.580000 0.234401
-1.570000 0.240573
-1.560000 0.246864
-1.550000 0.253276
-1.540000 0.259809
-1.530000 0.266466
-1.520000 0.273245
-1.510000 0.280149
-1.500000 0.287177
-1.490000 0.294330
-1.480000 0.301608
-1.470000 0.309012
-1.460000 0.316542
-1.450000 0.324198
-1.440000 0.331981
-1.430000 0.339889
-1.420000 0.347924
-1.410000 0.356084
-1.400000 0.364370
-1.390000 0.372780
-1.380000 0.381315
-1.370000 0.389974
-1.360000 0.398755
-1.350000 0.407659
-1.340000 0.416683
-1.330000 0.425828
-1.320000 0.435091
-1.310000 0.444472
-1.300000 0.453969
-1.290000 0.463580
-1.280000 0.473304
-1.270000 0.483138
-1.260000 0.493082
-1.250000 0.503132
-1.240000 0.513287
-1.230000 0.523545
-1.220000 0.533903
-1.210000 0.544358
-1.200000 0.554908
-1.190000 0.565550
-1.180000 0.576281
-1.170000 0.587099
-1.160000 0.597999
-1.150000 0.608979
-1.140000 0.620035
-1.130000 0.631165
-1.120000 0.642363
-1.110000 0.653627
-1.100000 0.664953
-1.090000 0.676336
-1.080000 0.687773
-1.070000 0.699259
-1.060000 0.710790
-1.050000 0.722361
-1.040000 0.733969
-1.030000 0.745608
-1.020000 0.757274
-1.010000 0.768962
-1.000000 0.780667
-0.990000 0.792383
-0.980000 0.804106
-0.970000 0.815831
-0.960000 0.827552
-0.950000 0.839264
-0.940000 0.850961
-0.930000 0.862637
-0.920000 0.874288
-0.910000 0.885907
-0.900000 0.897488
-0.890000 0.909026
-0.880000 0.920515
-0.870000 0.931949
-0.860000 0.943321
-0.850000 0.954625
-0.840000 0.965856
-0.830000 0.977007
-0.820000 0.988072
-0.810000 0.999044
-0.800000 1.009918
-0.790000 1.020686
-0.780000 1.031343
-0.770000 1.041882
-0.760000 1.052297
-0.750000 1.062580
-0.740000 1.072727
-0.730000 1.082729
-0.720000 1.092581
-0.710000 1.102277
-0.700000 1.111809
-0.690000 1.121172
-0.680000 1.130358
-0.670000 1.139362
-0.660000 1.148177
-0.650000 1.156797
-0.640000 1.165215
-0.630000 1.173425
-0.620000 1.181421
-0.610000 1.189197
-0.600000 1.196746
-0.590000 1.204062
-0.580000 1.211140
-0.570000 1.217973
-0.560000 1.224556
-0.550000 1.230882
-0.540000 1.236947
-0.530000 1.242744
-0.520000 1.248267
-0.510000 1.253512
-0.500000 1.258472
-0.490000 1.263143
-0.480000 1.267520
-0.470000 1.271597
-0.460000 1.275370
-0.450000 1.278833
-0.440000 1.281982
-0.430000 1.284812
-0.420000 1.287319
-0.410000 1.289499
-0.400000 1.291347
-0.390000 1.292860
-0.380000 1.294032
-0.370000 1.294862
-0.360000 1.295345
-0.350000 1.295477
-0.340000 1.295256
-0.330000 1.294678
-0.320000 1.293740
-0.310000 1.292440
-0.300000 1.290775
-0.290000 1.288742
-0.280000 1.286339
-0.270000 1.283565
-0.260000 1.280416
-0.250000 1.276892
-0.240000 1.272990
-0.230000 1.268710
-0.220000 1.264050
-0.210000 1.259009
-0.200000 1.253587
-0.190000 1.247782
-0.180000 1.241594
-0.170000 1.235024
-0.160000 1.228070
-0.150000 1.220734
-0.140000 1.213015
-0.130000 1.204913
-0.120000 1.196431
-0.110000 1.187568
-0.100000 1.178326
-0.090000 1.168705
-0.080000 1.158708
-0.070000 1.148337
-0.060000 1.137592
-0.050000 1.126477
-0.040000 1.114993
-0.030000 1.103142
-0.020000 1.090929
-0.010000 1.078354
0.000000 1.065423
0.010000 1.052136
0.020000 1.038499
0.030000 1.024515
0.040000 1.010187
0.050000 0.995519
0.060000 0.980516
0.070000 0.965182
0.080000 0.949521
0.090000 0.933538
0.100000 0.917238
0.110000 0.900626
0.120000 0.883706
0.130000 0.866485
0.140000 0.848968
0.150000 0.831160
0.160000 0.813067
0.170000 0.794695
0.180000 0.776051
0.190000 0.757140
0.200000 0.737968
0.210000 0.718543
0.220000 0.698871
0.230000 0.678958
0.240000 0.658812
0.250000 0.638439
0.260000 0.617846
0.270000 0.597041
0.280000 0.576032
0.290000 0.554824
0.300000 0.533427
0.310000 0.511847
0.320000 0.490093
0.330000 0.468171
0.340000 0.446090
0.350000 0.423859
0.360000 0.401483
0.370000 0.378973
0.380000 0.356336
0.390000 0.333580
0.400000 0.310713
0.410000 0.287744
0.420000 0.264681
0.430000 0.241532
0.440000 0.218306
0.450000 0.195011
0.460000 0.171656
0.470000 0.148248
0.480000 0.124797
0.490000 0.101311
0.500000 0.077799
0.510000 0.054268
0.520000 0.030727
0.530000 0.007186
0.540000 -0.016349
0.550000 -0.039868
0.560000 -0.063362
0.570000 -0.086825
0.580000 -0.110247
0.590000 -0.133619
0.600000 -0.156935
0.610000 -0.180185
0.620000 -0.203362
0.630000 -0.226457
0.640000 -0.249463
0.650000 -0.272371
0.660000 -0.295173
0.670000 -0.317863
0.680000 -0.340431
0.690000 -0.362871
0.700000 -0.385175
0.710000 -0.407335
0.720000 -0.429344
0.730000 -0.451195
0.740000 -0.472881
0.750000 -0.494394
0.760000 -0.515728
0.770000 -0.536876
0.780000 -0.557831
0.790000 -0.578586
0.800000 -0.599135
0.810000 -0.619472
0.820000 -0.639590
0.830000 -0.659483
0.840000 -0.679146
0.850000 -0.698572
0.860000 -0.717756
0.870000 -0.736692
0.880000 -0.755376
0.890000 -0.773800
0.900000 -0.791961
0.910000 -0.809854
0.920000 -0.827473
0.930000 -0.844814
0.940000 -0.861873
0.950000 -0.878645
0.960000 -0.895126
0.970000 -0.911311
0.980000 -0.927198
0.990000 -0.942782
1.000000 -0.958060
1.010000 -0.973028
1.020000 -0.987683
1.030000 -1.002022
1.040000 -1.016042
1.050000 -1.029741
1.060000 -1.043115
1.070000 -1.056163
1.080000 -1.068882
1.090000 -1.081271
1.100000 -1.093326
1.110000 -1.105047
1.120000 -1.116431
1.130000 -1.127478
1.140000 -1.138186
1.150000 -1.148555
1.160000 -1.158582
1.170000 -1.168268
1.180000 -1.177612
1.190000 -1.186613
1.200000 -1.195271
1.210000 -1.203586
1.220000 -1.211557
1.230000 -1.219186
1.240000 -1.226473
1.250000 -1.233417
1.260000 -1.240020
1.270000 -1.246283
1.280000 -1.252205
1.290000 -1.257789
1.300000 -1.263036
1.310000 -1.267947
1.320000 -1.272523
1.330000 -1.276766
1.340000 -1.280678
1.350000 -1.284260
1.360000 -1.287516
1.370000 -1.290446
1.380000 -1.293054
1.390000 -1.295342
1.400000 -1.297311
1.410000 -1.298965
1.420000 -1.300307
1.430000 -1.301340
1.440000 -1.302066
1.450000 -1.302488
1.460000 -1.302610
1.470000 -1.302435
1.480000 -1.301966
1.490000 -1.301208
1.500000 -1.300162
1.510000 -1.298834
1.520000 -1.297227
1.530000 -1.295344
1.540000 -1.293190
1.550000 -1.290769
1.560000 -1.288084
1.570000 -1.285140
1.580000 -1.281941
1.590000 -1.278491
1.600000 -1.274795
1.610000 -1.270857
1.620000 -1.266681
1.630000 -1.262272
1.640000 -1.257635
1.650000 -1.252774
1.660000 -1.247693
1.670000 -1.242397
1.680000 -1.236892
1.690000 -1.231181
1.700000 -1.225270
1.710000 -1.219164
1.720000 -1.212866
1.730000 -1.206382
1.740000 -1.199718
1.750000 -1.192877
1.760000 -1.185864
1.770000 -1.178685
1.780000 -1.171345
1.790000 -1.163848
1.800000 -1.156199
1.810000 -1.148403
1.820000 -1.140466
1.830000 -1.132391
1.840000 -1.124184
1.850000 -1.115850
1.860000 -1.107394
1.870000 -1.098820
1.880000 -1.090133
1.890000 -1.081338
1.900000 -1.072440
1.910000 -1.063444
1.920000 -1.054354
1.930000 -1.045175
1.940000 -1.035911
1.950000 -1.026568
1.960000 -1.017150
1.970000 -1.007662
1.980000 -0.998107
1.990000 -0.988491
2.000000 -0.978817
2.010000 -0.969091
2.020000 -0.959316
2.030000 -0.949497
2.040000 -0.939639
2.050000 -0.929744
2.060000 -0.919818
2.070000 -0.909864
2.080000 -0.899887
2.090000 -0.889890
2.100000 -0.879877
2.110000 -0.869852
2.120000 -0.859820
2.130000 -0.849782
2.140000 -0.839744
2.150000 -0.829709
2.160000 -0.819680
2.170000 -0.809661
2.180000 -0.799655
2.190000 -0.789666
2.200000 -0.779696
2.210000 -0.769749
2.220000 -0.759828
2.230000 -0.749936
2.240000 -0.740076
2.250000 -0.730250
2.260000 -0.720463
2.270000 -0.710716
2.280000 -0.701012
2.290000 -0.691353
2.300000 -0.681743
2.310000 -0.672184
2.320000 -0.662678
2.330000 -0.653227
2.340000 -0.643834
2.350000 -0.634501
2.360000 -0.625230
2.370000 -0.616023
2.380000 -0.606882
2.390000 -0.597808
2.400000 -0.588805
2.410000 -0.579873
2.420000 -0.571014
2.430000 -0.562230
2.440000 -0.553522
2.450000 -0.544892
2.460000 -0.536342
2.470000 -0.527872
2.480000 -0.519484
2.490000 -0.511179
2.500000 -0.502958
2.510000 -0.494822
2.520000 -0.486773
2.530000 -0.478812
2.540000 -0.470938
2.550000 -0.463154
2.560000 -0.455460
2.570000 -0.447856
2.580000 -0.440344
2.590000 -0.432923
2.600000 -0.425596
2.610000 -0.418361
2.620000 -0.411219
2.630000 -0.404172
2.640000 -0.397218
2.650000 -0.390359
2.660000 -0.383595
2.670000 -0.376926
2.680000 -0.370352
2.690000 -0.363873
2.700000 -0.357489
2.710000 -0.351201
2.720000 -0.345007
2.730000 -0.338909
2.740000 -0.332907
2.750000 -0.326999
2.760000 -0.321185
2.770000 -0.315466
2.780000 -0.309842
2.790000 -0.304311
2.800000 -0.298874
2.810000 -0.293530
2.820000 -0.288279
2.830000 -0.283120
2.840000 -0.278054
2.850000 -0.273078
2.860000 -0.268194
2.870000 -0.263400
2.880000 -0.258695
2.890000 -0.254080
2.900000 -0.249554
2.910000 -0.245115
2.920000 -0.240764
2.930000 -0.236499
2.940000 -0.232320
2.950000 -0.228226
2.960000 -0.224216
2.970000 -0.220290
2.980000 -0.216447
2.990000 -0.212686
3.000000 -0.209006
3.010000 -0.205406
3.020000 -0.201887
3.030000 -0.198445
3.040000 -0.195082
3.050000 -0.191796
3.060000 -0.188585
3.070000 -0.185450
3.080000 -0.182389
3.090000 -0.179402
3.100000 -0.176487
3.110000 -0.173644
3.120000 -0.170872
3.130000 -0.168169
3.140000 -0.165535
3.150000 -0.162969
3.160000 -0.160470
3.170000 -0.158038
3.180000 -0.155670
3.190000 -0.153367
3.200000 -0.151126
3.210000 -0.148949
3.220000 -0.146832
3.230000 -0.144777
3.240000 -0.142781
3.250000 -0.140843
3.260000 -0.138964
3.270000 -0.137141
3.280000 -0.135375
3.290000 -0.133663
3.300000 -0.132006
3.310000 -0.130402
3.320000 -0.128851
3.330000 -0.127351
3.340000 -0.125902
3.350000 -0.124503
3.360000 -0.123153
3.370000 -0.121851
3.380000 -0.120596
3.390000 -0.119389
3.400000 -0.118227
3.410000 -0.117110
3.420000 -0.116037
3.430000 -0.115008
3.440000 -0.114021
3.450000 -0.113077
3.460000 -0.112173
3.470000 -0.111311
3.480000 -0.110488
3.490000 -0.109704
3.500000 -0.108958
3.510000 -0.108251
3.520000 -0.107580
3.530000 -0.106946
3.540000 -0.106347
3.550000 -0.105784
3.560000 -0.105256
3.570000 -0.104761
3.580000 -0.104300
3.590000 -0.103871
3.600000 -0.103475
3.610000 -0.103111
3.620000 -0.102778
3.630000 -0.102475
3.640000 -0.102203
3.650000 -0.101960
3.660000 -0.101747
3.670000 -0.101563
3.680000 -0.101407
3.690000 -0.101279
3.700000 -0.101178
3.710000 -0.101104
3.720000 -0.101058
3.730000 -0.101037
3.740000 -0.101043
3.750000 -0.101074
3.760000 -0.101131
3.770000 -0.101212
3.780000 -0.101319
3.790000 -0.101450
3.800000 -0.101605
3.810000 -0.101784
3.820000 -0.101986
3.830000 -0.102212
3.840000 -0.102461
3.850000 -0.102734
3.860000 -0.103029
3.870000 -0.103346
3.880000 -0.103686
3.890000 -0.104048
3.900000 -0.104433
3.910000 -0.104839
3.920000 -0.105268
3.930000 -0.105718
3.940000 -0.106189
3.950000 -0.106683
3.960000 -0.107197
3.970000 -0.107734
3.980000 -0.108291
3.990000 -0.108870
4.000000 -0.109471
4.010000 -0.110092
4.020000 -0.110735
4.030000 -0.111399
4.040000 -0.112085
4.050000 -0.112791
4.060000 -0.113519
4.070000 -0.114269
4.080000 -0.115039
4.090000 -0.115832
4.100000 -0.116645
4.110000 -0.117481
4.120000 -0.118338
4.130000 -0.119216
4.140000 -0.120117
4.150000 -0.121039
4.160000 -0.121984
4.170000 -0.122950
4.180000 -0.123939
4.190000 -0.124951
4.200000 -0.125984
4.210000 -0.127041
4.220000 -0.128120
4.230000 -0.129222
4.240000 -0.130348
4.250000 -0.131497
4.260000 -0.132669
4.270000 -0.133864
4.280000 -0.135084
4.290000 -0.136327
4.300000 -0.137595
4.310000 -0.138887
4.320000 -0.140204
4.330000 -0.141545
4.340000 -0.142911
4.350000 -0.144303
4.360000 -0.145719
4.370000 -0.147162
4.380000 -0.148630
4.390000 -0.150124
4.400000 -0.151644
4.410000 -0.153191
4.420000 -0.154764
4.430000 -0.156365
4.440000 -0.157992
4.450000 -0.159646
4.460000 -0.161329
4.470000 -0.163039
4.480000 -0.164776
4.490000 -0.166543
4.500000 -0.168337
4.510000 -0.170161
4.520000 -0.172013
4.530000 -0.173894
4.540000 -0.175805
4.550000 -0.177745
4.560000 -0.179715
4.570000 -0.181716
4.580000 -0.183746
4.590000 -0.185807
4.600000 -0.187899
4.610000 -0.190022
4.620000 -0.192176
4.630000 -0.194361
4.640000 -0.196578
4.650000 -0.198827
4.660000 -0.201107
4.670000 -0.203421
4.680000 -0.205766
4.690000 -0.208144
4.700000 -0.210555
4.710000 -0.212999
4.720000 -0.215476
4.730000 -0.217987
4.740000 -0.220531
4.750000 -0.223109
4.760000 -0.225721
4.770000 -0.228367
4.780000 -0.231047
4.790000 -0.233762
4.800000 -0.236511
4.810000 -0.239295
4.820000 -0.242114
4.830000 -0.244967
4.840000 -0.247856
4.850000 -0.250780
4.860000 -0.253739
4.870000 -0.256733
4.880000 -0.259763
4.890000 -0.262828
4.900000 -0.265929
4.910000 -0.269066
4.920000 -0.272238
4.930000 -0.275445
4.940000 -0.278688
4.950000 -0.281967
4.960000 -0.285281
4.970000 -0.288631
4.980000 -0.292017
4.990000 -0.295438
5.000000 -0.298894
5.010000 -0.302385
5.020000 -0.305912
5.030000 -0.309473
5.040000 -0.313070
5.050000 -0.316701
5.060000 -0.320366
5.070000 -0.324066
5.080000 -0.327800
5.090000 -0.331567
5.100000 -0.335368
5.110000 -0.339202
5.120000 -0.343069
5.130000 -0.346969
5.140000 -0.350900
5.150000 -0.354864
5.160000 -0.358858
5.170000 -0.362883
5.180000 -0.366939
5.190000 -0.371024
5.200000 -0.375138
5.210000 -0.379281
5.220000 -0.383452
5.230000 -0.387651
5.240000 -0.391876
5.250000 -0.396127
5.260000 -0.400403
5.270000 -0.404703
5.280000 -0.409027
5.290000 -0.413373
5.300000 -0.417742
5.310000 -0.422131
5.320000 -0.426540
5.330000 -0.430967
5.340000 -0.435412
5.350000 -0.439874
5.360000 -0.444351
5.370000 -0.448843
5.380000 -0.453347
5.390000 -0.457863
5.400000 -0.462389
5.410000 -0.466925
5.420000 -0.471467
5.430000 -0.476016
5.440000 -0.480569
5.450000 -0.485125
5.460000 -0.489682
5.470000 -0.494239
5.480000 -0.498793
5.490000 -0.503344
5.500000 -0.507889
5.510000 -0.512426
5.520000 -0.516953
5.530000 -0.521469
5.540000 -0.525971
5.550000 -0.530457
5.560000 -0.534925
5.570000 -0.539373
5.580000 -0.543799
5.590000 -0.548200
5.600000 -0.552574
5.610000 -0.556918
5.620000 -0.561231
5.630000 -0.565509
5.640000 -0.569749
5.650000 -0.573951
5.660000 -0.578109
5.670000 -0.582223
5.680000 -0.586289
5.690000 -0.590304
5.700000 -0.594266
5.710000 -0.598171
5.720000 -0.602016
5.730000 -0.605799
5.740000 -0.609517
5.750000 -0.613166
5.760000 -0.616743
5.770000 -0.620245
5.780000 -0.623668
5.790000 -0.627011
5.800000 -0.630268
5.810000 -0.633437
5.820000 -0.636515
5.830000 -0.639497
5.840000 -0.642381
5.850000 -0.645164
5.860000 -0.647840
5.870000 -0.650408
5.880000 -0.652863
5.890000 -0.655202
5.900000 -0.657421
5.910000 -0.659516
5.920000 -0.661485
5.930000 -0.663323
5.940000 -0.665026
5.950000 -0.666591
5.960000 -0.668014
5.970000 -0.669292
5.980000 -0.670420
5.990000 -0.671396
6.000000 -0.672215
6.010000 -0.672873
6.020000 -0.673367
6.030000 -0.673693
6.040000 -0.673848
6.050000 -0.673828
6.060000 -0.673629
6.070000 -0.673247
6.080000 -0.672680
6.090000 -0.671922
6.100000 -0.670972
6.110000 -0.669825
6.120000 -0.668478
6.130000 -0.666927
6.140000 -0.665169
6.150000 -0.663200
6.160000 -0.661019
6.170000 -0.658620
6.180000 -0.656001
6.190000 -0.653159
6.200000 -0.650090
6.210000 -0.646792
6.220000 -0.643262
6.230000 -0.639497
6.240000 -0.635494
6.250000 -0.631250
6.260000 -0.626763
6.270000 -0.622030
6.280000 -0.617049
6.290000 -0.611817
6.300000 -0.606332
6.310000 -0.600592
6.320000 -0.594595
6.330000 -0.588338
6.340000 -0.581821
6.350000 -0.575040
6.360000 -0.567995
6.370000 -0.560684
6.380000 -0.553105
6.390000 -0.545258
6.400000 -0.537141
6.410000 -0.528753
6.420000 -0.520092
6.430000 -0.511160
6.440000 -0.501953
6.450000 -0.492473
6.460000 -0.482719
6.470000 -0.472690
6.480000 -0.462386
6.490000 -0.451808
6.500000 -0.440955
6.510000 -0.429828
6.520000 -0.418428
6.530000 -0.406754
6.540000 -0.394809
6.550000 -0.382592
6.560000 -0.370105
6.570000 -0.357349
6.580000 -0.344326
6.590000 -0.331036
6.600000 -0.317483
6.610000 -0.303667
6.620000 -0.289591
6.630000 -0.275257
6.640000 -0.260668
6.650000 -0.245825
6.660000 -0.230732
6.670000 -0.215391
6.680000 -0.199806
6.690000 -0.183979
6.700000 -0.167914
6.710000 -0.151615
6.720000 -0.135085
6.730000 -0.118329
6.740000 -0.101349
6.750000 -0.084150
6.760000 -0.066737
6.770000 -0.049114
6.780000 -0.031285
6.790000 -0.013256
6.800000 0.004969
6.810000 0.023385
6.820000 0.041987
6.830000 0.060768
6.840000 0.079724
6.850000 0.098849
6.860000 0.118137
6.870000 0.137582
6.880000 0.157179
6.890000 0.176921
6.900000 0.196801
6.910000 0.216814
6.920000 0.236952
6.930000 0.257210
6.940000 0.277579
6.950000 0.298054
6.960000 0.318628
6.970000 0.339293
6.980000 0.360041
6.990000 0.380867
7.000000 0.401762
7.010000 0.422719
7.020000 0.443730
7.030000 0.464787
7.040000 0.485884
7.050000 0.507012
7.060000 0.528163
7.070000 0.549330
7.080000 0.570504
7.090000 0.591677
7.100000 0.612842
7.110000 0.633990
7.120000 0.655113
7.130000 0.676203
7.140000 0.697251
7.150000 0.718250
7.160000 0.739191
7.170000 0.760066
7.180000 0.780867
7.190000 0.801585
7.200000 0.822212
7.210000 0.842740
7.220000 0.863161
7.230000 0.883466
7.240000 0.903647
7.250000 0.923696
7.260000 0.943605
7.270000 0.963366
7.280000 0.982970
7.290000 1.002410
7.300000 1.021678
7.310000 1.040766
7.320000 1.059666
7.330000 1.078370
7.340000 1.096870
7.350000 1.115160
7.360000 1.133231
7.370000 1.151076
7.380000 1.168688
7.390000 1.186059
7.400000 1.203183
7.410000 1.220052
7.420000 1.236660
7.430000 1.252999
7.440000 1.269063
7.450000 1.284845
7.460000 1.300340
7.470000 1.315540
7.480000 1.330440
7.490000 1.345034
7.500000 1.359315
7.510000 1.373278
7.520000 1.386917
7.530000 1.400228
7.540000 1.413205
7.550000 1.425842
7.560000 1.438135
7.570000 1.450079
7.580000 1.461670
7.590000 1.472903
7.600000 1.483773
7.610000 1.494278
7.620000 1.504413
7.630000 1.514173
7.640000 1.523557
7.650000 1.532560
7.660000 1.541180
7.670000 1.549413
7.680000 1.557257
7.690000 1.564709
7.700000 1.571767
7.710000 1.578428
7.720000 1.584691
7.730000 1.590555
7.740000 1.596016
7.750000 1.601075
7.760000 1.605730
7.770000 1.609979
7.780000 1.613823
7.790000 1.617261
7.800000 1.620291
7.810000 1.622915
7.820000 1.625132
7.830000 1.626942
7.840000 1.628346
7.850000 1.629344
7.860000 1.629937
7.870000 1.630127
7.880000 1.629914
7.890000 1.629299
7.900000 1.628285
7.910000 1.626874
7.920000 1.625066
7.930000 1.622864
7.940000 1.620271
7.950000 1.617289
7.960000 1.613920
7.970000 1.610169
7.980000 1.606036
7.990000 1.601526
8.000000 1.596643
8.010000 1.591389
8.020000 1.585768
8.030000 1.579784
8.040000 1.573441
8.050000 1.566744
8.060000 1.559696
8.070000 1.552301
8.080000 1.544566
8.090000 1.536493
8.100000 1.528089
8.110000 1.519357
8.120000 1.510304
8.130000 1.500934
8.140000 1.491252
8.150000 1.481265
8.160000 1.470977
8.170000 1.460395
8.180000 1.449524
8.190000 1.438370
8.200000 1.426938
8.210000 1.415236
8.220000 1.403269
8.230000 1.391043
8.240000 1.378565
8.250000 1.365841
8.260000 1.352877
8.270000 1.339681
8.280000 1.326258
8.290000 1.312615
8.300000 1.298759
8.310000 1.284697
8.320000 1.270435
8.330000 1.255980
8.340000 1.241339
8.350000 1.226519
8.360000 1.211526
8.370000 1.196368
8.380000 1.181052
8.390000 1.165584
8.400000 1.149972
8.410000 1.134222
8.420000 1.118342
8.430000 1.102338
8.440000 1.086217
8.450000 1.069986
8.460000 1.053652
8.470000 1.037222
8.480000 1.020704
8.490000 1.004102
8.500000 0.987426
8.510000 0.970681
8.520000 0.953873
8.530000 0.937011
8.540000 0.920099
8.550000 0.903146
8.560000 0.886158
8.570000 0.869140
8.580000 0.852100
8.590000 0.835044
8.600000 0.817977
8.610000 0.800908
8.620000 0.783841
8.630000 0.766782
8.640000 0.749739
8.650000 0.732716
8.660000 0.715719
8.670000 0.698755
8.680000 0.681829
8.690000 0.664947
8.700000 0.648114
8.710000 0.631335
8.720000 0.614616
8.730000 0.597963
8.740000 0.581380
8.750000 0.564872
8.760000 0.548445
8.770000 0.532102
8.780000 0.515850
8.790000 0.499692
8.800000 0.483633
8.810000 0.467678
8.820000 0.451830
8.830000 0.436095
8.840000 0.420475
8.850000 0.404976
8.860000 0.389601
8.870000 0.374353
8.880000 0.359236
8.890000 0.344255
8.900000 0.329412
8.910000 0.314710
8.920000 0.300153
8.930000 0.285744
8.940000 0.271485
8.950000 0.257380
8.960000 0.243432
8.970000 0.229642
8.980000 0.216014
8.990000 0.202550
9.000000 0.189251
9.010000 0.176121
9.020000 0.163161
9.030000 0.150374
9.040000 0.137760
9.050000 0.125322
9.060000 0.113062
9.070000 0.100980
9.080000 0.089079
9.090000 0.077358
9.100000 0.065821
9.110000 0.054467
9.120000 0.043298
9.130000 0.032315
9.140000 0.021517
9.150000 0.010907
9.160000 0.000484
9.170000 -0.009751
9.180000 -0.019797
9.190000 -0.029655
9.200000 -0.039324
9.210000 -0.048805
9.220000 -0.058096
9.230000 -0.067199
9.240000 -0.076113
9.250000 -0.084839
9.260000 -0.093377
9.270000 -0.101727
9.280000 -0.109891
9.290000 -0.117867
9.300000 -0.125658
9.310000 -0.133264
9.320000 -0.140686
9.330000 -0.147924
9.340000 -0.154980
9.350000 -0.161854
9.360000 -0.168548
9.370000 -0.175063
9.380000 -0.181400
9.390000 -0.187560
9.400000 -0.193545
9.410000 -0.199355
9.420000 -0.204993
9.430000 -0.210460
9.440000 -0.215757
9.450000 -0.220886
9.460000 -0.225848
9.470000 -0.230646
9.480000 -0.235280
9.490000 -0.239753
9.500000 -0.244067
9.510000 -0.248223
9.520000 -0.252223
9.530000 -0.256069
9.540000 -0.259763
9.550000 -0.263307
9.560000 -0.266703
9.570000 -0.269952
9.580000 -0.273058
9.590000 -0.276021
9.600000 -0.278845
9.610000 -0.281530
9.620000 -0.284080
9.630000 -0.286496
9.640000 -0.288781
9.650000 -0.290936
9.660000 -0.292964
9.670000 -0.294866
9.680000 -0.296646
9.690000 -0.298306
9.700000 -0.299847
9.710000 -0.301271
9.720000 -0.302581
9.730000 -0.303780
9.740000 -0.304869
9.750000 -0.305850
9.760000 -0.306726
9.770000 -0.307498
9.780000 -0.308170
9.790000 -0.308743
9.800000 -0.309220
9.810000 -0.309602
9.820000 -0.309891
9.830000 -0.310091
9.840000 -0.310202
9.850000 -0.310228
9.860000 -0.310170
9.870000 -0.310030
9.880000 -0.309811
9.890000 -0.309513
9.900000 -0.309141
9.910000 -0.308695
9.920000 -0.308177
9.930000 -0.307590
9.940000 -0.306935
9.950000 -0.306215
9.960000 -0.305431
9.970000 -0.304585
9.980000 -0.303679
9.990000 -0.302715
10.000000 -0.301695
10.010000 -0.300620
10.020000 -0.299493
10.030000 -0.298315
10.040000 -0.297087
10.050000 -0.295813
10.060000 -0.294492
10.070000 -0.293127
10.080000 -0.291720
10.090000 -0.290272
10.100000 -0.288784
10.110000 -0.287259
10.120000 -0.285697
10.130000 -0.284101
10.140000 -0.282471
10.150000 -0.280809
10.160000 -0.279117
10.170000 -0.277395
10.180000 -0.275646
10.190000 -0.273870
10.200000 -0.272069
10.210000 -0.270244
10.220000 -0.268397
10.230000 -0.266528
10.240000 -0.264638
10.250000 -0.262730
10.260000 -0.260803
10.270000 -0.258859
10.280000 -0.256900
10.290000 -0.254925
10.300000 -0.252937
10.310000 -0.250936
10.320000 -0.248922
10.330000 -0.246898
10.340000 -0.244864
10.350000 -0.242820
10.360000 -0.240768
10.370000 -0.238708
10.380000 -0.236642
10.390000 -0.234569
10.400000 -0.232491
10.410000 -0.230409
10.420000 -0.228323
10.430000 -0.226233
10.440000 -0.224141
10.450000 -0.222047
10.460000 -0.219952
10.470000 -0.217856
10.480000 -0.215760
10.490000 -0.213664
10.500000 -0.211569
10.510000 -0.209475
10.520000 -0.207383
10.530000 -0.205294
10.540000 -0.203207
10.550000 -0.201123
10.560000 -0.199043
10.570000 -0.196966
10.580000 -0.194894
10.590000 -0.192827
10.600000 -0.190764
10.610000 -0.188707
10.620000 -0.186655
10.630000 -0.184609
10.640000 -0.182569
10.650000 -0.180535
10.660000 -0.178508
10.670000 -0.176488
10.680000 -0.174475
10.690000 -0.172469
10.700000 -0.170471
10.710000 -0.168480
10.720000 -0.166497
10.730000 -0.164522
10.740000 -0.162555
10.750000 -0.160596
10.760000 -0.158646
10.770000 -0.156704
10.780000 -0.154771
10.790000 -0.152846
10.800000 -0.150930
10.810000 -0.149024
10.820000 -0.147126
10.830000 -0.145237
10.840000 -0.143358
10.850000 -0.141488
10.860000 -0.139627
10.870000 -0.137776
10.880000 -0.135935
10.890000 -0.134103
10.900000 -0.132280
10.910000 -0.130468
10.920000 -0.128665
10.930000 -0.126873
10.940000 -0.125090
10.950000 -0.123317
10.960000 -0.121555
10.970000 -0.119803
10.980000 -0.118061
10.990000 -0.116330
11.000000 -0.114609
11.010000 -0.112898
11.020000 -0.111199
11.030000 -0.109510
11.040000 -0.107832
11.050000 -0.106165
11.060000 -0.104509
11.070000 -0.102864
11.080000 -0.101231
11.090000 -0.099609
11.100000 -0.097999
11.110000 -0.096401
11.120000 -0.094814
11.130000 -0.093240
11.140000 -0.091678
11.150000 -0.090128
11.160000 -0.088591
11.170000 -0.087067
11.180000 -0.085556
11.190000 -0.084058
11.200000 -0.082574
11.210000 -0.081103
11.220000 -0.079646
11.230000 -0.078204
11.240000 -0.076775
11.250000 -0.075362
11.260000 -0.073963
11.270000 -0.072580
11.280000 -0.071212
11.290000 -0.069860
11.300000 -0.068525
11.310000 -0.067205
11.320000 -0.065903
11.330000 -0.064618
11.340000 -0.063350
11.350000 -0.062100
11.360000 -0.060868
11.370000 -0.059655
11.380000 -0.058461
11.390000 -0.057287
11.400000 -0.056132
11.410000 -0.054998
11.420000 -0.053884
11.430000 -0.052791
11.440000 -0.051720
11.450000 -0.050670
11.460000 -0.049644
11.470000 -0.048640
11.480000 -0.047659
11.490000 -0.046702
11.500000 -0.045770
11.510000 -0.044862
11.520000 -0.043980
11.530000 -0.043124
11.540000 -0.042294
11.550000 -0.041490
11.560000 -0.040715
11.570000 -0.039967
11.580000 -0.039247
11.590000 -0.038557
11.600000 -0.037896
11.610000 -0.037265
11.620000 -0.036664
11.630000 -0.036095
11.640000 -0.035557
11.650000 -0.035052
11.660000 -0.034579
11.670000 -0.034140
11.680000 -0.033734
11.690000 -0.033363
11.700000 -0.033026
11.710000 -0.032725
11.720000 -0.032460
11.730000 -0.032232
11.740000 -0.032040
11.750000 -0.031887
11.760000 -0.031771
11.770000 -0.031694
11.780000 -0.031656
11.790000 -0.031657
11.800000 -0.031699
11.810000 -0.031781
11.820000 -0.031904
11.830000 -0.032069
11.840000 -0.032276
11.850000 -0.032525
11.860000 -0.032817
11.870000 -0.033152
11.880000 -0.033532
11.890000 -0.033955
11.900000 -0.034423
11.910000 -0.034936
11.920000 -0.035494
11.930000 -0.036097
11.940000 -0.036747
11.950000 -0.037443
11.960000 -0.038185
11.970000 -0.038975
11.980000 -0.039811
11.990000 -0.040695
12.000000 -0.041627
12.010000 -0.042607
12.020000 -0.043634
12.030000 -0.044710
12.040000 -0.045835
12.050000 -0.047008
12.060000 -0.048229
12.070000 -0.049500
12.080000 -0.050819
12.090000 -0.052187
12.100000 -0.053604
12.110000 -0.055070
12.120000 -0.056585
12.130000 -0.058149
12.140000 -0.059762
12.150000 -0.061424
12.160000 -0.063134
12.170000 -0.064893
12.180000 -0.066701
12.190000 -0.068557
12.200000 -0.070460
12.210000 -0.072412
12.220000 -0.074411
12.230000 -0.076457
12.240000 -0.078551
12.250000 -0.080691
12.260000 -0.082877
12.270000 -0.085109
12.280000 -0.087387
12.290000 -0.089710
12.300000 -0.092077
12.310000 -0.094488
12.320000 -0.096944
12.330000 -0.099442
12.340000 -0.101982
12.350000 -0.104565
12.360000 -0.107189
12.370000 -0.109854
12.380000 -0.112558
12.390000 -0.115302
12.400000 -0.118084
12.410000 -0.120905
12.420000 -0.123762
12.430000 -0.126656
12.440000 -0.129585
12.450000 -0.132549
12.460000 -0.135546
12.470000 -0.138576
12.480000 -0.141639
12.490000 -0.144732
12.500000 -0.147855
12.510000 -0.151008
12.520000 -0.154189
12.530000 -0.157396
12.540000 -0.160630
12.550000 -0.163889
12.560000 -0.167171
12.570000 -0.170477
12.580000 -0.173804
12.590000 -0.177151
12.600000 -0.180518
12.610000 -0.183903
12.620000 -0.187305
12.630000 -0.190723
12.640000 -0.194156
12.650000 -0.197602
12.660000 -0.201060
12.670000 -0.204528
12.680000 -0.208007
12.690000 -0.211493
12.700000 -0.214987
12.710000 -0.218486
12.720000 -0.221989
12.730000 -0.225496
12.740000 -0.229004
12.750000 -0.232513
12.760000 -0.236020
12.770000 -0.239525
12.780000 -0.243026
12.790000 -0.246522
12.800000 -0.250012
12.810000 -0.253494
12.820000 -0.256966
12.830000 -0.260428
12.840000 -0.263877
12.850000 -0.267314
12.860000 -0.270735
12.870000 -0.274140
12.880000 -0.277528
12.890000 -0.280896
12.900000 -0.284244
12.910000 -0.287571
12.920000 -0.290874
12.930000 -0.294153
12.940000 -0.297405
12.950000 -0.300631
12.960000 -0.303828
12.970000 -0.306995
12.980000 -0.310131
12.990000 -0.313234
13.000000 -0.316304
13.010000 -0.319338
13.020000 -0.322336
13.030000 -0.325296
13.040000 -0.328217
13.050000 -0.331098
13.060000 -0.333938
13.070000 -0.336734
13.080000 -0.339487
13.090000 -0.342195
13.100000 -0.344857
13.110000 -0.347471
13.120000 -0.350036
13.130000 -0.352552
13.140000 -0.355017
13.150000 -0.357431
13.160000 -0.359791
13.170000 -0.362098
13.180000 -0.364350
13.190000 -0.366546
13.200000 -0.368685
13.210000 -0.370766
13.220000 -0.372788
13.230000 -0.374751
13.240000 -0.376653
13.250000 -0.378494
13.260000 -0.380273
13.270000 -0.381989
13.280000 -0.383641
13.290000 -0.385228
13.300000 -0.386750
13.310000 -0.388207
13.320000 -0.389597
13.330000 -0.390919
13.340000 -0.392174
13.350000 -0.393360
13.360000 -0.394478
13.370000 -0.395526
13.380000 -0.396504
13.390000 -0.397411
13.400000 -0.398248
13.410000 -0.399013
13.420000 -0.399706
13.430000 -0.400328
13.440000 -0.400877
13.450000 -0.401354
13.460000 -0.401757
13.470000 -0.402087
13.480000 -0.402344
13.490000 -0.402528
13.500000 -0.402637
13.510000 -0.402673
13.520000 -0.402635
13.530000 -0.402523
13.540000 -0.402337
13.550000 -0.402076
13.560000 -0.401742
13.570000 -0.401334
13.580000 -0.400852
13.590000 -0.400296
13.600000 -0.399666
13.610000 -0.398963
13.620000 -0.398187
13.630000 -0.397337
13.640000 -0.396415
13.650000 -0.395420
13.660000 -0.394353
13.670000 -0.393214
13.680000 -0.392004
13.690000 -0.390722
13.700000 -0.389369
13.710000 -0.387946
13.720000 -0.386453
13.730000 -0.384891
13.740000 -0.383260
13.750000 -0.381560
13.760000 -0.379792
13.770000 -0.377957
13.780000 -0.376056
13.790000 -0.374088
13.800000 -0.372055
13.810000 -0.369957
13.820000 -0.367795
13.830000 -0.365570
13.840000 -0.363282
13.850000 -0.360932
13.860000 -0.358520
13.870000 -0.356049
13.880000 -0.353518
13.890000 -0.350928
13.900000 -0.348280
13.910000 -0.345575
13.920000 -0.342814
13.930000 -0.339997
13.940000 -0.337127
13.950000 -0.334202
13.960000 -0.331225
13.970000 -0.328197
13.980000 -0.325117
13.990000 -0.321988
14.000000 -0.318811
14.010000 -0.315585
14.020000 -0.312313
14.030000 -0.308995
14.040000 -0.305633
14.050000 -0.302227
14.060000 -0.298778
14.070000 -0.295288
14.080000 -0.291757
14.090000 -0.288187
14.100000 -0.284579
14.110000 -0.280933
14.120000 -0.277251
14.130000 -0.273535
14.140000 -0.269784
14.150000 -0.266001
14.160000 -0.262186
14.170000 -0.258341
14.180000 -0.254466
14.190000 -0.250563
14.200000 -0.246632
14.210000 -0.242676
14.220000 -0.238695
14.230000 -0.234690
14.240000 -0.230663
14.250000 -0.226614
14.260000 -0.222545
14.270000 -0.218457
14.280000 -0.214351
14.290000 -0.210228
14.300000 -0.206089
14.310000 -0.201936
14.320000 -0.197769
14.330000 -0.193589
14.340000 -0.189399
14.350000 -0.185198
14.360000 -0.180989
14.370000 -0.176772
14.380000 -0.172548
14.390000 -0.168318
14.400000 -0.164084
14.410000 -0.159846
14.420000 -0.155606
14.430000 -0.151364
14.440000 -0.147123
14.450000 -0.142882
14.460000 -0.138643
14.470000 -0.134407
14.480000 -0.130175
14.490000 -0.125948
14.500000 -0.121727
14.510000 -0.117514
14.520000 -0.113308
14.530000 -0.109111
14.540000 -0.104924
14.550000 -0.100748
14.560000 -0.096584
14.570000 -0.092433
14.580000 -0.088296
14.590000 -0.084174
14.600000 -0.080067
14.610000 -0.075976
14.620000 -0.071903
14.630000 -0.067849
14.640000 -0.063813
14.650000 -0.059798
14.660000 -0.055803
14.670000 -0.051830
14.680000 -0.047880
14.690000 -0.043952
14.700000 -0.040049
14.710000 -0.036171
14.720000 -0.032318
14.730000 -0.028491
14.740000 -0.024691
14.750000 -0.020919
14.760000 -0.017176
14.770000 -0.013461
14.780000 -0.009776
14.790000 -0.006122
14.800000 -0.002498
14.810000 0.001093
14.820000 0.004653
14.830000 0.008180
14.840000 0.011674
14.850000 0.015134
14.860000 0.018559
14.870000 0.021950
14.880000 0.025305
14.890000 0.028624
14.900000 0.031906
14.910000 0.035152
14.920000 0.038361
14.930000 0.041532
14.940000 0.044665
14.950000 0.047760
14.960000 0.050815
14.970000 0.053832
14.980000 0.056809
14.990000 0.059746
15.000000 0.062643
15.010000 0.065499
15.020000 0.068315
15.030000 0.071090
15.040000 0.073823
15.050000 0.076515
15.060000 0.079166
15.070000 0.081774
15.080000 0.084341
15.090000 0.086865
15.100000 0.089347
15.110000 0.091787
15.120000 0.094184
15.130000 0.096538
15.140000 0.098849
15.150000 0.101118
15.160000 0.103343
15.170000 0.105526
15.180000 0.107665
15.190000 0.109762
15.200000 0.111815
15.210000 0.113826
15.220000 0.115793
15.230000 0.117717
15.240000 0.119599
15.250000 0.121437
15.260000 0.123233
15.270000 0.124986
15.280000 0.126696
15.290000 0.128364
15.300000 0.129989
15.310000 0.131572
15.320000 0.133113
15.330000 0.134612
15.340000 0.136069
15.350000 0.137484
15.360000 0.138858
15.370000 0.140191
15.380000 0.141483
15.390000 0.142734
15.400000 0.143944
15.410000 0.145114
15.420000 0.146244
15.430000 0.147334
15.440000 0.148384
15.450000 0.149395
15.460000 0.150367
15.470000 0.151300
15.480000 0.152195
15.490000 0.153051
15.500000 0.153870
15.510000 0.154651
15.520000 0.155395
15.530000 0.156102
15.540000 0.156773
15.550000 0.157407
15.560000 0.158005
15.570000 0.158568
15.580000 0.159096
15.590000 0.159589
15.600000 0.160048
15.610000 0.160473
15.620000 0.160864
15.630000 0.161221
15.640000 0.161546
15.650000 0.161839
15.660000 0.162099
15.670000 0.162327
15.680000 0.162525
15.690000 0.162691
15.700000 0.162827
15.710000 0.162933
15.720000 0.163009
15.730000 0.163056
15.740000 0.163074
15.750000 0.163064
15.760000 0.163026
15.770000 0.162960
15.780000 0.162867
15.790000 0.162747
15.800000 0.162601
15.810000 0.162429
15.820000 0.162232
15.830000 0.162009
15.840000 0.161762
15.850000 0.161491
15.860000 0.161196
15.870000 0.160878
15.880000 0.160537
15.890000 0.160173
15.900000 0.159787
15.910000 0.159380
15.920000 0.158951
15.930000 0.158502
15.940000 0.158032
15.950000 0.157542
15.960000 0.157032
15.970000 0.156504
15.980000 0.155956
15.990000 0.155390
16.000000 0.154806
16.010000 0.154205
16.020000 0.153586
16.030000 0.152951
16.040000 0.152299
16.050000 0.151632
16.060000 0.150948
16.070000 0.150250
16.080000 0.149536
16.090000 0.148809
16.100000 0.148067
16.110000 0.147311
16.120000 0.146542
16.130000 0.145760
16.140000 0.144965
16.150000 0.144158
16.160000 0.143340
16.170000 0.142509
16.180000 0.141668
16.190000 0.140815
16.200000 0.139952
16.210000 0.139079
16.220000 0.138196
16.230000 0.137303
16.240000 0.136401
16.250000 0.135491
16.260000 0.134571
16.270000 0.133644
16.280000 0.132708
16.290000 0.131765
16.300000 0.130814
16.310000 0.129857
16.320000 0.128892
16.330000 0.127922
16.340000 0.126945
16.350000 0.125962
16.360000 0.124973
16.370000 0.123979
16.380000 0.122980
16.390000 0.121977
16.400000 0.120968
16.410000 0.119956
16.420000 0.118939
16.430000 0.117919
16.440000 0.116895
16.450000 0.115868
16.460000 0.114838
16.470000 0.113805
16.480000 0.112769
16.490000 0.111731
16.500000 0.110691
16.510000 0.109649
16.520000 0.108606
16.530000 0.107561
16.540000 0.106515
16.550000 0.105468
16.560000 0.104420
16.570000 0.103372
16.580000 0.102323
16.590000 0.101274
16.600000 0.100225
16.610000 0.099177
16.620000 0.098129
16.630000 0.097081
16.640000 0.096035
16.650000 0.094989
16.660000 0.093944
16.670000 0.092901
16.680000 0.091860
16.690000 0.090820
16.700000 0.089782
16.710000 0.088746
16.720000 0.087713
16.730000 0.086682
16.740000 0.085653
16.750000 0.084628
16.760000 0.083605
16.770000 0.082586
16.780000 0.081569
16.790000 0.080556
16.800000 0.079547
16.810000 0.078542
16.820000 0.077540
16.830000 0.076543
16.840000 0.075550
16.850000 0.074561
16.860000 0.073577
16.870000 0.072597
16.880000 0.071623
16.890000 0.070653
16.900000 0.069689
16.910000 0.068729
16.920000 0.067776
16.930000 0.066828
16.940000 0.065885
16.950000 0.064949
16.960000 0.064018
16.970000 0.063094
16.980000 0.062176
16.990000 0.061265
17.000000 0.060360
17.010000 0.059462
17.020000 0.058571
17.030000 0.057687
17.040000 0.056811
17.050000 0.055941
17.060000 0.055079
17.070000 0.054225
17.080000 0.053378
17.090000 0.052540
17.100000 0.051709
17.110000 0.050886
17.120000 0.050072
17.130000 0.049267
17.140000 0.048470
17.150000 0.047681
17.160000 0.046902
17.170000 0.046132
17.180000 0.045371
17.190000 0.044619
17.200000 0.043876
17.210000 0.043144
17.220000 0.042421
17.230000 0.041708
17.240000 0.041004
17.250000 0.040311
17.260000 0.039629
17.270000 0.038957
17.280000 0.038295
17.290000 0.037644
17.300000 0.037004
17.310000 0.036375
17.320000 0.035757
17.330000 0.035150
17.340000 0.034555
17.350000 0.033972
17.360000 0.033400
17.370000 0.032840
17.380000 0.032292
17.390000 0.031756
17.400000 0.031233
17.410000 0.030722
17.420000 0.030223
17.430000 0.029738
17.440000 0.029265
17.450000 0.028805
17.460000 0.028359
17.470000 0.027925
17.480000 0.027506
17.490000 0.027100
17.500000 0.026707
17.510000 0.026329
17.520000 0.025965
17.530000 0.025615
17.540000 0.025280
17.550000 0.024959
17.560000 0.024653
17.570000 0.024361
17.580000 0.024085
17.590000 0.023824
17.600000 0.023579
17.610000 0.023349
17.620000 0.023134
17.630000 0.022936
17.640000 0.022754
17.650000 0.022588
17.660000 0.022438
17.670000 0.022305
17.680000 0.022189
17.690000 0.022090
17.700000 0.022008
17.710000 0.021943
17.720000 0.021896
17.730000 0.021867
17.740000 0.021856
17.750000 0.021863
17.760000 0.021888
17.770000 0.021932
17.780000 0.021994
17.790000 0.022076
17.800000 0.022177
17.810000 0.022298
17.820000 0.022438
17.830000 0.022598
17.840000 0.022778
17.850000 0.022979
17.860000 0.023200
17.870000 0.023442
17.880000 0.023706
17.890000 0.023991
17.900000 0.024298
17.910000 0.024626
17.920000 0.024977
17.930000 0.025351
17.940000 0.025747
17.950000 0.026166
17.960000 0.026609
17.970000 0.027076
17.980000 0.027566
17.990000 0.028081
18.000000 0.028621
18.010000 0.029186
18.020000 0.029776
18.030000 0.030391
18.040000 0.031033
18.050000 0.031701
18.060000 0.032396
18.070000 0.033118
18.080000 0.033867
18.090000 0.034644
18.100000 0.035449
18.110000 0.036283
18.120000 0.037146
18.130000 0.038038
18.140000 0.038960
18.150000 0.039912
18.160000 0.040895
18.170000 0.041908
18.180000 0.042953
18.190000 0.044030
18.200000 0.045139
18.210000 0.046281
18.220000 0.047456
18.230000 0.048664
18.240000 0.049906
18.250000 0.051183
18.260000 0.052494
18.270000 0.053841
18.280000 0.055223
18.290000 0.056642
18.300000 0.058097
18.310000 0.059589
18.320000 0.061119
18.330000 0.062687
18.340000 0.064293
18.350000 0.065938
18.360000 0.067623
18.370000 0.069347
18.380000 0.071111
18.390000 0.072916
18.400000 0.074762
18.410000 0.076649
18.420000 0.078579
18.430000 0.080550
18.440000 0.082565
18.450000 0.084623
18.460000 0.086724
18.470000 0.088869
18.480000 0.091058
18.490000 0.093293
18.500000 0.095572
18.510000 0.097896
18.520000 0.100267
18.530000 0.102683
18.540000 0.105146
18.550000 0.107656
18.560000 0.110212
18.570000 0.112816
18.580000 0.115468
18.590000 0.118167
18.600000 0.120914
18.610000 0.123709
18.620000 0.126553
18.630000 0.129445
18.640000 0.132386
18.650000 0.135375
18.660000 0.138414
18.670000 0.141501
18.680000 0.144638
18.690000 0.147823
18.700000 0.151058
18.710000 0.154342
18.720000 0.157674
18.730000 0.161056
18.740000 0.164486
18.750000 0.167965
18.760000 0.171493
18.770000 0.175068
18.780000 0.178692
18.790000 0.182363
18.800000 0.186082
18.810000 0.189848
18.820000 0.193661
18.830000 0.197520
18.840000 0.201425
18.850000 0.205376
18.860000 0.209371
18.870000 0.213411
18.880000 0.217494
18.890000 0.221620
18.900000 0.225789
18.910000 0.230000
18.920000 0.234251
18.930000 0.238543
18.940000 0.242874
18.950000 0.247243
18.960000 0.251650
18.970000 0.256094
18.980000 0.260572
18.990000 0.265086
19.000000 0.269632
19.010000 0.274211
19.020000 0.278821
19.030000 0.283461
19.040000 0.288129
19.050000 0.292824
19.060000 0.297545
19.070000 0.302290
19.080000 0.307058
19.090000 0.311848
19.100000 0.316657
19.110000 0.321485
19.120000 0.326329
19.130000 0.331188
19.140000 0.336060
19.150000 0.340944
19.160000 0.345837
19.170000 0.350738
19.180000 0.355645
19.190000 0.360556
19.200000 0.365469
19.210000 0.370382
19.220000 0.375292
19.230000 0.380199
19.240000 0.385098
19.250000 0.389990
19.260000 0.394871
19.270000 0.399738
19.280000 0.404591
19.290000 0.409425
19.300000 0.414240
19.310000 0.419033
19.320000 0.423801
19.330000 0.428542
19.340000 0.433253
19.350000 0.437932
19.360000 0.442576
19.370000 0.447184
19.380000 0.451752
19.390000 0.456277
19.400000 0.460758
19.410000 0.465191
19.420000 0.469575
19.430000 0.473905
19.440000 0.478181
19.450000 0.482398
19.460000 0.486554
19.470000 0.490648
19.480000 0.494675
19.490000 0.498633
19.500000 0.502520
19.510000 0.506333
19.520000 0.510069
19.530000 0.513725
19.540000 0.517300
19.550000 0.520789
19.560000 0.524191
19.570000 0.527503
19.580000 0.530722
19.590000 0.533845
19.600000 0.536870
19.610000 0.539795
19.620000 0.542617
19.630000 0.545332
19.640000 0.547940
19.650000 0.550436
19.660000 0.552820
19.670000 0.555087
19.680000 0.557237
19.690000 0.559266
19.700000 0.561173
19.710000 0.562954
19.720000 0.564608
19.730000 0.566132
19.740000 0.567525
19.750000 0.568784
19.760000 0.569907
19.770000 0.570892
19.780000 0.571738
19.790000 0.572441
19.800000 0.573001
19.810000 0.573416
19.820000 0.573683
19.830000 0.573802
19.840000 0.573770
19.850000 0.573586
19.860000 0.573249
19.870000 0.572757
19.880000 0.572109
19.890000 0.571303
19.900000 0.570338
19.910000 0.569214
19.920000 0.567928
19.930000 0.566481
19.940000 0.564871
19.950000 0.563098
19.960000 0.561160
19.970000 0.559057
19.980000 0.556789
19.990000 0.554354
20.000000 0.551753
20.010000 0.548986
20.020000 0.546051
20.030000 0.542948
20.040000 0.539679
20.050000 0.536242
20.060000 0.532638
20.070000 0.528867
20.080000 0.524929
20.090000 0.520825
20.100000 0.516555
20.110000 0.512119
20.120000 0.507519
20.130000 0.502755
20.140000 0.497827
20.150000 0.492737
20.160000 0.487485
20.170000 0.482073
20.180000 0.476502
20.190000 0.470773
20.200000 0.464888
20.210000 0.458847
20.220000 0.452652
20.230000 0.446306
20.240000 0.439809
20.250000 0.433163
20.260000 0.426371
20.270000 0.419433
20.280000 0.412353
20.290000 0.405132
20.300000 0.397773
20.310000 0.390276
20.320000 0.382646
20.330000 0.374884
20.340000 0.366993
20.350000 0.358975
20.360000 0.350834
20.370000 0.342570
20.380000 0.334188
20.390000 0.325691
20.400000 0.317080
20.410000 0.308359
20.420000 0.299531
20.430000 0.290599
20.440000 0.281567
20.450000 0.272437
20.460000 0.263212
20.470000 0.253896
20.480000 0.244492
20.490000 0.235004
20.500000 0.225435
20.510000 0.215788
20.520000 0.206067
20.530000 0.196276
20.540000 0.186418
20.550000 0.176497
20.560000 0.166515
20.570000 0.156478
20.580000 0.146389
20.590000 0.136251
20.600000 0.126069
20.610000 0.115845
20.620000 0.105584
20.630000 0.095290
20.640000 0.084966
20.650000 0.074617
20.660000 0.064245
20.670000 0.053856
20.680000 0.043452
20.690000 0.033038
20.700000 0.022618
20.710000 0.012195
20.720000 0.001773
20.730000 -0.008643
20.740000 -0.019051
20.750000 -0.029446
20.760000 -0.039825
20.770000 -0.050183
20.780000 -0.060517
20.790000 -0.070823
20.800000 -0.081098
20.810000 -0.091337
20.820000 -0.101538
20.830000 -0.111696
20.840000 -0.121808
20.850000 -0.131870
20.860000 -0.141879
20.870000 -0.151831
20.880000 -0.161723
20.890000 -0.171551
20.900000 -0.181313
20.910000 -0.191004
20.920000 -0.200621
20.930000 -0.210162
20.940000 -0.219623
20.950000 -0.229000
20.960000 -0.238292
20.970000 -0.247494
20.980000 -0.256604
20.990000 -0.265620
21.000000 -0.274537
21.010000 -0.283354
21.020000 -0.292067
21.030000 -0.300675
21.040000 -0.309174
21.050000 -0.317562
21.060000 -0.325836
21.070000 -0.333995
21.080000 -0.342035
21.090000 -0.349955
21.100000 -0.357753
21.110000 -0.365426
21.120000 -0.372972
21.130000 -0.380389
21.140000 -0.387676
21.150000 -0.394831
21.160000 -0.401852
21.170000 -0.408737
21.180000 -0.415485
21.190000 -0.422095
21.200000 -0.428564
21.210000 -0.434892
21.220000 -0.441077
21.230000 -0.447119
21.240000 -0.453015
21.250000 -0.458766
21.260000 -0.464369
21.270000 -0.469825
21.280000 -0.475132
21.290000 -0.480290
21.300000 -0.485298
21.310000 -0.490156
21.320000 -0.494862
21.330000 -0.499417
21.340000 -0.503821
21.350000 -0.508072
21.360000 -0.512172
21.370000 -0.516119
21.380000 -0.519913
21.390000 -0.523556
21.400000 -0.527046
21.410000 -0.530384
21.420000 -0.533571
21.430000 -0.536606
21.440000 -0.539490
21.450000 -0.542223
21.460000 -0.544807
21.470000 -0.547240
21.480000 -0.549525
21.490000 -0.551662
21.500000 -0.553651
21.510000 -0.555494
21.520000 -0.557191
21.530000 -0.558743
21.540000 -0.560152
21.550000 -0.561418
21.560000 -0.562542
21.570000 -0.563526
21.580000 -0.564370
21.590000 -0.565077
21.600000 -0.565647
21.610000 -0.566082
21.620000 -0.566383
21.630000 -0.566551
21.640000 -0.566589
21.650000 -0.566497
21.660000 -0.566278
21.670000 -0.565932
21.680000 -0.565462
21.690000 -0.564869
21.700000 -0.564155
21.710000 -0.563322
21.720000 -0.562371
21.730000 -0.561305
21.740000 -0.560125
21.750000 -0.558833
21.760000 -0.557431
21.770000 -0.555920
21.780000 -0.554304
21.790000 -0.552583
21.800000 -0.550761
21.810000 -0.548838
21.820000 -0.546817
21.830000 -0.544700
21.840000 -0.542489
21.850000 -0.540186
21.860000 -0.537794
21.870000 -0.535313
21.880000 -0.532747
21.890000 -0.530098
21.900000 -0.527367
21.910000 -0.524557
21.920000 -0.521670
21.930000 -0.518708
21.940000 -0.515673
21.950000 -0.512567
21.960000 -0.509393
21.970000 -0.506153
21.980000 -0.502848
21.990000 -0.499481
22.000000 -0.496054
22.010000 -0.492569
22.020000 -0.489029
22.030000 -0.485434
22.040000 -0.481788
22.050000 -0.478093
22.060000 -0.474350
22.070000 -0.470561
22.080000 -0.466730
22.090000 -0.462856
22.100000 -0.458944
22.110000 -0.454994
22.120000 -0.451009
22.130000 -0.446990
22.140000 -0.442940
22.150000 -0.438860
22.160000 -0.434753
22.170000 -0.430620
22.180000 -0.426463
22.190000 -0.422283
22.200000 -0.418084
22.210000 -0.413866
22.220000 -0.409631
22.230000 -0.405381
22.240000 -0.401118
22.250000 -0.396843
22.260000 -0.392558
22.270000 -0.388265
22.280000 -0.383965
22.290000 -0.379660
22.300000 -0.375351
22.310000 -0.371041
22.320000 -0.366729
22.330000 -0.362419
22.340000 -0.358111
22.350000 -0.353807
22.360000 -0.349507
22.370000 -0.345215
22.380000 -0.340930
22.390000 -0.336654
22.400000 -0.332388
22.410000 -0.328134
22.420000 -0.323893
22.430000 -0.319666
22.440000 -0.315454
22.450000 -0.311258
22.460000 -0.307079
22.470000 -0.302919
22.480000 -0.298777
22.490000 -0.294657
22.500000 -0.290557
22.510000 -0.286480
22.520000 -0.282426
22.530000 -0.278396
22.540000 -0.274390
22.550000 -0.270410
22.560000 -0.266457
22.570000 -0.262531
22.580000 -0.258633
22.590000 -0.254763
22.600000 -0.250923
22.610000 -0.247112
22.620000 -0.243332
22.630000 -0.239583
22.640000 -0.235866
22.650000 -0.232181
22.660000 -0.228529
22.670000 -0.224909
22.680000 -0.221324
22.690000 -0.217772
22.700000 -0.214255
22.710000 -0.210773
22.720000 -0.207325
22.730000 -0.203914
22.740000 -0.200538
22.750000 -0.197198
22.760000 -0.193894
22.770000 -0.190627
22.780000 -0.187397
22.790000 -0.184204
22.800000 -0.181048
22.810000 -0.177929
22.820000 -0.174847
22.830000 -0.171803
22.840000 -0.168796
22.850000 -0.165827
22.860000 -0.162896
22.870000 -0.160002
22.880000 -0.157147
22.890000 -0.154328
22.900000 -0.151548
22.910000 -0.148805
22.920000 -0.146100
22.930000 -0.143432
22.940000 -0.140801
22.950000 -0.138208
22.960000 -0.135652
22.970000 -0.133133
22.980000 -0.130651
22.990000 -0.128205
23.000000 -0.125797
23.010000 -0.123424
23.020000 -0.121087
23.030000 -0.118787
23.040000 -0.116522
23.050000 -0.114293
23.060000 -0.112098
23.070000 -0.109939
23.080000 -0.107814
23.090000 -0.105724
23.100000 -0.103668
23.110000 -0.101646
23.120000 -0.099657
23.130000 -0.097701
23.140000 -0.095779
23.150000 -0.093888
23.160000 -0.092030
23.170000 -0.090204
23.180000 -0.088410
23.190000 -0.086646
23.200000 -0.084914
23.210000 -0.083212
23.220000 -0.081540
23.230000 -0.079897
23.240000 -0.078284
23.250000 -0.076700
23.260000 -0.075145
23.270000 -0.073618
23.280000 -0.072118
23.290000 -0.070647
23.300000 -0.069202
23.310000 -0.067783
23.320000 -0.066391
23.330000 -0.065025
23.340000 -0.063685
23.350000 -0.062369
23.360000 -0.061078
23.370000 -0.059812
23.380000 -0.058569
23.390000 -0.057350
23.400000 -0.056154
23.410000 -0.054981
23.420000 -0.053830
23.430000 -0.052701
23.440000 -0.051593
23.450000 -0.050507
23.460000 -0.049441
23.470000 -0.048396
23.480000 -0.047371
23.490000 -0.046365
23.500000 -0.045379
23.510000 -0.044412
23.520000 -0.043463
23.530000 -0.042532
23.540000 -0.041620
23.550000 -0.040724
23.560000 -0.039846
23.570000 -0.038985
23.580000 -0.038140
23.590000 -0.037311
23.600000 -0.036498
23.610000 -0.035701
23.620000 -0.034918
23.630000 -0.034151
23.640000 -0.033398
23.650000 -0.032659
23.660000 -0.031934
23.670000 -0.031223
23.680000 -0.030526
23.690000 -0.029841
23.700000 -0.029169
23.710000 -0.028510
23.720000 -0.027863
23.730000 -0.027228
23.740000 -0.026605
23.750000 -0.025993
23.760000 -0.025393
23.770000 -0.024804
23.780000 -0.024226
23.790000 -0.023659
23.800000 -0.023102
23.810000 -0.022555
23.820000 -0.022019
23.830000 -0.021492
23.840000 -0.020975
23.850000 -0.020468
23.860000 -0.019971
23.870000 -0.019482
23.880000 -0.019003
23.890000 -0.018533
23.900000 -0.018072
23.910000 -0.017620
23.920000 -0.017176
23.930000 -0.016741
23.940000 -0.016315
23.950000 -0.015897
23.960000 -0.015487
23.970000 -0.015085
23.980000 -0.014692
23.990000 -0.014307
24.000000 -0.013930
24.010000 -0.013561
24.020000 -0.013201
24.030000 -0.012848
24.040000 -0.012503
24.050000 -0.012166
24.060000 -0.011838
24.070000 -0.011517
24.080000 -0.011205
24.090000 -0.010900
24.100000 -0.010604
24.110000 -0.010316
24.120000 -0.010036
24.130000 -0.009764
24.140000 -0.009500
24.150000 -0.009245
24.160000 -0.008999
24.170000 -0.008761
24.180000 -0.008531
24.190000 -0.008311
24.200000 -0.008099
24.210000 -0.007896
24.220000 -0.007702
24.230000 -0.007518
24.240000 -0.007342
24.250000 -0.007177
24.260000 -0.007020
24.270000 -0.006874
24.280000 -0.006737
24.290000 -0.006611
24.300000 -0.006495
24.310000 -0.006389
24.320000 -0.006293
24.330000 -0.006209
24.340000 -0.006135
24.350000 -0.006073
24.360000 -0.006022
24.370000 -0.005982
24.380000 -0.005954
24.390000 -0.005938
24.400000 -0.005934
24.410000 -0.005943
24.420000 -0.005964
24.430000 -0.005998
24.440000 -0.006045
24.450000 -0.006105
24.460000 -0.006178
24.470000 -0.006265
24.480000 -0.006366
24.490000 -0.006481
24.500000 -0.006611
24.510000 -0.006755
24.520000 -0.006914
24.530000 -0.007088
24.540000 -0.007277
24.550000 -0.007482
24.560000 -0.007703
24.570000 -0.007939
24.580000 -0.008192
24.590000 -0.008461
24.600000 -0.008747
24.610000 -0.009050
24.620000 -0.009370
24.630000 -0.009707
24.640000 -0.010062
24.650000 -0.010435
24.660000 -0.010825
24.670000 -0.011234
24.680000 -0.011662
24.690000 -0.012107
24.700000 -0.012572
24.710000 -0.013056
24.720000 -0.013559
24.730000 -0.014081
24.740000 -0.014623
24.750000 -0.015184
24.760000 -0.015766
24.770000 -0.016367
24.780000 -0.016989
24.790000 -0.017630
24.800000 -0.018293
24.810000 -0.018976
24.820000 -0.019679
24.830000 -0.020403
24.840000 -0.021149
24.850000 -0.021915
24.860000 -0.022702
24.870000 -0.023510
24.880000 -0.024340
24.890000 -0.025191
24.900000 -0.026063
24.910000 -0.026956
24.920000 -0.027871
24.930000 -0.028807
24.940000 -0.029764
24.950000 -0.030743
24.960000 -0.031743
24.970000 -0.032764
24.980000 -0.033806
24.990000 -0.034869
25.000000 -0.035954
25.010000 -0.037059
25.020000 -0.038185
25.030000 -0.039332
25.040000 -0.040499
25.050000 -0.041687
25.060000 -0.042895
25.070000 -0.044122
25.080000 -0.045370
25.090000 -0.046638
25.100000 -0.047924
25.110000 -0.049230
25.120000 -0.050555
25.130000 -0.051899
25.140000 -0.053261
25.150000 -0.054641
25.160000 -0.056038
25.170000 -0.057454
25.180000 -0.058886
25.190000 -0.060335
25.200000 -0.061800
25.210000 -0.063281
25.220000 -0.064778
25.230000 -0.066290
25.240000 -0.067816
25.250000 -0.069357
25.260000 -0.070911
25.270000 -0.072479
25.280000 -0.074059
25.290000 -0.075652
25.300000 -0.077256
25.310000 -0.078871
25.320000 -0.080497
25.330000 -0.082133
25.340000 -0.083779
25.350000 -0.085433
25.360000 -0.087096
25.370000 -0.088766
25.380000 -0.090443
25.390000 -0.092126
25.400000 -0.093815
25.410000 -0.095509
25.420000 -0.097207
25.430000 -0.098908
25.440000 -0.100613
25.450000 -0.102319
25.460000 -0.104027
25.470000 -0.105735
25.480000 -0.107443
25.490000 -0.109150
25.500000 -0.110855
25.510000 -0.112558
25.520000 -0.114258
25.530000 -0.115953
25.540000 -0.117643
25.550000 -0.119328
25.560000 -0.121005
25.570000 -0.122676
25.580000 -0.124338
25.590000 -0.125990
25.600000 -0.127633
25.610000 -0.129265
25.620000 -0.130885
25.630000 -0.132492
25.640000 -0.134086
25.650000 -0.135666
25.660000 -0.137230
25.670000 -0.138778
25.680000 -0.140309
25.690000 -0.141822
25.700000 -0.143316
25.710000 -0.144791
25.720000 -0.146245
25.730000 -0.147678
25.740000 -0.149088
25.750000 -0.150475
25.760000 -0.151838
25.770000 -0.153176
25.780000 -0.154489
25.790000 -0.155774
25.800000 -0.157032
25.810000 -0.158262
25.820000 -0.159463
25.830000 -0.160633
25.840000 -0.161773
25.850000 -0.162881
25.860000 -0.163957
25.870000 -0.165000
25.880000 -0.166008
25.890000 -0.166982
25.900000 -0.167920
25.910000 -0.168822
25.920000 -0.169686
25.930000 -0.170513
25.940000 -0.171302
25.950000 -0.172051
25.960000 -0.172761
25.970000 -0.173430
25.980000 -0.174057
25.990000 -0.174643
26.000000 -0.175187
26.010000 -0.175688
26.020000 -0.176145
26.030000 -0.176557
26.040000 -0.176926
26.050000 -0.177248
26.060000 -0.177526
26.070000 -0.177757
26.080000 -0.177941
26.090000 -0.178078
26.100000 -0.178167
26.110000 -0.178209
26.120000 -0.178202
26.130000 -0.178147
26.140000 -0.178042
26.150000 -0.177888
26.160000 -0.177685
26.170000 -0.177431
26.180000 -0.177127
26.190000 -0.176773
26.200000 -0.176369
26.210000 -0.175913
26.220000 -0.175407
26.230000 -0.174850
26.240000 -0.174242
26.250000 -0.173582
26.260000 -0.172871
26.270000 -0.172109
26.280000 -0.171295
26.290000 -0.170431
26.300000 -0.169515
26.310000 -0.168548
26.320000 -0.167530
26.330000 -0.166460
26.340000 -0.165341
26.350000 -0.164170
26.360000 -0.162950
26.370000 -0.161679
26.380000 -0.160358
26.390000 -0.158987
26.400000 -0.157567
26.410000 -0.156099
26.420000 -0.154581
26.430000 -0.153015
26.440000 -0.151402
26.450000 -0.149740
26.460000 -0.148032
26.470000 -0.146277
26.480000 -0.144477
26.490000 -0.142630
26.500000 -0.140739
26.510000 -0.138803
26.520000 -0.136823
26.530000 -0.134800
26.540000 -0.132734
26.550000 -0.130627
26.560000 -0.128478
26.570000 -0.126288
26.580000 -0.124058
26.590000 -0.121789
26.600000 -0.119482
26.610000 -0.117136
26.620000 -0.114754
26.630000 -0.112336
26.640000 -0.109882
26.650000 -0.107394
26.660000 -0.104872
26.670000 -0.102317
26.680000 -0.099730
26.690000 -0.097113
26.700000 -0.094465
26.710000 -0.091787
26.720000 -0.089082
26.730000 -0.086349
26.740000 -0.083590
26.750000 -0.080805
26.760000 -0.077996
26.770000 -0.075164
26.780000 -0.072309
26.790000 -0.069432
26.800000 -0.066535
26.810000 -0.063619
26.820000 -0.060684
26.830000 -0.057732
26.840000 -0.054763
26.850000 -0.051779
26.860000 -0.048781
26.870000 -0.045770
26.880000 -0.042747
26.890000 -0.039713
26.900000 -0.036668
26.910000 -0.033615
26.920000 -0.030554
26.930000 -0.027486
26.940000 -0.024413
26.950000 -0.021334
26.960000 -0.018253
26.970000 -0.015169
26.980000 -0.012083
26.990000 -0.008997
27.000000 -0.005912
27.010000 -0.002828
27.020000 0.000252
27.030000 0.003329
27.040000 0.006401
27.050000 0.009467
27.060000 0.012526
27.070000 0.015577
27.080000 0.018619
27.090000 0.021651
27.100000 0.024672
27.110000 0.027680
27.120000 0.030676
27.130000 0.033658
27.140000 0.036626
27.150000 0.039577
27.160000 0.042511
27.170000 0.045428
27.180000 0.048326
27.190000 0.051205
27.200000 0.054063
27.210000 0.056900
27.220000 0.059714
27.230000 0.062506
27.240000 0.065274
27.250000 0.068017
27.260000 0.070734
27.270000 0.073426
27.280000 0.076090
27.290000 0.078727
27.300000 0.081335
27.310000 0.083914
27.320000 0.086462
27.330000 0.088981
27.340000 0.091467
27.350000 0.093922
27.360000 0.096344
27.370000 0.098733
27.380000 0.101088
27.390000 0.103409
27.400000 0.105695
27.410000 0.107945
27.420000 0.110159
27.430000 0.112336
27.440000 0.114477
27.450000 0.116580
27.460000 0.118645
27.470000 0.120671
27.480000 0.122659
27.490000 0.124607
27.500000 0.126516
27.510000 0.128384
27.520000 0.130213
27.530000 0.132000
27.540000 0.133747
27.550000 0.135453
27.560000 0.137117
27.570000 0.138739
27.580000 0.140319
27.590000 0.141857
27.600000 0.143353
27.610000 0.144807
27.620000 0.146217
27.630000 0.147585
27.640000 0.148910
27.650000 0.150192
27.660000 0.151431
27.670000 0.152626
27.680000 0.153779
27.690000 0.154888
27.700000 0.155955
27.710000 0.156978
27.720000 0.157958
27.730000 0.158895
27.740000 0.159788
27.750000 0.160639
27.760000 0.161447
27.770000 0.162213
27.780000 0.162936
27.790000 0.163616
27.800000 0.164254
27.810000 0.164850
27.820000 0.165404
27.830000 0.165917
27.840000 0.166388
27.850000 0.166818
27.860000 0.167207
27.870000 0.167555
27.880000 0.167863
27.890000 0.168131
27.900000 0.168359
27.910000 0.168547
27.920000 0.168697
27.930000 0.168807
27.940000 0.168880
27.950000 0.168914
27.960000 0.168911
27.970000 0.168870
27.980000 0.168793
27.990000 0.168679
28.000000 0.168529
28.010000 0.168343
28.020000 0.168123
28.030000 0.167868
28.040000 0.167578
28.050000 0.167255
28.060000 0.166899
28.070000 0.166510
28.080000 0.166089
28.090000 0.165636
28.100000 0.165152
28.110000 0.164637
28.120000 0.164092
28.130000 0.163518
28.140000 0.162914
28.150000 0.162282
28.160000 0.161622
28.170000 0.160935
28.180000 0.160220
28.190000 0.159480
28.200000 0.158714
28.210000 0.157922
28.220000 0.157106
28.230000 0.156267
28.240000 0.155403
28.250000 0.154518
28.260000 0.153609
28.270000 0.152680
28.280000 0.151729
28.290000 0.150758
28.300000 0.149767
28.310000 0.148757
28.320000 0.147729
28.330000 0.146683
28.340000 0.145619
28.350000 0.144538
28.360000 0.143442
28.370000 0.142329
28.380000 0.141202
28.390000 0.140061
28.400000 0.138906
28.410000 0.137738
28.420000 0.136557
28.430000 0.135364
28.440000 0.134161
28.450000 0.132946
28.460000 0.131721
28.470000 0.130487
28.480000 0.129244
28.490000 0.127992
28.500000 0.126733
28.510000 0.125467
28.520000 0.124194
28.530000 0.122914
28.540000 0.121630
28.550000 0.120340
28.560000 0.119047
28.570000 0.117749
28.580000 0.116448
28.590000 0.115145
28.600000 0.113839
28.610000 0.112532
28.620000 0.111223
28.630000 0.109914
28.640000 0.108605
28.650000 0.107296
28.660000 0.105989
28.670000 0.104683
28.680000 0.103378
28.690000 0.102077
28.700000 0.100778
28.710000 0.099482
28.720000 0.098190
28.730000 0.096903
28.740000 0.095620
28.750000 0.094343
28.760000 0.093071
28.770000 0.091806
28.780000 0.090546
28.790000 0.089294
28.800000 0.088049
28.810000 0.086812
28.820000 0.085582
28.830000 0.084362
28.840000 0.083150
28.850000 0.081947
28.860000 0.080754
28.870000 0.079570
28.880000 0.078397
28.890000 0.077235
28.900000 0.076083
28.910000 0.074943
28.920000 0.073814
28.930000 0.072697
28.940000 0.071591
28.950000 0.070499
28.960000 0.069419
28.970000 0.068351
28.980000 0.067297
28.990000 0.066256
29.000000 0.065229
29.010000 0.064215
29.020000 0.063216
29.030000 0.062231
29.040000 0.061260
29.050000 0.060303
29.060000 0.059362
29.070000 0.058435
29.080000 0.057523
29.090000 0.056627
29.100000 0.055746
29.110000 0.054880
29.120000 0.054030
29.130000 0.053195
29.140000 0.052377
29.150000 0.051574
29.160000 0.050787
29.170000 0.050016
29.180000 0.049261
29.190000 0.048522
29.200000 0.047800
29.210000 0.047093
29.220000 0.046403
29.230000 0.045729
29.240000 0.045071
29.250000 0.044430
29.260000 0.043804
29.270000 0.043195
29.280000 0.042602
29.290000 0.042025
29.300000 0.041464
29.310000 0.040919
29.320000 0.040390
29.330000 0.039877
29.340000 0.039380
29.350000 0.038898
29.360000 0.038432
29.370000 0.037981
29.380000 0.037546
29.390000 0.037127
29.400000 0.036722
29.410000 0.036332
29.420000 0.035958
29.430000 0.035598
29.440000 0.035253
29.450000 0.034922
29.460000 0.034606
29.470000 0.034303
29.480000 0.034015
29.490000 0.033740
29.500000 0.033479
29.510000 0.033232
29.520000 0.032998
29.530000 0.032776
29.540000 0.032568
29.550000 0.032372
29.560000 0.032189
29.570000 0.032017
29.580000 0.031858
29.590000 0.031711
29.600000 0.031575
29.610000 0.031450
29.620000 0.031336
29.630000 0.031234
29.640000 0.031141
29.650000 0.031060
29.660000 0.030988
29.670000 0.030926
29.680000 0.030874
29.690000 0.030831
29.700000 0.030798
29.710000 0.030773
29.720000 0.030757
29.730000 0.030750
29.740000 0.030750
29.750000 0.030759
29.760000 0.030775
29.770000 0.030799
29.780000 0.030829
29.790000 0.030867
29.800000 0.030912
29.810000 0.030962
29.820000 0.031019
29.830000 0.031082
29.840000 0.031151
29.850000 0.031225
29.860000 0.031305
29.870000 0.031389
29.880000 0.031479
29.890000 0.031572
29.900000 0.031671
29.910000 0.031773
29.920000 0.031879
29.930000 0.031989
29.940000 0.032102
29.950000 0.032219
29.960000 0.032339
29.970000 0.032462
29.980000 0.032587
29.990000 0.032715
30.000000 0.032845
