-10.000000 -0.013703
-9.990000 -0.013739
-9.980000 -0.013774
-9.970000 -0.013808
-9.960000 -0.013842
-9.950000 -0.013876
-9.940000 -0.013909
-9.930000 -0.013942
-9.920000 -0.013975
-9.910000 -0.014007
-9.900000 -0.014039
-9.890000 -0.014070
-9.880000 -0.014102
-9.870000 -0.014133
-9.860000 -0.014164
-9.850000 -0.014195
-9.840000 -0.014226
-9.830000 -0.014256
-9.820000 -0.014287
-9.810000 -0.014318
-9.800000 -0.014349
-9.790000 -0.014380
-9.780000 -0.014411
-9.770000 -0.014442
-9.760000 -0.014473
-9.750000 -0.014505
-9.740000 -0.014537
-9.730000 -0.014570
-9.720000 -0.014603
-9.710000 -0.014636
-9.700000 -0.014670
-9.690000 -0.014704
-9.680000 -0.014739
-9.670000 -0.014775
-9.660000 -0.014812
-9.650000 -0.014849
-9.640000 -0.014887
-9.630000 -0.014926
-9.620000 -0.014966
-9.610000 -0.015006
-9.600000 -0.015048
-9.590000 -0.015091
-9.580000 -0.015135
-9.570000 -0.015180
-9.560000 -0.015226
-9.550000 -0.015273
-9.540000 -0.015322
-9.530000 -0.015372
-9.520000 -0.015423
-9.510000 -0.015475
-9.500000 -0.015529
-9.490000 -0.015585
-9.480000 -0.015641
-9.470000 -0.015700
-9.460000 -0.015759
-9.450000 -0.015821
-9.440000 -0.015883
-9.430000 -0.015948
-9.420000 -0.016013
-9.410000 -0.016081
-9.400000 -0.016150
-9.390000 -0.016221
-9.380000 -0.016293
-9.370000 -0.016367
-9.360000 -0.016442
-9.350000 -0.016519
-9.340000 -0.016598
-9.330000 -0.016678
-9.320000 -0.016760
-9.310000 -0.016843
-9.300000 -0.016928
-9.290000 -0.017014
-9.280000 -0.017102
-9.270000 -0.017191
-9.260000 -0.017282
-9.250000 -0.017375
-9.240000 -0.017468
-9.230000 -0.017563
-9.220000 -0.017660
-9.210000 -0.017757
-9.200000 -0.017856
-9.190000 -0.017956
-9.180000 -0.018057
-9.170000 -0.018159
-9.160000 -0.018263
-9.150000 -0.018367
-9.140000 -0.018472
-9.130000 -0.018578
-9.120000 -0.018685
-9.110000 -0.018792
-9.100000 -0.018901
-9.090000 -0.019009
-9.080000 -0.019119
-9.070000 -0.019229
-9.060000 -0.019339
-9.050000 -0.019449
-9.040000 -0.019560
-9.030000 -0.019671
-9.020000 -0.019782
-9.010000 -0.019893
-9.000000 -0.020004
-8.990000 -0.020115
-8.980000 -0.020226
-8.970000 -0.020336
-8.960000 -0.020446
-8.950000 -0.020556
-8.940000 -0.020665
-8.930000 -0.020773
-8.920000 -0.020881
-8.910000 -0.020988
-8.900000 -0.021094
-8.890000 -0.021199
-8.880000 -0.021303
-8.870000 -0.021405
-8.860000 -0.021507
-8.850000 -0.021607
-8.840000 -0.021707
-8.830000 -0.021804
-8.820000 -0.021900
-8.810000 -0.021995
-8.800000 -0.022087
-8.790000 -0.022179
-8.780000 -0.022268
-8.770000 -0.022355
-8.760000 -0.022441
-8.750000 -0.022524
-8.740000 -0.022605
-8.730000 -0.022685
-8.720000 -0.022761
-8.710000 -0.022836
-8.700000 -0.022908
-8.690000 -0.022978
-8.680000 -0.023045
-8.670000 -0.023110
-8.660000 -0.023172
-8.650000 -0.023232
-8.640000 -0.023289
-8.630000 -0.023343
-8.620000 -0.023394
-8.610000 -0.023442
-8.600000 -0.023487
-8.590000 -0.023530
-8.580000 -0.023569
-8.570000 -0.023605
-8.560000 -0.023638
-8.550000 -0.023667
-8.540000 -0.023694
-8.530000 -0.023717
-8.520000 -0.023737
-8.510000 -0.023753
-8.500000 -0.023766
-8.490000 -0.023775
-8.480000 -0.023780
-8.470000 -0.023782
-8.460000 -0.023780
-8.450000 -0.023775
-8.440000 -0.023765
-8.430000 -0.023752
-8.420000 -0.023734
-8.410000 -0.023713
-8.400000 -0.023687
-8.390000 -0.023657
-8.380000 -0.023623
-8.370000 -0.023584
-8.360000 -0.023541
-8.350000 -0.023494
-8.340000 -0.023441
-8.330000 -0.023385
-8.320000 -0.023323
-8.310000 -0.023256
-8.300000 -0.023184
-8.290000 -0.023107
-8.280000 -0.023025
-8.270000 -0.022937
-8.260000 -0.022844
-8.250000 -0.022744
-8.240000 -0.022639
-8.230000 -0.022528
-8.220000 -0.022411
-8.210000 -0.022288
-8.200000 -0.022158
-8.190000 -0.022021
-8.180000 -0.021877
-8.170000 -0.021726
-8.160000 -0.021568
-8.150000 -0.021402
-8.140000 -0.021229
-8.130000 -0.021047
-8.120000 -0.020857
-8.110000 -0.020659
-8.100000 -0.020452
-8.090000 -0.020236
-8.080000 -0.020010
-8.070000 -0.019775
-8.060000 -0.019530
-8.050000 -0.019274
-8.040000 -0.019008
-8.030000 -0.018731
-8.020000 -0.018443
-8.010000 -0.018144
-8.000000 -0.017832
-7.990000 -0.017508
-7.980000 -0.017171
-7.970000 -0.016821
-7.960000 -0.016457
-7.950000 -0.016080
-7.940000 -0.015688
-7.930000 -0.015281
-7.920000 -0.014859
-7.910000 -0.014421
-7.900000 -0.013967
-7.890000 -0.013496
-7.880000 -0.013009
-7.870000 -0.012503
-7.860000 -0.011979
-7.850000 -0.011437
-7.840000 -0.010875
-7.830000 -0.010294
-7.820000 -0.009692
-7.810000 -0.009069
-7.800000 -0.008425
-7.790000 -0.007759
-7.780000 -0.007071
-7.770000 -0.006359
-7.760000 -0.005624
-7.750000 -0.004864
-7.740000 -0.004079
-7.730000 -0.003269
-7.720000 -0.002433
-7.710000 -0.001570
-7.700000 -0.000679
-7.690000 0.000239
-7.680000 0.001186
-7.670000 0.002162
-7.660000 0.003168
-7.650000 0.004205
-7.640000 0.005272
-7.630000 0.006372
-7.620000 0.007504
-7.610000 0.008668
-7.600000 0.009867
-7.590000 0.011099
-7.580000 0.012367
-7.570000 0.013670
-7.560000 0.015009
-7.550000 0.016385
-7.540000 0.017798
-7.530000 0.019249
-7.520000 0.020739
-7.510000 0.022267
-7.500000 0.023836
-7.490000 0.025444
-7.480000 0.027094
-7.470000 0.028785
-7.460000 0.030518
-7.450000 0.032293
-7.440000 0.034111
-7.430000 0.035972
-7.420000 0.037878
-7.410000 0.039828
-7.400000 0.041823
-7.390000 0.043863
-7.380000 0.045948
-7.370000 0.048080
-7.360000 0.050259
-7.350000 0.052484
-7.340000 0.054756
-7.330000 0.057076
-7.320000 0.059444
-7.310000 0.061860
-7.300000 0.064325
-7.290000 0.066838
-7.280000 0.069399
-7.270000 0.072010
-7.260000 0.074670
-7.250000 0.077380
-7.240000 0.080138
-7.230000 0.082947
-7.220000 0.085804
-7.210000 0.088712
-7.200000 0.091669
-7.190000 0.094675
-7.180000 0.097731
-7.170000 0.100836
-7.160000 0.103990
-7.150000 0.107194
-7.140000 0.110446
-7.130000 0.113747
-7.120000 0.117096
-7.110000 0.120493
-7.100000 0.123938
-7.090000 0.127430
-7.080000 0.130969
-7.070000 0.134555
-7.060000 0.138186
-7.050000 0.141863
-7.040000 0.145585
-7.030000 0.149351
-7.020000 0.153161
-7.010000 0.157013
-7.000000 0.160908
-6.990000 0.164845
-6.980000 0.168822
-6.970000 0.172838
-6.960000 0.176894
-6.950000 0.180988
-6.940000 0.185119
-6.930000 0.189286
-6.920000 0.193489
-6.910000 0.197725
-6.900000 0.201994
-6.890000 0.206295
-6.880000 0.210627
-6.870000 0.214988
-6.860000 0.219377
-6.850000 0.223792
-6.840000 0.228233
-6.830000 0.232698
-6.820000 0.237186
-6.810000 0.241695
-6.800000 0.246224
-6.790000 0.250770
-6.780000 0.255333
-6.770000 0.259911
-6.760000 0.264503
-6.750000 0.269106
-6.740000 0.273719
-6.730000 0.278339
-6.720000 0.282967
-6.710000 0.287599
-6.700000 0.292233
-6.690000 0.296868
-6.680000 0.301503
-6.670000 0.306134
-6.660000 0.310760
-6.650000 0.315379
-6.640000 0.319989
-6.630000 0.324588
-6.620000 0.329174
-6.610000 0.333744
-6.600000 0.338297
-6.590000 0.342831
-6.580000 0.347343
-6.570000 0.351831
-6.560000 0.356293
-6.550000 0.360726
-6.540000 0.365130
-6.530000 0.369500
-6.520000 0.373835
-6.510000 0.378133
-6.500000 0.382391
-6.490000 0.386607
-6.480000 0.390779
-6.470000 0.394904
-6.460000 0.398980
-6.450000 0.403005
-6.440000 0.406977
-6.430000 0.410892
-6.420000 0.414749
-6.410000 0.418546
-6.400000 0.422280
-6.390000 0.425948
-6.380000 0.429549
-6.370000 0.433080
-6.360000 0.436539
-6.350000 0.439923
-6.340000 0.443230
-6.330000 0.446458
-6.320000 0.449605
-6.310000 0.452669
-6.300000 0.455646
-6.290000 0.458536
-6.280000 0.461336
-6.270000 0.464043
-6.260000 0.466655
-6.250000 0.469172
-6.240000 0.471589
-6.230000 0.473906
-6.220000 0.476120
-6.210000 0.478230
-6.200000 0.480233
-6.190000 0.482127
-6.180000 0.483911
-6.170000 0.485583
-6.160000 0.487140
-6.150000 0.488582
-6.140000 0.489907
-6.130000 0.491112
-6.120000 0.492197
-6.110000 0.493159
-6.100000 0.493997
-6.090000 0.494711
-6.080000 0.495297
-6.070000 0.495755
-6.060000 0.496084
-6.050000 0.496283
-6.040000 0.496349
-6.030000 0.496283
-6.020000 0.496082
-6.010000 0.495747
-6.000000 0.495275
-5.990000 0.494667
-5.980000 0.493921
-5.970000 0.493036
-5.960000 0.492012
-5.950000 0.490849
-5.940000 0.489545
-5.930000 0.488101
-5.920000 0.486515
-5.910000 0.484788
-5.900000 0.482919
-5.890000 0.480907
-5.880000 0.478754
-5.870000 0.476458
-5.860000 0.474021
-5.850000 0.471441
-5.840000 0.468719
-5.830000 0.465855
-5.820000 0.462850
-5.810000 0.459704
-5.800000 0.456417
-5.790000 0.452990
-5.780000 0.449424
-5.770000 0.445718
-5.760000 0.441875
-5.750000 0.437895
-5.740000 0.433778
-5.730000 0.429526
-5.720000 0.425140
-5.710000 0.420620
-5.700000 0.415968
-5.690000 0.411186
-5.680000 0.406274
-5.670000 0.401235
-5.660000 0.396069
-5.650000 0.390777
-5.640000 0.385363
-5.630000 0.379827
-5.620000 0.374170
-5.610000 0.368396
-5.600000 0.362505
-5.590000 0.356500
-5.580000 0.350383
-5.570000 0.344155
-5.560000 0.337820
-5.550000 0.331378
-5.540000 0.324832
-5.530000 0.318185
-5.520000 0.311439
-5.510000 0.304596
-5.500000 0.297659
-5.490000 0.290630
-5.480000 0.283511
-5.470000 0.276306
-5.460000 0.269017
-5.450000 0.261647
-5.440000 0.254197
-5.430000 0.246672
-5.420000 0.239074
-5.410000 0.231405
-5.400000 0.223669
-5.390000 0.215868
-5.380000 0.208006
-5.370000 0.200085
-5.360000 0.192108
-5.350000 0.184078
-5.340000 0.175999
-5.330000 0.167873
-5.320000 0.159703
-5.310000 0.151493
-5.300000 0.143245
-5.290000 0.134963
-5.280000 0.126649
-5.270000 0.118307
-5.260000 0.109940
-5.250000 0.101551
-5.240000 0.093143
-5.230000 0.084720
-5.220000 0.076283
-5.210000 0.067838
-5.200000 0.059385
-5.190000 0.050930
-5.180000 0.042474
-5.170000 0.034021
-5.160000 0.025573
-5.150000 0.017135
-5.140000 0.008709
-5.130000 0.000297
-5.120000 -0.008097
-5.110000 -0.016470
-5.100000 -0.024819
-5.090000 -0.033141
-5.080000 -0.041434
-5.070000 -0.049695
-5.060000 -0.057920
-5.050000 -0.066108
-5.040000 -0.074255
-5.030000 -0.082358
-5.020000 -0.090416
-5.010000 -0.098425
-5.000000 -0.106382
-4.990000 -0.114286
-4.980000 -0.122134
-4.970000 -0.129923
-4.960000 -0.137651
-4.950000 -0.145316
-4.940000 -0.152915
-4.930000 -0.160445
-4.920000 -0.167906
-4.910000 -0.175294
-4.900000 -0.182608
-4.890000 -0.189846
-4.880000 -0.197004
-4.870000 -0.204083
-4.860000 -0.211079
-4.850000 -0.217991
-4.840000 -0.224817
-4.830000 -0.231555
-4.820000 -0.238205
-4.810000 -0.244763
-4.800000 -0.251229
-4.790000 -0.257600
-4.780000 -0.263877
-4.770000 -0.270057
-4.760000 -0.276138
-4.750000 -0.282121
-4.740000 -0.288002
-4.730000 -0.293783
-4.720000 -0.299460
-4.710000 -0.305034
-4.700000 -0.310503
-4.690000 -0.315866
-4.680000 -0.321123
-4.670000 -0.326272
-4.660000 -0.331314
-4.650000 -0.336246
-4.640000 -0.341070
-4.630000 -0.345783
-4.620000 -0.350386
-4.610000 -0.354879
-4.600000 -0.359259
-4.590000 -0.363529
-4.580000 -0.367686
-4.570000 -0.371731
-4.560000 -0.375663
-4.550000 -0.379483
-4.540000 -0.383190
-4.530000 -0.386785
-4.520000 -0.390266
-4.510000 -0.393635
-4.500000 -0.396891
-4.490000 -0.400035
-4.480000 -0.403066
-4.470000 -0.405985
-4.460000 -0.408792
-4.450000 -0.411487
-4.440000 -0.414071
-4.430000 -0.416545
-4.420000 -0.418907
-4.410000 -0.421160
-4.400000 -0.423303
-4.390000 -0.425337
-4.380000 -0.427262
-4.370000 -0.429080
-4.360000 -0.430790
-4.350000 -0.432393
-4.340000 -0.433891
-4.330000 -0.435283
-4.320000 -0.436571
-4.310000 -0.437755
-4.300000 -0.438836
-4.290000 -0.439815
-4.280000 -0.440692
-4.270000 -0.441469
-4.260000 -0.442147
-4.250000 -0.442726
-4.240000 -0.443207
-4.230000 -0.443591
-4.220000 -0.443880
-4.210000 -0.444074
-4.200000 -0.444174
-4.190000 -0.444182
-4.180000 -0.444098
-4.170000 -0.443924
-4.160000 -0.443659
-4.150000 -0.443307
-4.140000 -0.442867
-4.130000 -0.442342
-4.120000 -0.441731
-4.110000 -0.441036
-4.100000 -0.440259
-4.090000 -0.439400
-4.080000 -0.438462
-4.070000 -0.437444
-4.060000 -0.436348
-4.050000 -0.435175
-4.040000 -0.433928
-4.030000 -0.432606
-4.020000 -0.431211
-4.010000 -0.429745
-4.000000 -0.428208
-3.990000 -0.426603
-3.980000 -0.424930
-3.970000 -0.423190
-3.960000 -0.421385
-3.950000 -0.419517
-3.940000 -0.417586
-3.930000 -0.415594
-3.920000 -0.413542
-3.910000 -0.411431
-3.900000 -0.409264
-3.890000 -0.407041
-3.880000 -0.404764
-3.870000 -0.402433
-3.860000 -0.400051
-3.850000 -0.397619
-3.840000 -0.395139
-3.830000 -0.392610
-3.820000 -0.390036
-3.810000 -0.387417
-3.800000 -0.384755
-3.790000 -0.382052
-3.780000 -0.379308
-3.770000 -0.376525
-3.760000 -0.373705
-3.750000 -0.370849
-3.740000 -0.367958
-3.730000 -0.365034
-3.720000 -0.362079
-3.710000 -0.359093
-3.700000 -0.356079
-3.690000 -0.353038
-3.680000 -0.349971
-3.670000 -0.346879
-3.660000 -0.343765
-3.650000 -0.340630
-3.640000 -0.337475
-3.630000 -0.334301
-3.620000 -0.331111
-3.610000 -0.327906
-3.600000 -0.324686
-3.590000 -0.321455
-3.580000 -0.318212
-3.570000 -0.314961
-3.560000 -0.311701
-3.550000 -0.308436
-3.540000 -0.305165
-3.530000 -0.301892
-3.520000 -0.298616
-3.510000 -0.295340
-3.500000 -0.292066
-3.490000 -0.288794
-3.480000 -0.285526
-3.470000 -0.282264
-3.460000 -0.279009
-3.450000 -0.275763
-3.440000 -0.272527
-3.430000 -0.269302
-3.420000 -0.266090
-3.410000 -0.262893
-3.400000 -0.259712
-3.390000 -0.256548
-3.380000 -0.253402
-3.370000 -0.250277
-3.360000 -0.247173
-3.350000 -0.244092
-3.340000 -0.241035
-3.330000 -0.238004
-3.320000 -0.235000
-3.310000 -0.232024
-3.300000 -0.229077
-3.290000 -0.226161
-3.280000 -0.223277
-3.270000 -0.220426
-3.260000 -0.217610
-3.250000 -0.214830
-3.240000 -0.212086
-3.230000 -0.209381
-3.220000 -0.206714
-3.210000 -0.204088
-3.200000 -0.201503
-3.190000 -0.198960
-3.180000 -0.196461
-3.170000 -0.194006
-3.160000 -0.191596
-3.150000 -0.189233
-3.140000 -0.186917
-3.130000 -0.184649
-3.120000 -0.182430
-3.110000 -0.180260
-3.100000 -0.178141
-3.090000 -0.176074
-3.080000 -0.174058
-3.070000 -0.172095
-3.060000 -0.170185
-3.050000 -0.168329
-3.040000 -0.166528
-3.030000 -0.164782
-3.020000 -0.163091
-3.010000 -0.161456
-3.000000 -0.159878
-2.990000 -0.158357
-2.980000 -0.156892
-2.970000 -0.155486
-2.960000 -0.154137
-2.950000 -0.152847
-2.940000 -0.151614
-2.930000 -0.150441
-2.920000 -0.149326
-2.910000 -0.148269
-2.900000 -0.147272
-2.890000 -0.146334
-2.880000 -0.145454
-2.870000 -0.144634
-2.860000 -0.143872
-2.850000 -0.143169
-2.840000 -0.142525
-2.830000 -0.141939
-2.820000 -0.141412
-2.810000 -0.140943
-2.800000 -0.140531
-2.790000 -0.140178
-2.780000 -0.139882
-2.770000 -0.139643
-2.760000 -0.139460
-2.750000 -0.139334
-2.740000 -0.139265
-2.730000 -0.139250
-2.720000 -0.139291
-2.710000 -0.139387
-2.700000 -0.139537
-2.690000 -0.139741
-2.680000 -0.139999
-2.670000 -0.140309
-2.660000 -0.140672
-2.650000 -0.141087
-2.640000 -0.141554
-2.630000 -0.142071
-2.620000 -0.142639
-2.610000 -0.143257
-2.600000 -0.143925
-2.590000 -0.144641
-2.580000 -0.145406
-2.570000 -0.146219
-2.560000 -0.147080
-2.550000 -0.147988
-2.540000 -0.148942
-2.530000 -0.149943
-2.520000 -0.150990
-2.510000 -0.152082
-2.500000 -0.153219
-2.490000 -0.154401
-2.480000 -0.155627
-2.470000 -0.156898
-2.460000 -0.158213
-2.450000 -0.159571
-2.440000 -0.160973
-2.430000 -0.162419
-2.420000 -0.163907
-2.410000 -0.165439
-2.400000 -0.167015
-2.390000 -0.168633
-2.380000 -0.170295
-2.370000 -0.172001
-2.360000 -0.173750
-2.350000 -0.175543
-2.340000 -0.177380
-2.330000 -0.179262
-2.320000 -0.181188
-2.310000 -0.183160
-2.300000 -0.185178
-2.290000 -0.187242
-2.280000 -0.189354
-2.270000 -0.191513
-2.260000 -0.193721
-2.250000 -0.195978
-2.240000 -0.198285
-2.230000 -0.200644
-2.220000 -0.203055
-2.210000 -0.205519
-2.200000 -0.208038
-2.190000 -0.210613
-2.180000 -0.213245
-2.170000 -0.215935
-2.160000 -0.218686
-2.150000 -0.221498
-2.140000 -0.224373
-2.130000 -0.227313
-2.120000 -0.230319
-2.110000 -0.233394
-2.100000 -0.236539
-2.090000 -0.239756
-2.080000 -0.243048
-2.070000 -0.246416
-2.060000 -0.249862
-2.050000 -0.253389
-2.040000 -0.256999
-2.030000 -0.260694
-2.020000 -0.264478
-2.010000 -0.268351
-2.000000 -0.272317
-1.990000 -0.276378
-1.980000 -0.280538
-1.970000 -0.284798
-1.960000 -0.289162
-1.950000 -0.293632
-1.940000 -0.298210
-1.930000 -0.302901
-1.920000 -0.307707
-1.910000 -0.312631
-1.900000 -0.317675
-1.890000 -0.322843
-1.880000 -0.328138
-1.870000 -0.333564
-1.860000 -0.339122
-1.850000 -0.344816
-1.840000 -0.350650
-1.830000 -0.356626
-1.820000 -0.362748
-1.810000 -0.369019
-1.800000 -0.375442
-1.790000 -0.382019
-1.780000 -0.388755
-1.770000 -0.395653
-1.760000 -0.402715
-1.750000 -0.409944
-1.740000 -0.417344
-1.730000 -0.424918
-1.720000 -0.432668
-1.710000 -0.440598
-1.700000 -0.448711
-1.690000 -0.457009
-1.680000 -0.465495
-1.670000 -0.474172
-1.660000 -0.483043
-1.650000 -0.492110
-1.640000 -0.501376
-1.630000 -0.510843
-1.620000 -0.520514
-1.610000 -0.530391
-1.600000 -0.540476
-1.590000 -0.550771
-1.580000 -0.561279
-1.570000 -0.572001
-1.560000 -0.582939
-1.550000 -0.594095
-1.540000 -0.605471
-1.530000 -0.617067
-1.520000 -0.628885
-1.510000 -0.640926
-1.500000 -0.653192
-1.490000 -0.665683
-1.480000 -0.678399
-1.470000 -0.691343
-1.460000 -0.704513
-1.450000 -0.717911
-1.440000 -0.731535
-1.430000 -0.745388
-1.420000 -0.759467
-1.410000 -0.773773
-1.400000 -0.788306
-1.390000 -0.803064
-1.380000 -0.818046
-1.370000 -0.833252
-1.360000 -0.848679
-1.350000 -0.864328
-1.340000 -0.880195
-1.330000 -0.896279
-1.320000 -0.912578
-1.310000 -0.929089
-1.300000 -0.945811
-1.290000 -0.962740
-1.280000 -0.979873
-1.270000 -0.997207
-1.260000 -1.014740
-1.250000 -1.032467
-1.240000 -1.050384
-1.230000 -1.068488
-1.220000 -1.086774
-1.210000 -1.105238
-1.200000 -1.123876
-1.190000 -1.142682
-1.180000 -1.161651
-1.170000 -1.180778
-1.160000 -1.200058
-1.150000 -1.219485
-1.140000 -1.239053
-1.130000 -1.258755
-1.120000 -1.278586
-1.110000 -1.298538
-1.100000 -1.318606
-1.090000 -1.338781
-1.080000 -1.359058
-1.070000 -1.379427
-1.060000 -1.399883
-1.050000 -1.420417
-1.040000 -1.441021
-1.030000 -1.461686
-1.020000 -1.482406
-1.010000 -1.503170
-1.000000 -1.523970
-0.990000 -1.544798
-0.980000 -1.565644
-0.970000 -1.586500
-0.960000 -1.607354
-0.950000 -1.628199
-0.940000 -1.649025
-0.930000 -1.669821
-0.920000 -1.690577
-0.910000 -1.711284
-0.900000 -1.731930
-0.890000 -1.752507
-0.880000 -1.773002
-0.870000 -1.793407
-0.860000 -1.813709
-0.850000 -1.833898
-0.840000 -1.853963
-0.830000 -1.873893
-0.820000 -1.893677
-0.810000 -1.913303
-0.800000 -1.932762
-0.790000 -1.952040
-0.780000 -1.971127
-0.770000 -1.990012
-0.760000 -2.008682
-0.750000 -2.027128
-0.740000 -2.045336
-0.730000 -2.063296
-0.720000 -2.080995
-0.710000 -2.098424
-0.700000 -2.115569
-0.690000 -2.132420
-0.680000 -2.148965
-0.670000 -2.165192
-0.660000 -2.181091
-0.650000 -2.196650
-0.640000 -2.211857
-0.630000 -2.226702
-0.620000 -2.241173
-0.610000 -2.255259
-0.600000 -2.268950
-0.590000 -2.282234
-0.580000 -2.295100
-0.570000 -2.307539
-0.560000 -2.319539
-0.550000 -2.331090
-0.540000 -2.342182
-0.530000 -2.352805
-0.520000 -2.362948
-0.510000 -2.372603
-0.500000 -2.381758
-0.490000 -2.390406
-0.480000 -2.398536
-0.470000 -2.406140
-0.460000 -2.413208
-0.450000 -2.419733
-0.440000 -2.425705
-0.430000 -2.431116
-0.420000 -2.435958
-0.410000 -2.440224
-0.400000 -2.443907
-0.390000 -2.446997
-0.380000 -2.449490
-0.370000 -2.451377
-0.360000 -2.452653
-0.350000 -2.453310
-0.340000 -2.453344
-0.330000 -2.452748
-0.320000 -2.451518
-0.310000 -2.449647
-0.300000 -2.447132
-0.290000 -2.443967
-0.280000 -2.440148
-0.270000 -2.435672
-0.260000 -2.430535
-0.250000 -2.424733
-0.240000 -2.418264
-0.230000 -2.411125
-0.220000 -2.403314
-0.210000 -2.394829
-0.200000 -2.385667
-0.190000 -2.375829
-0.180000 -2.365312
-0.170000 -2.354116
-0.160000 -2.342241
-0.150000 -2.329687
-0.140000 -2.316454
-0.130000 -2.302543
-0.120000 -2.287955
-0.110000 -2.272691
-0.100000 -2.256754
-0.090000 -2.240145
-0.080000 -2.222866
-0.070000 -2.204921
-0.060000 -2.186313
-0.050000 -2.167045
-0.040000 -2.147120
-0.030000 -2.126544
-0.020000 -2.105320
-0.010000 -2.083453
0.000000 -2.060949
0.010000 -2.037812
0.020000 -2.014049
0.030000 -1.989666
0.040000 -1.964670
0.050000 -1.939066
0.060000 -1.912863
0.070000 -1.886067
0.080000 -1.858686
0.090000 -1.830728
0.100000 -1.802202
0.110000 -1.773116
0.120000 -1.743479
0.130000 -1.713301
0.140000 -1.682589
0.150000 -1.651355
0.160000 -1.619609
0.170000 -1.587360
0.180000 -1.554618
0.190000 -1.521396
0.200000 -1.487704
0.210000 -1.453552
0.220000 -1.418953
0.230000 -1.383918
0.240000 -1.348459
0.250000 -1.312589
0.260000 -1.276319
0.270000 -1.239661
0.280000 -1.202630
0.290000 -1.165237
0.300000 -1.127496
0.310000 -1.089420
0.320000 -1.051022
0.330000 -1.012316
0.340000 -0.973315
0.350000 -0.934033
0.360000 -0.894485
0.370000 -0.854684
0.380000 -0.814644
0.390000 -0.774380
0.400000 -0.733906
0.410000 -0.693237
0.420000 -0.652386
0.430000 -0.611369
0.440000 -0.570200
0.450000 -0.528894
0.460000 -0.487466
0.470000 -0.445930
0.480000 -0.404301
0.490000 -0.362595
0.500000 -0.320825
0.510000 -0.279007
0.520000 -0.237155
0.530000 -0.195285
0.540000 -0.153410
0.550000 -0.111547
0.560000 -0.069709
0.570000 -0.027911
0.580000 0.013832
0.590000 0.055506
0.600000 0.097096
0.610000 0.138588
0.620000 0.179967
0.630000 0.221220
0.640000 0.262332
0.650000 0.303290
0.660000 0.344078
0.670000 0.384685
0.680000 0.425095
0.690000 0.465296
0.700000 0.505275
0.710000 0.545017
0.720000 0.584511
0.730000 0.623742
0.740000 0.662700
0.750000 0.701370
0.760000 0.739741
0.770000 0.777801
0.780000 0.815537
0.790000 0.852939
0.800000 0.889994
0.810000 0.926691
0.820000 0.963019
0.830000 0.998967
0.840000 1.034525
0.850000 1.069682
0.860000 1.104428
0.870000 1.138753
0.880000 1.172647
0.890000 1.206102
0.900000 1.239106
0.910000 1.271653
0.920000 1.303732
0.930000 1.335337
0.940000 1.366457
0.950000 1.397087
0.960000 1.427217
0.970000 1.456840
0.980000 1.485950
0.990000 1.514540
1.000000 1.542603
1.010000 1.570133
1.020000 1.597124
1.030000 1.623570
1.040000 1.649465
1.050000 1.674806
1.060000 1.699586
1.070000 1.723801
1.080000 1.747448
1.090000 1.770521
1.100000 1.793017
1.110000 1.814934
1.120000 1.836266
1.130000 1.857013
1.140000 1.877171
1.150000 1.896738
1.160000 1.915711
1.170000 1.934090
1.180000 1.951872
1.190000 1.969057
1.200000 1.985643
1.210000 2.001630
1.220000 2.017018
1.230000 2.031806
1.240000 2.045994
1.250000 2.059583
1.260000 2.072574
1.270000 2.084967
1.280000 2.096764
1.290000 2.107965
1.300000 2.118574
1.310000 2.128591
1.320000 2.138019
1.330000 2.146860
1.340000 2.155117
1.350000 2.162792
1.360000 2.169890
1.370000 2.176412
1.380000 2.182363
1.390000 2.187746
1.400000 2.192565
1.410000 2.196824
1.420000 2.200529
1.430000 2.203682
1.440000 2.206289
1.450000 2.208356
1.460000 2.209886
1.470000 2.210885
1.480000 2.211359
1.490000 2.211313
1.500000 2.210754
1.510000 2.209686
1.520000 2.208116
1.530000 2.206051
1.540000 2.203496
1.550000 2.200458
1.560000 2.196945
1.570000 2.192961
1.580000 2.188516
1.590000 2.183614
1.600000 2.178264
1.610000 2.172474
1.620000 2.166249
1.630000 2.159598
1.640000 2.152527
1.650000 2.145046
1.660000 2.137161
1.670000 2.128879
1.680000 2.120210
1.690000 2.111161
1.700000 2.101739
1.710000 2.091953
1.720000 2.081811
1.730000 2.071321
1.740000 2.060491
1.750000 2.049329
1.760000 2.037844
1.770000 2.026043
1.780000 2.013935
1.790000 2.001528
1.800000 1.988831
1.810000 1.975851
1.820000 1.962597
1.830000 1.949078
1.840000 1.935301
1.850000 1.921275
1.860000 1.907009
1.870000 1.892509
1.880000 1.877785
1.890000 1.862845
1.900000 1.847697
1.910000 1.832349
1.920000 1.816809
1.930000 1.801085
1.940000 1.785185
1.950000 1.769117
1.960000 1.752889
1.970000 1.736509
1.980000 1.719984
1.990000 1.703323
2.000000 1.686533
2.010000 1.669621
2.020000 1.652595
2.030000 1.635462
2.040000 1.618230
2.050000 1.600906
2.060000 1.583498
2.070000 1.566012
2.080000 1.548455
2.090000 1.530834
2.100000 1.513156
2.110000 1.495428
2.120000 1.477657
2.130000 1.459848
2.140000 1.442009
2.150000 1.424146
2.160000 1.406265
2.170000 1.388371
2.180000 1.370472
2.190000 1.352573
2.200000 1.334680
2.210000 1.316798
2.220000 1.298933
2.230000 1.281091
2.240000 1.263277
2.250000 1.245496
2.260000 1.227753
2.270000 1.210054
2.280000 1.192403
2.290000 1.174804
2.300000 1.157264
2.310000 1.139785
2.320000 1.122373
2.330000 1.105032
2.340000 1.087766
2.350000 1.070579
2.360000 1.053475
2.370000 1.036459
2.380000 1.019532
2.390000 1.002700
2.400000 0.985966
2.410000 0.969333
2.420000 0.952804
2.430000 0.936382
2.440000 0.920071
2.450000 0.903873
2.460000 0.887791
2.470000 0.871829
2.480000 0.855987
2.490000 0.840269
2.500000 0.824678
2.510000 0.809215
2.520000 0.793882
2.530000 0.778682
2.540000 0.763616
2.550000 0.748686
2.560000 0.733895
2.570000 0.719243
2.580000 0.704731
2.590000 0.690363
2.600000 0.676138
2.610000 0.662058
2.620000 0.648124
2.630000 0.634336
2.640000 0.620697
2.650000 0.607207
2.660000 0.593866
2.670000 0.580676
2.680000 0.567636
2.690000 0.554747
2.700000 0.542011
2.710000 0.529426
2.720000 0.516993
2.730000 0.504713
2.740000 0.492585
2.750000 0.480609
2.760000 0.468786
2.770000 0.457116
2.780000 0.445597
2.790000 0.434231
2.800000 0.423016
2.810000 0.411952
2.820000 0.401039
2.830000 0.390276
2.840000 0.379662
2.850000 0.369198
2.860000 0.358882
2.870000 0.348713
2.880000 0.338692
2.890000 0.328816
2.900000 0.319086
2.910000 0.309500
2.920000 0.300057
2.930000 0.290756
2.940000 0.281597
2.950000 0.272577
2.960000 0.263697
2.970000 0.254955
2.980000 0.246349
2.990000 0.237879
3.000000 0.229543
3.010000 0.221339
3.020000 0.213268
3.030000 0.205327
3.040000 0.197514
3.050000 0.189830
3.060000 0.182271
3.070000 0.174837
3.080000 0.167527
3.090000 0.160338
3.100000 0.153270
3.110000 0.146320
3.120000 0.139488
3.130000 0.132772
3.140000 0.126170
3.150000 0.119681
3.160000 0.113303
3.170000 0.107035
3.180000 0.100875
3.190000 0.094822
3.200000 0.088874
3.210000 0.083029
3.220000 0.077286
3.230000 0.071644
3.240000 0.066100
3.250000 0.060654
3.260000 0.055303
3.270000 0.050046
3.280000 0.044881
3.290000 0.039807
3.300000 0.034823
3.310000 0.029927
3.320000 0.025116
3.330000 0.020391
3.340000 0.015748
3.350000 0.011187
3.360000 0.006706
3.370000 0.002304
3.380000 -0.002022
3.390000 -0.006271
3.400000 -0.010447
3.410000 -0.014551
3.420000 -0.018583
3.430000 -0.022545
3.440000 -0.026440
3.450000 -0.030268
3.460000 -0.034030
3.470000 -0.037729
3.480000 -0.041365
3.490000 -0.044941
3.500000 -0.048456
3.510000 -0.051914
3.520000 -0.055314
3.530000 -0.058659
3.540000 -0.061950
3.550000 -0.065188
3.560000 -0.068375
3.570000 -0.071511
3.580000 -0.074599
3.590000 -0.077639
3.600000 -0.080632
3.610000 -0.083581
3.620000 -0.086485
3.630000 -0.089347
3.640000 -0.092168
3.650000 -0.094949
3.660000 -0.097690
3.670000 -0.100394
3.680000 -0.103062
3.690000 -0.105694
3.700000 -0.108291
3.710000 -0.110856
3.720000 -0.113389
3.730000 -0.115891
3.740000 -0.118363
3.750000 -0.120807
3.760000 -0.123224
3.770000 -0.125614
3.780000 -0.127978
3.790000 -0.130319
3.800000 -0.132637
3.810000 -0.134932
3.820000 -0.137207
3.830000 -0.139461
3.840000 -0.141696
3.850000 -0.143914
3.860000 -0.146115
3.870000 -0.148300
3.880000 -0.150470
3.890000 -0.152626
3.900000 -0.154769
3.910000 -0.156900
3.920000 -0.159020
3.930000 -0.161131
3.940000 -0.163232
3.950000 -0.165325
3.960000 -0.167411
3.970000 -0.169491
3.980000 -0.171565
3.990000 -0.173636
4.000000 -0.175702
4.010000 -0.177767
4.020000 -0.179829
4.030000 -0.181891
4.040000 -0.183954
4.050000 -0.186017
4.060000 -0.188082
4.070000 -0.190150
4.080000 -0.192222
4.090000 -0.194299
4.100000 -0.196381
4.110000 -0.198469
4.120000 -0.200564
4.130000 -0.202668
4.140000 -0.204780
4.150000 -0.206902
4.160000 -0.209035
4.170000 -0.211179
4.180000 -0.213335
4.190000 -0.215504
4.200000 -0.217687
4.210000 -0.219885
4.220000 -0.222098
4.230000 -0.224327
4.240000 -0.226573
4.250000 -0.228837
4.260000 -0.231119
4.270000 -0.233421
4.280000 -0.235743
4.290000 -0.238085
4.300000 -0.240450
4.310000 -0.242836
4.320000 -0.245246
4.330000 -0.247679
4.340000 -0.250137
4.350000 -0.252621
4.360000 -0.255130
4.370000 -0.257666
4.380000 -0.260229
4.390000 -0.262820
4.400000 -0.265441
4.410000 -0.268090
4.420000 -0.270770
4.430000 -0.273480
4.440000 -0.276222
4.450000 -0.278996
4.460000 -0.281803
4.470000 -0.284643
4.480000 -0.287518
4.490000 -0.290427
4.500000 -0.293371
4.510000 -0.296351
4.520000 -0.299367
4.530000 -0.302421
4.540000 -0.305512
4.550000 -0.308641
4.560000 -0.311810
4.570000 -0.315017
4.580000 -0.318265
4.590000 -0.321552
4.600000 -0.324881
4.610000 -0.328251
4.620000 -0.331664
4.630000 -0.335118
4.640000 -0.338616
4.650000 -0.342157
4.660000 -0.345742
4.670000 -0.349371
4.680000 -0.353045
4.690000 -0.356764
4.700000 -0.360529
4.710000 -0.364340
4.720000 -0.368198
4.730000 -0.372102
4.740000 -0.376053
4.750000 -0.380052
4.760000 -0.384099
4.770000 -0.388195
4.780000 -0.392338
4.790000 -0.396531
4.800000 -0.400772
4.810000 -0.405064
4.820000 -0.409404
4.830000 -0.413795
4.840000 -0.418236
4.850000 -0.422727
4.860000 -0.427269
4.870000 -0.431861
4.880000 -0.436504
4.890000 -0.441198
4.900000 -0.445944
4.910000 -0.450740
4.920000 -0.455588
4.930000 -0.460487
4.940000 -0.465437
4.950000 -0.470438
4.960000 -0.475491
4.970000 -0.480595
4.980000 -0.485750
4.990000 -0.490956
5.000000 -0.496214
5.010000 -0.501522
5.020000 -0.506880
5.030000 -0.512289
5.040000 -0.517748
5.050000 -0.523257
5.060000 -0.528816
5.070000 -0.534423
5.080000 -0.540080
5.090000 -0.545785
5.100000 -0.551538
5.110000 -0.557338
5.120000 -0.563186
5.130000 -0.569080
5.140000 -0.575019
5.150000 -0.581004
5.160000 -0.587034
5.170000 -0.593107
5.180000 -0.599223
5.190000 -0.605381
5.200000 -0.611581
5.210000 -0.617821
5.220000 -0.624101
5.230000 -0.630419
5.240000 -0.636775
5.250000 -0.643166
5.260000 -0.649593
5.270000 -0.656054
5.280000 -0.662547
5.290000 -0.669072
5.300000 -0.675627
5.310000 -0.682210
5.320000 -0.688820
5.330000 -0.695455
5.340000 -0.702114
5.350000 -0.708795
5.360000 -0.715497
5.370000 -0.722216
5.380000 -0.728953
5.390000 -0.735704
5.400000 -0.742467
5.410000 -0.749241
5.420000 -0.756024
5.430000 -0.762812
5.440000 -0.769604
5.450000 -0.776398
5.460000 -0.783190
5.470000 -0.789979
5.480000 -0.796761
5.490000 -0.803535
5.500000 -0.810297
5.510000 -0.817045
5.520000 -0.823775
5.530000 -0.830484
5.540000 -0.837171
5.550000 -0.843830
5.560000 -0.850460
5.570000 -0.857057
5.580000 -0.863617
5.590000 -0.870138
5.600000 -0.876615
5.610000 -0.883044
5.620000 -0.889424
5.630000 -0.895748
5.640000 -0.902014
5.650000 -0.908218
5.660000 -0.914356
5.670000 -0.920423
5.680000 -0.926416
5.690000 -0.932330
5.700000 -0.938161
5.710000 -0.943905
5.720000 -0.949557
5.730000 -0.955113
5.740000 -0.960568
5.750000 -0.965918
5.760000 -0.971157
5.770000 -0.976282
5.780000 -0.981286
5.790000 -0.986167
5.800000 -0.990917
5.810000 -0.995533
5.820000 -1.000010
5.830000 -1.004341
5.840000 -1.008523
5.850000 -1.012550
5.860000 -1.016416
5.870000 -1.020117
5.880000 -1.023647
5.890000 -1.027001
5.900000 -1.030173
5.910000 -1.033158
5.920000 -1.035951
5.930000 -1.038545
5.940000 -1.040936
5.950000 -1.043118
5.960000 -1.045086
5.970000 -1.046833
5.980000 -1.048355
5.990000 -1.049645
6.000000 -1.050699
6.010000 -1.051511
6.020000 -1.052075
6.030000 -1.052385
6.040000 -1.052437
6.050000 -1.052225
6.060000 -1.051742
6.070000 -1.050985
6.080000 -1.049947
6.090000 -1.048624
6.100000 -1.047009
6.110000 -1.045097
6.120000 -1.042884
6.130000 -1.040364
6.140000 -1.037533
6.150000 -1.034384
6.160000 -1.030914
6.170000 -1.027117
6.180000 -1.022988
6.190000 -1.018523
6.200000 -1.013718
6.210000 -1.008567
6.220000 -1.003066
6.230000 -0.997211
6.240000 -0.990998
6.250000 -0.984423
6.260000 -0.977481
6.270000 -0.970170
6.280000 -0.962484
6.290000 -0.954421
6.300000 -0.945977
6.310000 -0.937150
6.320000 -0.927935
6.330000 -0.918329
6.340000 -0.908331
6.350000 -0.897937
6.360000 -0.887144
6.370000 -0.875951
6.380000 -0.864356
6.390000 -0.852355
6.400000 -0.839948
6.410000 -0.827134
6.420000 -0.813909
6.430000 -0.800274
6.440000 -0.786228
6.450000 -0.771769
6.460000 -0.756896
6.470000 -0.741611
6.480000 -0.725911
6.490000 -0.709798
6.500000 -0.693272
6.510000 -0.676333
6.520000 -0.658982
6.530000 -0.641219
6.540000 -0.623047
6.550000 -0.604465
6.560000 -0.585477
6.570000 -0.566084
6.580000 -0.546287
6.590000 -0.526090
6.600000 -0.505495
6.610000 -0.484504
6.620000 -0.463121
6.630000 -0.441349
6.640000 -0.419192
6.650000 -0.396654
6.660000 -0.373737
6.670000 -0.350448
6.680000 -0.326790
6.690000 -0.302768
6.700000 -0.278387
6.710000 -0.253653
6.720000 -0.228571
6.730000 -0.203146
6.740000 -0.177385
6.750000 -0.151294
6.760000 -0.124880
6.770000 -0.098148
6.780000 -0.071107
6.790000 -0.043763
6.800000 -0.016124
6.810000 0.011803
6.820000 0.040009
6.830000 0.068488
6.840000 0.097229
6.850000 0.126226
6.860000 0.155469
6.870000 0.184949
6.880000 0.214657
6.890000 0.244583
6.900000 0.274719
6.910000 0.305055
6.920000 0.335580
6.930000 0.366285
6.940000 0.397159
6.950000 0.428191
6.960000 0.459373
6.970000 0.490691
6.980000 0.522136
6.990000 0.553697
7.000000 0.585362
7.010000 0.617120
7.020000 0.648960
7.030000 0.680870
7.040000 0.712838
7.050000 0.744853
7.060000 0.776902
7.070000 0.808974
7.080000 0.841057
7.090000 0.873138
7.100000 0.905205
7.110000 0.937247
7.120000 0.969249
7.130000 1.001201
7.140000 1.033090
7.150000 1.064903
7.160000 1.096628
7.170000 1.128252
7.180000 1.159762
7.190000 1.191147
7.200000 1.222393
7.210000 1.253488
7.220000 1.284420
7.230000 1.315175
7.240000 1.345743
7.250000 1.376109
7.260000 1.406263
7.270000 1.436190
7.280000 1.465880
7.290000 1.495321
7.300000 1.524499
7.310000 1.553403
7.320000 1.582022
7.330000 1.610342
7.340000 1.638354
7.350000 1.666045
7.360000 1.693403
7.370000 1.720418
7.380000 1.747079
7.390000 1.773373
7.400000 1.799291
7.410000 1.824822
7.420000 1.849956
7.430000 1.874681
7.440000 1.898988
7.450000 1.922867
7.460000 1.946308
7.470000 1.969302
7.480000 1.991839
7.490000 2.013910
7.500000 2.035507
7.510000 2.056620
7.520000 2.077241
7.530000 2.097362
7.540000 2.116975
7.550000 2.136072
7.560000 2.154646
7.570000 2.172689
7.580000 2.190195
7.590000 2.207156
7.600000 2.223568
7.610000 2.239422
7.620000 2.254714
7.630000 2.269437
7.640000 2.283588
7.650000 2.297159
7.660000 2.310147
7.670000 2.322548
7.680000 2.334357
7.690000 2.345570
7.700000 2.356183
7.710000 2.366194
7.720000 2.375600
7.730000 2.384397
7.740000 2.392583
7.750000 2.400157
7.760000 2.407117
7.770000 2.413460
7.780000 2.419187
7.790000 2.424295
7.800000 2.428785
7.810000 2.432657
7.820000 2.435909
7.830000 2.438544
7.840000 2.440561
7.850000 2.441961
7.860000 2.442745
7.870000 2.442916
7.880000 2.442474
7.890000 2.441423
7.900000 2.439764
7.910000 2.437500
7.920000 2.434634
7.930000 2.431170
7.940000 2.427110
7.950000 2.422459
7.960000 2.417221
7.970000 2.411400
7.980000 2.405001
7.990000 2.398028
8.000000 2.390487
8.010000 2.382383
8.020000 2.373721
8.030000 2.364508
8.040000 2.354750
8.050000 2.344452
8.060000 2.333622
8.070000 2.322266
8.080000 2.310391
8.090000 2.298005
8.100000 2.285113
8.110000 2.271726
8.120000 2.257849
8.130000 2.243491
8.140000 2.228660
8.150000 2.213365
8.160000 2.197614
8.170000 2.181415
8.180000 2.164777
8.190000 2.147710
8.200000 2.130222
8.210000 2.112322
8.220000 2.094021
8.230000 2.075326
8.240000 2.056249
8.250000 2.036799
8.260000 2.016985
8.270000 1.996817
8.280000 1.976306
8.290000 1.955461
8.300000 1.934293
8.310000 1.912811
8.320000 1.891027
8.330000 1.868950
8.340000 1.846591
8.350000 1.823960
8.360000 1.801068
8.370000 1.777926
8.380000 1.754543
8.390000 1.730930
8.400000 1.707098
8.410000 1.683058
8.420000 1.658820
8.430000 1.634394
8.440000 1.609792
8.450000 1.585023
8.460000 1.560098
8.470000 1.535028
8.480000 1.509823
8.490000 1.484493
8.500000 1.459049
8.510000 1.433501
8.520000 1.407859
8.530000 1.382133
8.540000 1.356334
8.550000 1.330472
8.560000 1.304556
8.570000 1.278596
8.580000 1.252602
8.590000 1.226584
8.600000 1.200551
8.610000 1.174513
8.620000 1.148479
8.630000 1.122458
8.640000 1.096459
8.650000 1.070492
8.660000 1.044565
8.670000 1.018687
8.680000 0.992866
8.690000 0.967112
8.700000 0.941432
8.710000 0.915834
8.720000 0.890327
8.730000 0.864919
8.740000 0.839617
8.750000 0.814428
8.760000 0.789362
8.770000 0.764423
8.780000 0.739621
8.790000 0.714961
8.800000 0.690451
8.810000 0.666096
8.820000 0.641905
8.830000 0.617882
8.840000 0.594034
8.850000 0.570368
8.860000 0.546888
8.870000 0.523600
8.880000 0.500511
8.890000 0.477624
8.900000 0.454946
8.910000 0.432480
8.920000 0.410233
8.930000 0.388208
8.940000 0.366410
8.950000 0.344842
8.960000 0.323510
8.970000 0.302417
8.980000 0.281566
8.990000 0.260962
9.000000 0.240607
9.010000 0.220504
9.020000 0.200657
9.030000 0.181069
9.040000 0.161742
9.050000 0.142678
9.060000 0.123880
9.070000 0.105350
9.080000 0.087091
9.090000 0.069103
9.100000 0.051389
9.110000 0.033949
9.120000 0.016787
9.130000 -0.000099
9.140000 -0.016705
9.150000 -0.033032
9.160000 -0.049079
9.170000 -0.064845
9.180000 -0.080330
9.190000 -0.095533
9.200000 -0.110455
9.210000 -0.125094
9.220000 -0.139452
9.230000 -0.153529
9.240000 -0.167324
9.250000 -0.180839
9.260000 -0.194074
9.270000 -0.207030
9.280000 -0.219707
9.290000 -0.232108
9.300000 -0.244232
9.310000 -0.256081
9.320000 -0.267656
9.330000 -0.278959
9.340000 -0.289992
9.350000 -0.300755
9.360000 -0.311251
9.370000 -0.321482
9.380000 -0.331449
9.390000 -0.341154
9.400000 -0.350600
9.410000 -0.359788
9.420000 -0.368721
9.430000 -0.377402
9.440000 -0.385832
9.450000 -0.394014
9.460000 -0.401951
9.470000 -0.409645
9.480000 -0.417099
9.490000 -0.424315
9.500000 -0.431297
9.510000 -0.438047
9.520000 -0.444569
9.530000 -0.450864
9.540000 -0.456936
9.550000 -0.462789
9.560000 -0.468424
9.570000 -0.473846
9.580000 -0.479057
9.590000 -0.484060
9.600000 -0.488860
9.610000 -0.493458
9.620000 -0.497858
9.630000 -0.502063
9.640000 -0.506078
9.650000 -0.509904
9.660000 -0.513546
9.670000 -0.517006
9.680000 -0.520288
9.690000 -0.523396
9.700000 -0.526332
9.710000 -0.529101
9.720000 -0.531705
9.730000 -0.534147
9.740000 -0.536432
9.750000 -0.538562
9.760000 -0.540541
9.770000 -0.542372
9.780000 -0.544059
9.790000 -0.545604
9.800000 -0.547012
9.810000 -0.548285
9.820000 -0.549427
9.830000 -0.550440
9.840000 -0.551329
9.850000 -0.552096
9.860000 -0.552745
9.870000 -0.553279
9.880000 -0.553700
9.890000 -0.554013
9.900000 -0.554220
9.910000 -0.554323
9.920000 -0.554328
9.930000 -0.554235
9.940000 -0.554049
9.950000 -0.553772
9.960000 -0.553406
9.970000 -0.552956
9.980000 -0.552424
9.990000 -0.551812
10.000000 -0.551124
10.010000 -0.550362
10.020000 -0.549529
10.030000 -0.548627
10.040000 -0.547660
10.050000 -0.546629
10.060000 -0.545537
10.070000 -0.544387
10.080000 -0.543182
10.090000 -0.541923
10.100000 -0.540613
10.110000 -0.539255
10.120000 -0.537850
10.130000 -0.536402
10.140000 -0.534912
10.150000 -0.533382
10.160000 -0.531814
10.170000 -0.530212
10.180000 -0.528576
10.190000 -0.526908
10.200000 -0.525212
10.210000 -0.523488
10.220000 -0.521739
10.230000 -0.519966
10.240000 -0.518171
10.250000 -0.516356
10.260000 -0.514523
10.270000 -0.512674
10.280000 -0.510809
10.290000 -0.508931
10.300000 -0.507042
10.310000 -0.505142
10.320000 -0.503233
10.330000 -0.501318
10.340000 -0.499396
10.350000 -0.497470
10.360000 -0.495540
10.370000 -0.493609
10.380000 -0.491677
10.390000 -0.489746
10.400000 -0.487816
10.410000 -0.485890
10.420000 -0.483967
10.430000 -0.482050
10.440000 -0.480139
10.450000 -0.478235
10.460000 -0.476339
10.470000 -0.474452
10.480000 -0.472576
10.490000 -0.470710
10.500000 -0.468856
10.510000 -0.467014
10.520000 -0.465186
10.530000 -0.463372
10.540000 -0.461573
10.550000 -0.459789
10.560000 -0.458021
10.570000 -0.456269
10.580000 -0.454535
10.590000 -0.452819
10.600000 -0.451122
10.610000 -0.449443
10.620000 -0.447783
10.630000 -0.446143
10.640000 -0.444524
10.650000 -0.442925
10.660000 -0.441346
10.670000 -0.439789
10.680000 -0.438254
10.690000 -0.436741
10.700000 -0.435249
10.710000 -0.433780
10.720000 -0.432333
10.730000 -0.430909
10.740000 -0.429508
10.750000 -0.428130
10.760000 -0.426775
10.770000 -0.425443
10.780000 -0.424134
10.790000 -0.422848
10.800000 -0.421585
10.810000 -0.420346
10.820000 -0.419129
10.830000 -0.417936
10.840000 -0.416766
10.850000 -0.415618
10.860000 -0.414493
10.870000 -0.413390
10.880000 -0.412310
10.890000 -0.411252
10.900000 -0.410216
10.910000 -0.409201
10.920000 -0.408207
10.930000 -0.407235
10.940000 -0.406283
10.950000 -0.405352
10.960000 -0.404440
10.970000 -0.403548
10.980000 -0.402675
10.990000 -0.401821
11.000000 -0.400984
11.010000 -0.400166
11.020000 -0.399365
11.030000 -0.398580
11.040000 -0.397812
11.050000 -0.397059
11.060000 -0.396321
11.070000 -0.395598
11.080000 -0.394888
11.090000 -0.394191
11.100000 -0.393507
11.110000 -0.392834
11.120000 -0.392173
11.130000 -0.391521
11.140000 -0.390879
11.150000 -0.390245
11.160000 -0.389620
11.170000 -0.389001
11.180000 -0.388389
11.190000 -0.387782
11.200000 -0.387179
11.210000 -0.386580
11.220000 -0.385983
11.230000 -0.385388
11.240000 -0.384794
11.250000 -0.384199
11.260000 -0.383603
11.270000 -0.383004
11.280000 -0.382403
11.290000 -0.381797
11.300000 -0.381185
11.310000 -0.380567
11.320000 -0.379941
11.330000 -0.379306
11.340000 -0.378661
11.350000 -0.378005
11.360000 -0.377337
11.370000 -0.376655
11.380000 -0.375958
11.390000 -0.375246
11.400000 -0.374516
11.410000 -0.373768
11.420000 -0.373000
11.430000 -0.372212
11.440000 -0.371401
11.450000 -0.370567
11.460000 -0.369708
11.470000 -0.368823
11.480000 -0.367910
11.490000 -0.366969
11.500000 -0.365997
11.510000 -0.364995
11.520000 -0.363959
11.530000 -0.362890
11.540000 -0.361784
11.550000 -0.360643
11.560000 -0.359463
11.570000 -0.358243
11.580000 -0.356983
11.590000 -0.355680
11.600000 -0.354334
11.610000 -0.352943
11.620000 -0.351505
11.630000 -0.350020
11.640000 -0.348486
11.650000 -0.346901
11.660000 -0.345265
11.670000 -0.343575
11.680000 -0.341832
11.690000 -0.340032
11.700000 -0.338176
11.710000 -0.336261
11.720000 -0.334287
11.730000 -0.332253
11.740000 -0.330156
11.750000 -0.327996
11.760000 -0.325771
11.770000 -0.323481
11.780000 -0.321124
11.790000 -0.318699
11.800000 -0.316205
11.810000 -0.313640
11.820000 -0.311005
11.830000 -0.308296
11.840000 -0.305515
11.850000 -0.302659
11.860000 -0.299728
11.870000 -0.296720
11.880000 -0.293635
11.890000 -0.290472
11.900000 -0.287230
11.910000 -0.283909
11.920000 -0.280506
11.930000 -0.277023
11.940000 -0.273457
11.950000 -0.269809
11.960000 -0.266077
11.970000 -0.262261
11.980000 -0.258361
11.990000 -0.254376
12.000000 -0.250306
12.010000 -0.246150
12.020000 -0.241907
12.030000 -0.237578
12.040000 -0.233163
12.050000 -0.228660
12.060000 -0.224070
12.070000 -0.219393
12.080000 -0.214628
12.090000 -0.209776
12.100000 -0.204837
12.110000 -0.199811
12.120000 -0.194697
12.130000 -0.189496
12.140000 -0.184209
12.150000 -0.178836
12.160000 -0.173376
12.170000 -0.167831
12.180000 -0.162201
12.190000 -0.156486
12.200000 -0.150687
12.210000 -0.144805
12.220000 -0.138841
12.230000 -0.132794
12.240000 -0.126667
12.250000 -0.120460
12.260000 -0.114173
12.270000 -0.107809
12.280000 -0.101367
12.290000 -0.094850
12.300000 -0.088258
12.310000 -0.081593
12.320000 -0.074856
12.330000 -0.068048
12.340000 -0.061171
12.350000 -0.054226
12.360000 -0.047215
12.370000 -0.040140
12.380000 -0.033001
12.390000 -0.025802
12.400000 -0.018543
12.410000 -0.011227
12.420000 -0.003856
12.430000 0.003569
12.440000 0.011045
12.450000 0.018571
12.460000 0.026144
12.470000 0.033762
12.480000 0.041423
12.490000 0.049124
12.500000 0.056864
12.510000 0.064639
12.520000 0.072448
12.530000 0.080287
12.540000 0.088155
12.550000 0.096048
12.560000 0.103964
12.570000 0.111901
12.580000 0.119855
12.590000 0.127824
12.600000 0.135805
12.610000 0.143795
12.620000 0.151792
12.630000 0.159792
12.640000 0.167793
12.650000 0.175791
12.660000 0.183784
12.670000 0.191768
12.680000 0.199740
12.690000 0.207698
12.700000 0.215638
12.710000 0.223558
12.720000 0.231453
12.730000 0.239321
12.740000 0.247159
12.750000 0.254963
12.760000 0.262731
12.770000 0.270458
12.780000 0.278143
12.790000 0.285781
12.800000 0.293369
12.810000 0.300904
12.820000 0.308384
12.830000 0.315804
12.840000 0.323162
12.850000 0.330454
12.860000 0.337677
12.870000 0.344828
12.880000 0.351903
12.890000 0.358901
12.900000 0.365816
12.910000 0.372647
12.920000 0.379390
12.930000 0.386042
12.940000 0.392600
12.950000 0.399061
12.960000 0.405422
12.970000 0.411681
12.980000 0.417833
12.990000 0.423876
13.000000 0.429808
13.010000 0.435626
13.020000 0.441326
13.030000 0.446906
13.040000 0.452363
13.050000 0.457695
13.060000 0.462900
13.070000 0.467973
13.080000 0.472914
13.090000 0.477720
13.100000 0.482388
13.110000 0.486916
13.120000 0.491301
13.130000 0.495543
13.140000 0.499637
13.150000 0.503583
13.160000 0.507379
13.170000 0.511021
13.180000 0.514510
13.190000 0.517842
13.200000 0.521016
13.210000 0.524031
13.220000 0.526885
13.230000 0.529576
13.240000 0.532103
13.250000 0.534465
13.260000 0.536660
13.270000 0.538688
13.280000 0.540546
13.290000 0.542235
13.300000 0.543754
13.310000 0.545100
13.320000 0.546275
13.330000 0.547276
13.340000 0.548104
13.350000 0.548758
13.360000 0.549237
13.370000 0.549542
13.380000 0.549672
13.390000 0.549626
13.400000 0.549406
13.410000 0.549010
13.420000 0.548440
13.430000 0.547694
13.440000 0.546775
13.450000 0.545681
13.460000 0.544413
13.470000 0.542973
13.480000 0.541360
13.490000 0.539576
13.500000 0.537621
13.510000 0.535496
13.520000 0.533202
13.530000 0.530741
13.540000 0.528113
13.550000 0.525320
13.560000 0.522363
13.570000 0.519244
13.580000 0.515963
13.590000 0.512524
13.600000 0.508926
13.610000 0.505173
13.620000 0.501265
13.630000 0.497206
13.640000 0.492996
13.650000 0.488638
13.660000 0.484135
13.670000 0.479487
13.680000 0.474698
13.690000 0.469770
13.700000 0.464705
13.710000 0.459506
13.720000 0.454175
13.730000 0.448716
13.740000 0.443129
13.750000 0.437419
13.760000 0.431589
13.770000 0.425640
13.780000 0.419576
13.790000 0.413399
13.800000 0.407114
13.810000 0.400722
13.820000 0.394228
13.830000 0.387633
13.840000 0.380942
13.850000 0.374157
13.860000 0.367281
13.870000 0.360319
13.880000 0.353273
13.890000 0.346147
13.900000 0.338944
13.910000 0.331667
13.920000 0.324320
13.930000 0.316906
13.940000 0.309430
13.950000 0.301894
13.960000 0.294301
13.970000 0.286656
13.980000 0.278962
13.990000 0.271222
14.000000 0.263441
14.010000 0.255621
14.020000 0.247766
14.030000 0.239880
14.040000 0.231966
14.050000 0.224028
14.060000 0.216069
14.070000 0.208094
14.080000 0.200104
14.090000 0.192105
14.100000 0.184100
14.110000 0.176091
14.120000 0.168083
14.130000 0.160079
14.140000 0.152082
14.150000 0.144097
14.160000 0.136125
14.170000 0.128171
14.180000 0.120238
14.190000 0.112328
14.200000 0.104447
14.210000 0.096596
14.220000 0.088778
14.230000 0.080998
14.240000 0.073258
14.250000 0.065561
14.260000 0.057910
14.270000 0.050308
14.280000 0.042759
14.290000 0.035264
14.300000 0.027827
14.310000 0.020450
14.320000 0.013137
14.330000 0.005890
14.340000 -0.001289
14.350000 -0.008396
14.360000 -0.015430
14.370000 -0.022388
14.380000 -0.029268
14.390000 -0.036067
14.400000 -0.042783
14.410000 -0.049413
14.420000 -0.055957
14.430000 -0.062411
14.440000 -0.068773
14.450000 -0.075043
14.460000 -0.081217
14.470000 -0.087294
14.480000 -0.093272
14.490000 -0.099150
14.500000 -0.104927
14.510000 -0.110599
14.520000 -0.116167
14.530000 -0.121628
14.540000 -0.126982
14.550000 -0.132227
14.560000 -0.137362
14.570000 -0.142385
14.580000 -0.147297
14.590000 -0.152095
14.600000 -0.156780
14.610000 -0.161349
14.620000 -0.165803
14.630000 -0.170140
14.640000 -0.174361
14.650000 -0.178464
14.660000 -0.182449
14.670000 -0.186316
14.680000 -0.190064
14.690000 -0.193694
14.700000 -0.197204
14.710000 -0.200595
14.720000 -0.203867
14.730000 -0.207019
14.740000 -0.210052
14.750000 -0.212966
14.760000 -0.215761
14.770000 -0.218437
14.780000 -0.220995
14.790000 -0.223435
14.800000 -0.225758
14.810000 -0.227963
14.820000 -0.230052
14.830000 -0.232025
14.840000 -0.233883
14.850000 -0.235626
14.860000 -0.237255
14.870000 -0.238772
14.880000 -0.240177
14.890000 -0.241471
14.900000 -0.242654
14.910000 -0.243729
14.920000 -0.244695
14.930000 -0.245555
14.940000 -0.246309
14.950000 -0.246959
14.960000 -0.247505
14.970000 -0.247950
14.980000 -0.248294
14.990000 -0.248539
15.000000 -0.248686
15.010000 -0.248737
15.020000 -0.248693
15.030000 -0.248556
15.040000 -0.248326
15.050000 -0.248007
15.060000 -0.247599
15.070000 -0.247104
15.080000 -0.246524
15.090000 -0.245861
15.100000 -0.245115
15.110000 -0.244289
15.120000 -0.243385
15.130000 -0.242404
15.140000 -0.241349
15.150000 -0.240220
15.160000 -0.239020
15.170000 -0.237751
15.180000 -0.236414
15.190000 -0.235012
15.200000 -0.233546
15.210000 -0.232017
15.220000 -0.230429
15.230000 -0.228783
15.240000 -0.227080
15.250000 -0.225323
15.260000 -0.223514
15.270000 -0.221653
15.280000 -0.219745
15.290000 -0.217789
15.300000 -0.215789
15.310000 -0.213746
15.320000 -0.211662
15.330000 -0.209538
15.340000 -0.207377
15.350000 -0.205181
15.360000 -0.202951
15.370000 -0.200690
15.380000 -0.198398
15.390000 -0.196079
15.400000 -0.193733
15.410000 -0.191363
15.420000 -0.188970
15.430000 -0.186556
15.440000 -0.184123
15.450000 -0.181672
15.460000 -0.179206
15.470000 -0.176726
15.480000 -0.174234
15.490000 -0.171731
15.500000 -0.169219
15.510000 -0.166699
15.520000 -0.164173
15.530000 -0.161644
15.540000 -0.159111
15.550000 -0.156577
15.560000 -0.154044
15.570000 -0.151512
15.580000 -0.148983
15.590000 -0.146459
15.600000 -0.143941
15.610000 -0.141430
15.620000 -0.138927
15.630000 -0.136435
15.640000 -0.133953
15.650000 -0.131484
15.660000 -0.129029
15.670000 -0.126588
15.680000 -0.124164
15.690000 -0.121756
15.700000 -0.119366
15.710000 -0.116996
15.720000 -0.114645
15.730000 -0.112316
15.740000 -0.110009
15.750000 -0.107725
15.760000 -0.105465
15.770000 -0.103230
15.780000 -0.101020
15.790000 -0.098837
15.800000 -0.096681
15.810000 -0.094553
15.820000 -0.092453
15.830000 -0.090383
15.840000 -0.088343
15.850000 -0.086333
15.860000 -0.084355
15.870000 -0.082408
15.880000 -0.080493
15.890000 -0.078611
15.900000 -0.076762
15.910000 -0.074946
15.920000 -0.073165
15.930000 -0.071418
15.940000 -0.069705
15.950000 -0.068028
15.960000 -0.066385
15.970000 -0.064779
15.980000 -0.063207
15.990000 -0.061672
16.000000 -0.060173
16.010000 -0.058710
16.020000 -0.057283
16.030000 -0.055893
16.040000 -0.054539
16.050000 -0.053222
16.060000 -0.051941
16.070000 -0.050697
16.080000 -0.049489
16.090000 -0.048318
16.100000 -0.047183
16.110000 -0.046084
16.120000 -0.045022
16.130000 -0.043995
16.140000 -0.043005
16.150000 -0.042050
16.160000 -0.041130
16.170000 -0.040246
16.180000 -0.039396
16.190000 -0.038582
16.200000 -0.037801
16.210000 -0.037055
16.220000 -0.036343
16.230000 -0.035665
16.240000 -0.035019
16.250000 -0.034407
16.260000 -0.033827
16.270000 -0.033279
16.280000 -0.032763
16.290000 -0.032279
16.300000 -0.031825
16.310000 -0.031402
16.320000 -0.031009
16.330000 -0.030645
16.340000 -0.030311
16.350000 -0.030006
16.360000 -0.029729
16.370000 -0.029480
16.380000 -0.029258
16.390000 -0.029063
16.400000 -0.028894
16.410000 -0.028751
16.420000 -0.028634
16.430000 -0.028542
16.440000 -0.028474
16.450000 -0.028429
16.460000 -0.028409
16.470000 -0.028411
16.480000 -0.028435
16.490000 -0.028481
16.500000 -0.028549
16.510000 -0.028637
16.520000 -0.028746
16.530000 -0.028874
16.540000 -0.029022
16.550000 -0.029188
16.560000 -0.029373
16.570000 -0.029575
16.580000 -0.029795
16.590000 -0.030031
16.600000 -0.030283
16.610000 -0.030552
16.620000 -0.030835
16.630000 -0.031133
16.640000 -0.031445
16.650000 -0.031771
16.660000 -0.032111
16.670000 -0.032463
16.680000 -0.032828
16.690000 -0.033204
16.700000 -0.033592
16.710000 -0.033991
16.720000 -0.034400
16.730000 -0.034820
16.740000 -0.035249
16.750000 -0.035688
16.760000 -0.036135
16.770000 -0.036591
16.780000 -0.037055
16.790000 -0.037526
16.800000 -0.038005
16.810000 -0.038490
16.820000 -0.038982
16.830000 -0.039481
16.840000 -0.039985
16.850000 -0.040494
16.860000 -0.041008
16.870000 -0.041527
16.880000 -0.042051
16.890000 -0.042578
16.900000 -0.043109
16.910000 -0.043644
16.920000 -0.044181
16.930000 -0.044722
16.940000 -0.045265
16.950000 -0.045810
16.960000 -0.046357
16.970000 -0.046906
16.980000 -0.047456
16.990000 -0.048007
17.000000 -0.048559
17.010000 -0.049112
17.020000 -0.049665
17.030000 -0.050218
17.040000 -0.050772
17.050000 -0.051324
17.060000 -0.051876
17.070000 -0.052428
17.080000 -0.052978
17.090000 -0.053527
17.100000 -0.054074
17.110000 -0.054620
17.120000 -0.055164
17.130000 -0.055706
17.140000 -0.056245
17.150000 -0.056782
17.160000 -0.057317
17.170000 -0.057848
17.180000 -0.058376
17.190000 -0.058901
17.200000 -0.059422
17.210000 -0.059940
17.220000 -0.060453
17.230000 -0.060963
17.240000 -0.061468
17.250000 -0.061968
17.260000 -0.062464
17.270000 -0.062955
17.280000 -0.063441
17.290000 -0.063921
17.300000 -0.064396
17.310000 -0.064865
17.320000 -0.065328
17.330000 -0.065785
17.340000 -0.066236
17.350000 -0.066679
17.360000 -0.067116
17.370000 -0.067546
17.380000 -0.067968
17.390000 -0.068383
17.400000 -0.068790
17.410000 -0.069189
17.420000 -0.069579
17.430000 -0.069961
17.440000 -0.070334
17.450000 -0.070697
17.460000 -0.071051
17.470000 -0.071396
17.480000 -0.071730
17.490000 -0.072054
17.500000 -0.072367
17.510000 -0.072669
17.520000 -0.072960
17.530000 -0.073239
17.540000 -0.073506
17.550000 -0.073760
17.560000 -0.074002
17.570000 -0.074231
17.580000 -0.074446
17.590000 -0.074647
17.600000 -0.074833
17.610000 -0.075005
17.620000 -0.075162
17.630000 -0.075303
17.640000 -0.075428
17.650000 -0.075537
17.660000 -0.075628
17.670000 -0.075702
17.680000 -0.075758
17.690000 -0.075796
17.700000 -0.075814
17.710000 -0.075813
17.720000 -0.075792
17.730000 -0.075751
17.740000 -0.075688
17.750000 -0.075603
17.760000 -0.075497
17.770000 -0.075367
17.780000 -0.075214
17.790000 -0.075037
17.800000 -0.074835
17.810000 -0.074608
17.820000 -0.074355
17.830000 -0.074076
17.840000 -0.073769
17.850000 -0.073434
17.860000 -0.073071
17.870000 -0.072678
17.880000 -0.072256
17.890000 -0.071802
17.900000 -0.071318
17.910000 -0.070801
17.920000 -0.070251
17.930000 -0.069667
17.940000 -0.069049
17.950000 -0.068396
17.960000 -0.067707
17.970000 -0.066981
17.980000 -0.066218
17.990000 -0.065416
18.000000 -0.064575
18.010000 -0.063695
18.020000 -0.062773
18.030000 -0.061810
18.040000 -0.060804
18.050000 -0.059755
18.060000 -0.058662
18.070000 -0.057525
18.080000 -0.056341
18.090000 -0.055110
18.100000 -0.053832
18.110000 -0.052506
18.120000 -0.051130
18.130000 -0.049705
18.140000 -0.048228
18.150000 -0.046699
18.160000 -0.045118
18.170000 -0.043483
18.180000 -0.041793
18.190000 -0.040048
18.200000 -0.038247
18.210000 -0.036389
18.220000 -0.034473
18.230000 -0.032498
18.240000 -0.030464
18.250000 -0.028368
18.260000 -0.026212
18.270000 -0.023993
18.280000 -0.021712
18.290000 -0.019366
18.300000 -0.016956
18.310000 -0.014480
18.320000 -0.011939
18.330000 -0.009330
18.340000 -0.006653
18.350000 -0.003908
18.360000 -0.001093
18.370000 0.001791
18.380000 0.004746
18.390000 0.007773
18.400000 0.010872
18.410000 0.014043
18.420000 0.017288
18.430000 0.020607
18.440000 0.024001
18.450000 0.027469
18.460000 0.031014
18.470000 0.034635
18.480000 0.038332
18.490000 0.042107
18.500000 0.045960
18.510000 0.049891
18.520000 0.053900
18.530000 0.057988
18.540000 0.062156
18.550000 0.066403
18.560000 0.070730
18.570000 0.075138
18.580000 0.079625
18.590000 0.084193
18.600000 0.088842
18.610000 0.093571
18.620000 0.098381
18.630000 0.103273
18.640000 0.108244
18.650000 0.113297
18.660000 0.118430
18.670000 0.123644
18.680000 0.128938
18.690000 0.134312
18.700000 0.139766
18.710000 0.145300
18.720000 0.150913
18.730000 0.156604
18.740000 0.162374
18.750000 0.168221
18.760000 0.174146
18.770000 0.180147
18.780000 0.186224
18.790000 0.192376
18.800000 0.198602
18.810000 0.204902
18.820000 0.211275
18.830000 0.217720
18.840000 0.224235
18.850000 0.230819
18.860000 0.237473
18.870000 0.244194
18.880000 0.250980
18.890000 0.257832
18.900000 0.264748
18.910000 0.271725
18.920000 0.278763
18.930000 0.285860
18.940000 0.293015
18.950000 0.300225
18.960000 0.307490
18.970000 0.314808
18.980000 0.322175
18.990000 0.329592
19.000000 0.337055
19.010000 0.344563
19.020000 0.352114
19.030000 0.359706
19.040000 0.367335
19.050000 0.375001
19.060000 0.382701
19.070000 0.390432
19.080000 0.398192
19.090000 0.405979
19.100000 0.413789
19.110000 0.421622
19.120000 0.429472
19.130000 0.437339
19.140000 0.445219
19.150000 0.453110
19.160000 0.461008
19.170000 0.468911
19.180000 0.476815
19.190000 0.484718
19.200000 0.492617
19.210000 0.500508
19.220000 0.508388
19.230000 0.516255
19.240000 0.524104
19.250000 0.531933
19.260000 0.539737
19.270000 0.547515
19.280000 0.555261
19.290000 0.562974
19.300000 0.570649
19.310000 0.578282
19.320000 0.585871
19.330000 0.593412
19.340000 0.600900
19.350000 0.608333
19.360000 0.615706
19.370000 0.623016
19.380000 0.630260
19.390000 0.637433
19.400000 0.644532
19.410000 0.651552
19.420000 0.658491
19.430000 0.665344
19.440000 0.672107
19.450000 0.678778
19.460000 0.685351
19.470000 0.691823
19.480000 0.698190
19.490000 0.704449
19.500000 0.710595
19.510000 0.716625
19.520000 0.722536
19.530000 0.728322
19.540000 0.733981
19.550000 0.739508
19.560000 0.744900
19.570000 0.750154
19.580000 0.755265
19.590000 0.760230
19.600000 0.765046
19.610000 0.769708
19.620000 0.774213
19.630000 0.778558
19.640000 0.782739
19.650000 0.786753
19.660000 0.790596
19.670000 0.794265
19.680000 0.797757
19.690000 0.801068
19.700000 0.804196
19.710000 0.807137
19.720000 0.809888
19.730000 0.812446
19.740000 0.814808
19.750000 0.816972
19.760000 0.818934
19.770000 0.820693
19.780000 0.822244
19.790000 0.823586
19.800000 0.824717
19.810000 0.825633
19.820000 0.826333
19.830000 0.826814
19.840000 0.827074
19.850000 0.827111
19.860000 0.826924
19.870000 0.826509
19.880000 0.825867
19.890000 0.824994
19.900000 0.823889
19.910000 0.822551
19.920000 0.820979
19.930000 0.819171
19.940000 0.817126
19.950000 0.814843
19.960000 0.812321
19.970000 0.809560
19.980000 0.806558
19.990000 0.803315
20.000000 0.799831
20.010000 0.796105
20.020000 0.792137
20.030000 0.787926
20.040000 0.783474
20.050000 0.778779
20.060000 0.773842
20.070000 0.768664
20.080000 0.763245
20.090000 0.757585
20.100000 0.751686
20.110000 0.745547
20.120000 0.739170
20.130000 0.732557
20.140000 0.725708
20.150000 0.718624
20.160000 0.711307
20.170000 0.703759
20.180000 0.695980
20.190000 0.687974
20.200000 0.679742
20.210000 0.671285
20.220000 0.662607
20.230000 0.653709
20.240000 0.644593
20.250000 0.635263
20.260000 0.625720
20.270000 0.615968
20.280000 0.606009
20.290000 0.595846
20.300000 0.585482
20.310000 0.574921
20.320000 0.564165
20.330000 0.553218
20.340000 0.542084
20.350000 0.530765
20.360000 0.519266
20.370000 0.507591
20.380000 0.495742
20.390000 0.483725
20.400000 0.471543
20.410000 0.459200
20.420000 0.446700
20.430000 0.434048
20.440000 0.421248
20.450000 0.408304
20.460000 0.395222
20.470000 0.382004
20.480000 0.368657
20.490000 0.355185
20.500000 0.341593
20.510000 0.327885
20.520000 0.314066
20.530000 0.300142
20.540000 0.286116
20.550000 0.271996
20.560000 0.257784
20.570000 0.243488
20.580000 0.229111
20.590000 0.214659
20.600000 0.200137
20.610000 0.185551
20.620000 0.170906
20.630000 0.156207
20.640000 0.141459
20.650000 0.126668
20.660000 0.111840
20.670000 0.096980
20.680000 0.082092
20.690000 0.067184
20.700000 0.052259
20.710000 0.037323
20.720000 0.022383
20.730000 0.007443
20.740000 -0.007492
20.750000 -0.022415
20.760000 -0.037322
20.770000 -0.052208
20.780000 -0.067066
20.790000 -0.081891
20.800000 -0.096679
20.810000 -0.111424
20.820000 -0.126121
20.830000 -0.140764
20.840000 -0.155349
20.850000 -0.169870
20.860000 -0.184323
20.870000 -0.198702
20.880000 -0.213002
20.890000 -0.227219
20.900000 -0.241347
20.910000 -0.255383
20.920000 -0.269320
20.930000 -0.283156
20.940000 -0.296884
20.950000 -0.310500
20.960000 -0.324000
20.970000 -0.337381
20.980000 -0.350636
20.990000 -0.363763
21.000000 -0.376756
21.010000 -0.389613
21.020000 -0.402328
21.030000 -0.414899
21.040000 -0.427320
21.050000 -0.439590
21.060000 -0.451703
21.070000 -0.463657
21.080000 -0.475448
21.090000 -0.487073
21.100000 -0.498529
21.110000 -0.509811
21.120000 -0.520918
21.130000 -0.531847
21.140000 -0.542594
21.150000 -0.553158
21.160000 -0.563534
21.170000 -0.573721
21.180000 -0.583717
21.190000 -0.593519
21.200000 -0.603125
21.210000 -0.612533
21.220000 -0.621740
21.230000 -0.630746
21.240000 -0.639548
21.250000 -0.648145
21.260000 -0.656534
21.270000 -0.664716
21.280000 -0.672688
21.290000 -0.680449
21.300000 -0.687998
21.310000 -0.695334
21.320000 -0.702457
21.330000 -0.709365
21.340000 -0.716058
21.350000 -0.722535
21.360000 -0.728796
21.370000 -0.734841
21.380000 -0.740669
21.390000 -0.746280
21.400000 -0.751675
21.410000 -0.756852
21.420000 -0.761813
21.430000 -0.766558
21.440000 -0.771087
21.450000 -0.775401
21.460000 -0.779500
21.470000 -0.783385
21.480000 -0.787056
21.490000 -0.790515
21.500000 -0.793763
21.510000 -0.796800
21.520000 -0.799628
21.530000 -0.802248
21.540000 -0.804662
21.550000 -0.806870
21.560000 -0.808874
21.570000 -0.810677
21.580000 -0.812278
21.590000 -0.813681
21.600000 -0.814887
21.610000 -0.815898
21.620000 -0.816715
21.630000 -0.817342
21.640000 -0.817779
21.650000 -0.818030
21.660000 -0.818095
21.670000 -0.817979
21.680000 -0.817682
21.690000 -0.817208
21.700000 -0.816559
21.710000 -0.815737
21.720000 -0.814745
21.730000 -0.813585
21.740000 -0.812261
21.750000 -0.810775
21.760000 -0.809129
21.770000 -0.807326
21.780000 -0.805370
21.790000 -0.803263
21.800000 -0.801008
21.810000 -0.798609
21.820000 -0.796066
21.830000 -0.793385
21.840000 -0.790568
21.850000 -0.787618
21.860000 -0.784538
21.870000 -0.781331
21.880000 -0.778000
21.890000 -0.774548
21.900000 -0.770979
21.910000 -0.767295
21.920000 -0.763500
21.930000 -0.759597
21.940000 -0.755589
21.950000 -0.751479
21.960000 -0.747270
21.970000 -0.742966
21.980000 -0.738570
21.990000 -0.734084
22.000000 -0.729512
22.010000 -0.724857
22.020000 -0.720123
22.030000 -0.715311
22.040000 -0.710426
22.050000 -0.705471
22.060000 -0.700447
22.070000 -0.695360
22.080000 -0.690211
22.090000 -0.685004
22.100000 -0.679741
22.110000 -0.674426
22.120000 -0.669061
22.130000 -0.663649
22.140000 -0.658194
22.150000 -0.652698
22.160000 -0.647164
22.170000 -0.641594
22.180000 -0.635992
22.190000 -0.630360
22.200000 -0.624701
22.210000 -0.619017
22.220000 -0.613311
22.230000 -0.607586
22.240000 -0.601844
22.250000 -0.596087
22.260000 -0.590319
22.270000 -0.584541
22.280000 -0.578756
22.290000 -0.572966
22.300000 -0.567173
22.310000 -0.561380
22.320000 -0.555589
22.330000 -0.549802
22.340000 -0.544020
22.350000 -0.538247
22.360000 -0.532484
22.370000 -0.526733
22.380000 -0.520996
22.390000 -0.515274
22.400000 -0.509571
22.410000 -0.503886
22.420000 -0.498223
22.430000 -0.492582
22.440000 -0.486966
22.450000 -0.481375
22.460000 -0.475812
22.470000 -0.470278
22.480000 -0.464774
22.490000 -0.459302
22.500000 -0.453863
22.510000 -0.448458
22.520000 -0.443089
22.530000 -0.437756
22.540000 -0.432462
22.550000 -0.427206
22.560000 -0.421990
22.570000 -0.416816
22.580000 -0.411683
22.590000 -0.406594
22.600000 -0.401548
22.610000 -0.396547
22.620000 -0.391591
22.630000 -0.386681
22.640000 -0.381818
22.650000 -0.377003
22.660000 -0.372236
22.670000 -0.367517
22.680000 -0.362848
22.690000 -0.358229
22.700000 -0.353659
22.710000 -0.349141
22.720000 -0.344673
22.730000 -0.340257
22.740000 -0.335893
22.750000 -0.331581
22.760000 -0.327320
22.770000 -0.323113
22.780000 -0.318958
22.790000 -0.314856
22.800000 -0.310807
22.810000 -0.306810
22.820000 -0.302867
22.830000 -0.298978
22.840000 -0.295141
22.850000 -0.291357
22.860000 -0.287627
22.870000 -0.283949
22.880000 -0.280325
22.890000 -0.276753
22.900000 -0.273234
22.910000 -0.269768
22.920000 -0.266354
22.930000 -0.262992
22.940000 -0.259682
22.950000 -0.256424
22.960000 -0.253217
22.970000 -0.250062
22.980000 -0.246957
22.990000 -0.243903
23.000000 -0.240899
23.010000 -0.237945
23.020000 -0.235041
23.030000 -0.232186
23.040000 -0.229380
23.050000 -0.226622
23.060000 -0.223912
23.070000 -0.221250
23.080000 -0.218635
23.090000 -0.216067
23.100000 -0.213546
23.110000 -0.211070
23.120000 -0.208640
23.130000 -0.206255
23.140000 -0.203915
23.150000 -0.201618
23.160000 -0.199365
23.170000 -0.197156
23.180000 -0.194989
23.190000 -0.192865
23.200000 -0.190782
23.210000 -0.188740
23.220000 -0.186739
23.230000 -0.184779
23.240000 -0.182858
23.250000 -0.180976
23.260000 -0.179133
23.270000 -0.177329
23.280000 -0.175562
23.290000 -0.173833
23.300000 -0.172140
23.310000 -0.170483
23.320000 -0.168863
23.330000 -0.167277
23.340000 -0.165727
23.350000 -0.164211
23.360000 -0.162728
23.370000 -0.161279
23.380000 -0.159863
23.390000 -0.158479
23.400000 -0.157127
23.410000 -0.155806
23.420000 -0.154516
23.430000 -0.153257
23.440000 -0.152028
23.450000 -0.150828
23.460000 -0.149657
23.470000 -0.148515
23.480000 -0.147401
23.490000 -0.146314
23.500000 -0.145255
23.510000 -0.144222
23.520000 -0.143215
23.530000 -0.142235
23.540000 -0.141280
23.550000 -0.140349
23.560000 -0.139443
23.570000 -0.138562
23.580000 -0.137703
23.590000 -0.136868
23.600000 -0.136056
23.610000 -0.135266
23.620000 -0.134498
23.630000 -0.133751
23.640000 -0.133025
23.650000 -0.132319
23.660000 -0.131634
23.670000 -0.130969
23.680000 -0.130322
23.690000 -0.129695
23.700000 -0.129086
23.710000 -0.128495
23.720000 -0.127921
23.730000 -0.127365
23.740000 -0.126825
23.750000 -0.126302
23.760000 -0.125794
23.770000 -0.125301
23.780000 -0.124824
23.790000 -0.124361
23.800000 -0.123912
23.810000 -0.123477
23.820000 -0.123054
23.830000 -0.122645
23.840000 -0.122248
23.850000 -0.121862
23.860000 -0.121488
23.870000 -0.121125
23.880000 -0.120772
23.890000 -0.120429
23.900000 -0.120096
23.910000 -0.119772
23.920000 -0.119456
23.930000 -0.119148
23.940000 -0.118848
23.950000 -0.118554
23.960000 -0.118268
23.970000 -0.117987
23.980000 -0.117712
23.990000 -0.117442
24.000000 -0.117177
24.010000 -0.116915
24.020000 -0.116657
24.030000 -0.116402
24.040000 -0.116150
24.050000 -0.115899
24.060000 -0.115649
24.070000 -0.115401
24.080000 -0.115152
24.090000 -0.114904
24.100000 -0.114654
24.110000 -0.114403
24.120000 -0.114149
24.130000 -0.113893
24.140000 -0.113634
24.150000 -0.113371
24.160000 -0.113104
24.170000 -0.112831
24.180000 -0.112553
24.190000 -0.112269
24.200000 -0.111977
24.210000 -0.111679
24.220000 -0.111372
24.230000 -0.111056
24.240000 -0.110731
24.250000 -0.110396
24.260000 -0.110051
24.270000 -0.109694
24.280000 -0.109325
24.290000 -0.108944
24.300000 -0.108549
24.310000 -0.108141
24.320000 -0.107718
24.330000 -0.107280
24.340000 -0.106826
24.350000 -0.106356
24.360000 -0.105868
24.370000 -0.105363
24.380000 -0.104839
24.390000 -0.104297
24.400000 -0.103735
24.410000 -0.103152
24.420000 -0.102548
24.430000 -0.101923
24.440000 -0.101276
24.450000 -0.100605
24.460000 -0.099911
24.470000 -0.099193
24.480000 -0.098451
24.490000 -0.097682
24.500000 -0.096888
24.510000 -0.096068
24.520000 -0.095220
24.530000 -0.094344
24.540000 -0.093441
24.550000 -0.092508
24.560000 -0.091546
24.570000 -0.090554
24.580000 -0.089531
24.590000 -0.088477
24.600000 -0.087392
24.610000 -0.086274
24.620000 -0.085124
24.630000 -0.083942
24.640000 -0.082725
24.650000 -0.081475
24.660000 -0.080190
24.670000 -0.078870
24.680000 -0.077515
24.690000 -0.076125
24.700000 -0.074698
24.710000 -0.073236
24.720000 -0.071736
24.730000 -0.070200
24.740000 -0.068626
24.750000 -0.067015
24.760000 -0.065366
24.770000 -0.063679
24.780000 -0.061953
24.790000 -0.060189
24.800000 -0.058387
24.810000 -0.056545
24.820000 -0.054665
24.830000 -0.052745
24.840000 -0.050787
24.850000 -0.048789
24.860000 -0.046752
24.870000 -0.044675
24.880000 -0.042560
24.890000 -0.040405
24.900000 -0.038211
24.910000 -0.035978
24.920000 -0.033706
24.930000 -0.031395
24.940000 -0.029045
24.950000 -0.026657
24.960000 -0.024231
24.970000 -0.021766
24.980000 -0.019264
24.990000 -0.016725
25.000000 -0.014148
25.010000 -0.011535
25.020000 -0.008885
25.030000 -0.006200
25.040000 -0.003478
25.050000 -0.000722
25.060000 0.002069
25.070000 0.004893
25.080000 0.007752
25.090000 0.010643
25.100000 0.013566
25.110000 0.016521
25.120000 0.019507
25.130000 0.022523
25.140000 0.025569
25.150000 0.028644
25.160000 0.031746
25.170000 0.034876
25.180000 0.038033
25.190000 0.041215
25.200000 0.044421
25.210000 0.047651
25.220000 0.050905
25.230000 0.054180
25.240000 0.057476
25.250000 0.060791
25.260000 0.064126
25.270000 0.067479
25.280000 0.070848
25.290000 0.074233
25.300000 0.077632
25.310000 0.081045
25.320000 0.084471
25.330000 0.087907
25.340000 0.091353
25.350000 0.094808
25.360000 0.098270
25.370000 0.101739
25.380000 0.105212
25.390000 0.108689
25.400000 0.112169
25.410000 0.115649
25.420000 0.119129
25.430000 0.122608
25.440000 0.126084
25.450000 0.129555
25.460000 0.133021
25.470000 0.136479
25.480000 0.139929
25.490000 0.143370
25.500000 0.146799
25.510000 0.150215
25.520000 0.153618
25.530000 0.157005
25.540000 0.160375
25.550000 0.163727
25.560000 0.167059
25.570000 0.170371
25.580000 0.173659
25.590000 0.176924
25.600000 0.180163
25.610000 0.183376
25.620000 0.186560
25.630000 0.189715
25.640000 0.192839
25.650000 0.195931
25.660000 0.198989
25.670000 0.202012
25.680000 0.204999
25.690000 0.207948
25.700000 0.210858
25.710000 0.213727
25.720000 0.216555
25.730000 0.219340
25.740000 0.222081
25.750000 0.224777
25.760000 0.227426
25.770000 0.230027
25.780000 0.232579
25.790000 0.235080
25.800000 0.237531
25.810000 0.239929
25.820000 0.242273
25.830000 0.244563
25.840000 0.246797
25.850000 0.248975
25.860000 0.251095
25.870000 0.253156
25.880000 0.255158
25.890000 0.257099
25.900000 0.258978
25.910000 0.260796
25.920000 0.262551
25.930000 0.264241
25.940000 0.265868
25.950000 0.267428
25.960000 0.268924
25.970000 0.270352
25.980000 0.271713
25.990000 0.273006
26.000000 0.274232
26.010000 0.275388
26.020000 0.276475
26.030000 0.277492
26.040000 0.278439
26.050000 0.279315
26.060000 0.280121
26.070000 0.280856
26.080000 0.281519
26.090000 0.282110
26.100000 0.282630
26.110000 0.283078
26.120000 0.283454
26.130000 0.283758
26.140000 0.283990
26.150000 0.284150
26.160000 0.284238
26.170000 0.284255
26.180000 0.284199
26.190000 0.284072
26.200000 0.283874
26.210000 0.283604
26.220000 0.283264
26.230000 0.282853
26.240000 0.282373
26.250000 0.281822
26.260000 0.281202
26.270000 0.280514
26.280000 0.279757
26.290000 0.278933
26.300000 0.278041
26.310000 0.277083
26.320000 0.276059
26.330000 0.274970
26.340000 0.273817
26.350000 0.272599
26.360000 0.271319
26.370000 0.269977
26.380000 0.268573
26.390000 0.267109
26.400000 0.265585
26.410000 0.264003
26.420000 0.262363
26.430000 0.260667
26.440000 0.258915
26.450000 0.257108
26.460000 0.255248
26.470000 0.253335
26.480000 0.251371
26.490000 0.249357
26.500000 0.247293
26.510000 0.245182
26.520000 0.243024
26.530000 0.240820
26.540000 0.238573
26.550000 0.236282
26.560000 0.233949
26.570000 0.231575
26.580000 0.229163
26.590000 0.226712
26.600000 0.224225
26.610000 0.221702
26.620000 0.219145
26.630000 0.216556
26.640000 0.213935
26.650000 0.211284
26.660000 0.208604
26.670000 0.205897
26.680000 0.203165
26.690000 0.200407
26.700000 0.197626
26.710000 0.194823
26.720000 0.192000
26.730000 0.189158
26.740000 0.186297
26.750000 0.183421
26.760000 0.180529
26.770000 0.177623
26.780000 0.174705
26.790000 0.171775
26.800000 0.168836
26.810000 0.165889
26.820000 0.162934
26.830000 0.159973
26.840000 0.157008
26.850000 0.154039
26.860000 0.151068
26.870000 0.148096
26.880000 0.145125
26.890000 0.142155
26.900000 0.139187
26.910000 0.136224
26.920000 0.133266
26.930000 0.130314
26.940000 0.127369
26.950000 0.124432
26.960000 0.121505
26.970000 0.118589
26.980000 0.115684
26.990000 0.112791
27.000000 0.109913
27.010000 0.107048
27.020000 0.104199
27.030000 0.101367
27.040000 0.098551
27.050000 0.095754
27.060000 0.092976
27.070000 0.090217
27.080000 0.087479
27.090000 0.084762
27.100000 0.082068
27.110000 0.079396
27.120000 0.076747
27.130000 0.074123
27.140000 0.071523
27.150000 0.068948
27.160000 0.066400
27.170000 0.063877
27.180000 0.061382
27.190000 0.058914
27.200000 0.056474
27.210000 0.054063
27.220000 0.051680
27.230000 0.049326
27.240000 0.047001
27.250000 0.044707
27.260000 0.042442
27.270000 0.040208
27.280000 0.038005
27.290000 0.035832
27.300000 0.033690
27.310000 0.031580
27.320000 0.029500
27.330000 0.027452
27.340000 0.025436
27.350000 0.023452
27.360000 0.021499
27.370000 0.019577
27.380000 0.017688
27.390000 0.015830
27.400000 0.014003
27.410000 0.012208
27.420000 0.010445
27.430000 0.008713
27.440000 0.007012
27.450000 0.005342
27.460000 0.003703
27.470000 0.002095
27.480000 0.000518
27.490000 -0.001030
27.500000 -0.002547
27.510000 -0.004034
27.520000 -0.005492
27.530000 -0.006921
27.540000 -0.008321
27.550000 -0.009692
27.560000 -0.011034
27.570000 -0.012349
27.580000 -0.013636
27.590000 -0.014895
27.600000 -0.016128
27.610000 -0.017334
27.620000 -0.018514
27.630000 -0.019668
27.640000 -0.020797
27.650000 -0.021901
27.660000 -0.022980
27.670000 -0.024035
27.680000 -0.025066
27.690000 -0.026074
27.700000 -0.027059
27.710000 -0.028021
27.720000 -0.028962
27.730000 -0.029881
27.740000 -0.030779
27.750000 -0.031656
27.760000 -0.032513
27.770000 -0.033350
27.780000 -0.034167
27.790000 -0.034966
27.800000 -0.035746
27.810000 -0.036509
27.820000 -0.037253
27.830000 -0.037980
27.840000 -0.038691
27.850000 -0.039385
27.860000 -0.040063
27.870000 -0.040726
27.880000 -0.041374
27.890000 -0.042006
27.900000 -0.042625
27.910000 -0.043229
27.920000 -0.043820
27.930000 -0.044397
27.940000 -0.044962
27.950000 -0.045514
27.960000 -0.046054
27.970000 -0.046582
27.980000 -0.047099
27.990000 -0.047604
28.000000 -0.048099
28.010000 -0.048583
28.020000 -0.049057
28.030000 -0.049520
28.040000 -0.049974
28.050000 -0.050418
28.060000 -0.050854
28.070000 -0.051280
28.080000 -0.051697
28.090000 -0.052106
28.100000 -0.052506
28.110000 -0.052899
28.120000 -0.053283
28.130000 -0.053660
28.140000 -0.054029
28.150000 -0.054390
28.160000 -0.054744
28.170000 -0.055092
28.180000 -0.055432
28.190000 -0.055765
28.200000 -0.056091
28.210000 -0.056411
28.220000 -0.056724
28.230000 -0.057031
28.240000 -0.057331
28.250000 -0.057624
28.260000 -0.057912
28.270000 -0.058193
28.280000 -0.058468
28.290000 -0.058737
28.300000 -0.058999
28.310000 -0.059255
28.320000 -0.059506
28.330000 -0.059750
28.340000 -0.059988
28.350000 -0.060220
28.360000 -0.060445
28.370000 -0.060665
28.380000 -0.060878
28.390000 -0.061085
28.400000 -0.061286
28.410000 -0.061480
28.420000 -0.061669
28.430000 -0.061850
28.440000 -0.062026
28.450000 -0.062195
28.460000 -0.062357
28.470000 -0.062513
28.480000 -0.062662
28.490000 -0.062804
28.500000 -0.062940
28.510000 -0.063069
28.520000 -0.063191
28.530000 -0.063306
28.540000 -0.063414
28.550000 -0.063515
28.560000 -0.063608
28.570000 -0.063695
28.580000 -0.063774
28.590000 -0.063846
28.600000 -0.063911
28.610000 -0.063968
28.620000 -0.064018
28.630000 -0.064060
28.640000 -0.064095
28.650000 -0.064122
28.660000 -0.064141
28.670000 -0.064153
28.680000 -0.064156
28.690000 -0.064153
28.700000 -0.064141
28.710000 -0.064121
28.720000 -0.064094
28.730000 -0.064059
28.740000 -0.064016
28.750000 -0.063965
28.760000 -0.063906
28.770000 -0.063839
28.780000 -0.063765
28.790000 -0.063682
28.800000 -0.063592
28.810000 -0.063494
28.820000 -0.063388
28.830000 -0.063274
28.840000 -0.063153
28.850000 -0.063024
28.860000 -0.062887
28.870000 -0.062742
28.880000 -0.062591
28.890000 -0.062431
28.900000 -0.062265
28.910000 -0.062091
28.920000 -0.061909
28.930000 -0.061721
28.940000 -0.061525
28.950000 -0.061323
28.960000 -0.061113
28.970000 -0.060897
28.980000 -0.060674
28.990000 -0.060445
29.000000 -0.060209
29.010000 -0.059967
29.020000 -0.059718
29.030000 -0.059463
29.040000 -0.059203
29.050000 -0.058936
29.060000 -0.058664
29.070000 -0.058386
29.080000 -0.058103
29.090000 -0.057815
29.100000 -0.057521
29.110000 -0.057222
29.120000 -0.056919
29.130000 -0.056610
29.140000 -0.056297
29.150000 -0.055980
29.160000 -0.055658
29.170000 -0.055332
29.180000 -0.055002
29.190000 -0.054669
29.200000 -0.054331
29.210000 -0.053991
29.220000 -0.053646
29.230000 -0.053299
29.240000 -0.052948
29.250000 -0.052594
29.260000 -0.052238
29.270000 -0.051879
29.280000 -0.051517
29.290000 -0.051153
29.300000 -0.050786
29.310000 -0.050418
29.320000 -0.050047
29.330000 -0.049675
29.340000 -0.049301
29.350000 -0.048925
29.360000 -0.048547
29.370000 -0.048168
29.380000 -0.047788
29.390000 -0.047407
29.400000 -0.047024
29.410000 -0.046641
29.420000 -0.046257
29.430000 -0.045871
29.440000 -0.045485
29.450000 -0.045098
29.460000 -0.044711
29.470000 -0.044323
29.480000 -0.043934
29.490000 -0.043545
29.500000 -0.043156
29.510000 -0.042766
29.520000 -0.042376
29.530000 -0.041985
29.540000 -0.041594
29.550000 -0.041203
29.560000 -0.040812
29.570000 -0.040420
29.580000 -0.040028
29.590000 -0.039636
29.600000 -0.039243
29.610000 -0.038851
29.620000 -0.038457
29.630000 -0.038064
29.640000 -0.037670
29.650000 -0.037276
29.660000 -0.036881
29.670000 -0.036485
29.680000 -0.036089
29.690000 -0.035693
29.700000 -0.035295
29.710000 -0.034897
29.720000 -0.034498
29.730000 -0.034098
29.740000 -0.033697
29.750000 -0.033294
29.760000 -0.032891
29.770000 -0.032486
29.780000 -0.032080
29.790000 -0.031672
29.800000 -0.031263
29.810000 -0.030851
29.820000 -0.030438
29.830000 -0.030023
29.840000 -0.029606
29.850000 -0.029186
29.860000 -0.028764
29.870000 -0.028340
29.880000 -0.027913
29.890000 -0.027483
29.900000 -0.027050
29.910000 -0.026614
29.920000 -0.026175
29.930000 -0.025732
29.940000 -0.025286
29.950000 -0.024837
29.960000 -0.024383
29.970000 -0.023926
29.980000 -0.023465
29.990000 -0.022999
30.000000 -0.022530
