-10.000000 0.000062
-9.990000 0.000063
-9.980000 0.000063
-9.970000 0.000063
-9.960000 0.000063
-9.950000 0.000062
-9.940000 0.000062
-9.930000 0.000061
-9.920000 0.000060
-9.910000 0.000059
-9.900000 0.000057
-9.890000 0.000055
-9.880000 0.000053
-9.870000 0.000051
-9.860000 0.000048
-9.850000 0.000045
-9.840000 0.000042
-9.830000 0.000038
-9.820000 0.000034
-9.810000 0.000030
-9.800000 0.000025
-9.790000 0.000020
-9.780000 0.000014
-9.770000 0.000008
-9.760000 0.000002
-9.750000 -0.000005
-9.740000 -0.000012
-9.730000 -0.000020
-9.720000 -0.000028
-9.710000 -0.000037
-9.700000 -0.000046
-9.690000 -0.000056
-9.680000 -0.000066
-9.670000 -0.000076
-9.660000 -0.000088
-9.650000 -0.000099
-9.640000 -0.000111
-9.630000 -0.000124
-9.620000 -0.000137
-9.610000 -0.000151
-9.600000 -0.000165
-9.590000 -0.000180
-9.580000 -0.000195
-9.570000 -0.000211
-9.560000 -0.000227
-9.550000 -0.000244
-9.540000 -0.000262
-9.530000 -0.000280
-9.520000 -0.000298
-9.510000 -0.000317
-9.500000 -0.000337
-9.490000 -0.000357
-9.480000 -0.000377
-9.470000 -0.000398
-9.460000 -0.000420
-9.450000 -0.000442
-9.440000 -0.000464
-9.430000 -0.000487
-9.420000 -0.000510
-9.410000 -0.000534
-9.400000 -0.000558
-9.390000 -0.000582
-9.380000 -0.000607
-9.370000 -0.000632
-9.360000 -0.000658
-9.350000 -0.000683
-9.340000 -0.000709
-9.330000 -0.000735
-9.320000 -0.000762
-9.310000 -0.000789
-9.300000 -0.000815
-9.290000 -0.000842
-9.280000 -0.000869
-9.270000 -0.000896
-9.260000 -0.000924
-9.250000 -0.000951
-9.240000 -0.000978
-9.230000 -0.001005
-9.220000 -0.001032
-9.210000 -0.001059
-9.200000 -0.001086
-9.190000 -0.001112
-9.180000 -0.001139
-9.170000 -0.001165
-9.160000 -0.001191
-9.150000 -0.001216
-9.140000 -0.001241
-9.130000 -0.001265
-9.120000 -0.001289
-9.110000 -0.001313
-9.100000 -0.001336
-9.090000 -0.001358
-9.080000 -0.001380
-9.070000 -0.001401
-9.060000 -0.001421
-9.050000 -0.001441
-9.040000 -0.001459
-9.030000 -0.001477
-9.020000 -0.001494
-9.010000 -0.001510
-9.000000 -0.001525
-8.990000 -0.001538
-8.980000 -0.001551
-8.970000 -0.001562
-8.960000 -0.001573
-8.950000 -0.001581
-8.940000 -0.001589
-8.930000 -0.001595
-8.920000 -0.001600
-8.910000 -0.001603
-8.900000 -0.001605
-8.890000 -0.001605
-8.880000 -0.001603
-8.870000 -0.001600
-8.860000 -0.001594
-8.850000 -0.001587
-8.840000 -0.001578
-8.830000 -0.001568
-8.820000 -0.001555
-8.810000 -0.001540
-8.800000 -0.001522
-8.790000 -0.001503
-8.780000 -0.001481
-8.770000 -0.001457
-8.760000 -0.001430
-8.750000 -0.001401
-8.740000 -0.001369
-8.730000 -0.001334
-8.720000 -0.001297
-8.710000 -0.001257
-8.700000 -0.001213
-8.690000 -0.001167
-8.680000 -0.001118
-8.670000 -0.001065
-8.660000 -0.001009
-8.650000 -0.000949
-8.640000 -0.000886
-8.630000 -0.000819
-8.620000 -0.000748
-8.610000 -0.000673
-8.600000 -0.000594
-8.590000 -0.000511
-8.580000 -0.000424
-8.570000 -0.000331
-8.560000 -0.000235
-8.550000 -0.000133
-8.540000 -0.000026
-8.530000 0.000085
-8.520000 0.000203
-8.510000 0.000326
-8.500000 0.000454
-8.490000 0.000589
-8.480000 0.000729
-8.470000 0.000876
-8.460000 0.001030
-8.450000 0.001190
-8.440000 0.001358
-8.430000 0.001533
-8.420000 0.001715
-8.410000 0.001906
-8.400000 0.002104
-8.390000 0.002311
-8.380000 0.002527
-8.370000 0.002751
-8.360000 0.002985
-8.350000 0.003228
-8.340000 0.003482
-8.330000 0.003745
-8.320000 0.004020
-8.310000 0.004305
-8.300000 0.004602
-8.290000 0.004910
-8.280000 0.005231
-8.270000 0.005564
-8.260000 0.005910
-8.250000 0.006269
-8.240000 0.006642
-8.230000 0.007029
-8.220000 0.007431
-8.210000 0.007848
-8.200000 0.008280
-8.190000 0.008728
-8.180000 0.009193
-8.170000 0.009675
-8.160000 0.010174
-8.150000 0.010692
-8.140000 0.011227
-8.130000 0.011782
-8.120000 0.012356
-8.110000 0.012950
-8.100000 0.013565
-8.090000 0.014200
-8.080000 0.014858
-8.070000 0.015537
-8.060000 0.016239
-8.050000 0.016965
-8.040000 0.017714
-8.030000 0.018487
-8.020000 0.019286
-8.010000 0.020110
-8.000000 0.020960
-7.990000 0.021837
-7.980000 0.022740
-7.970000 0.023672
-7.960000 0.024632
-7.950000 0.025620
-7.940000 0.026638
-7.930000 0.027686
-7.920000 0.028765
-7.910000 0.029874
-7.900000 0.031015
-7.890000 0.032188
-7.880000 0.033394
-7.870000 0.034633
-7.860000 0.035905
-7.850000 0.037211
-7.840000 0.038552
-7.830000 0.039928
-7.820000 0.041339
-7.810000 0.042786
-7.800000 0.044269
-7.790000 0.045789
-7.780000 0.047346
-7.770000 0.048941
-7.760000 0.050573
-7.750000 0.052243
-7.740000 0.053952
-7.730000 0.055699
-7.720000 0.057485
-7.710000 0.059310
-7.700000 0.061175
-7.690000 0.063079
-7.680000 0.065023
-7.670000 0.067006
-7.660000 0.069030
-7.650000 0.071093
-7.640000 0.073197
-7.630000 0.075341
-7.620000 0.077524
-7.610000 0.079748
-7.600000 0.082011
-7.590000 0.084314
-7.580000 0.086657
-7.570000 0.089040
-7.560000 0.091461
-7.550000 0.093922
-7.540000 0.096421
-7.530000 0.098958
-7.520000 0.101534
-7.510000 0.104147
-7.500000 0.106797
-7.490000 0.109484
-7.480000 0.112207
-7.470000 0.114965
-7.460000 0.117758
-7.450000 0.120586
-7.440000 0.123447
-7.430000 0.126342
-7.420000 0.129268
-7.410000 0.132226
-7.400000 0.135214
-7.390000 0.138232
-7.380000 0.141278
-7.370000 0.144353
-7.360000 0.147454
-7.350000 0.150580
-7.340000 0.153732
-7.330000 0.156906
-7.320000 0.160103
-7.310000 0.163322
-7.300000 0.166560
-7.290000 0.169816
-7.280000 0.173090
-7.270000 0.176380
-7.260000 0.179684
-7.250000 0.183002
-7.240000 0.186331
-7.230000 0.189670
-7.220000 0.193018
-7.210000 0.196373
-7.200000 0.199733
-7.190000 0.203098
-7.180000 0.206464
-7.170000 0.209831
-7.160000 0.213197
-7.150000 0.216560
-7.140000 0.219919
-7.130000 0.223271
-7.120000 0.226615
-7.110000 0.229949
-7.100000 0.233271
-7.090000 0.236580
-7.080000 0.239872
-7.070000 0.243148
-7.060000 0.246404
-7.050000 0.249639
-7.040000 0.252850
-7.030000 0.256036
-7.020000 0.259196
-7.010000 0.262326
-7.000000 0.265425
-6.990000 0.268491
-6.980000 0.271523
-6.970000 0.274517
-6.960000 0.277473
-6.950000 0.280388
-6.940000 0.283260
-6.930000 0.286087
-6.920000 0.288868
-6.910000 0.291600
-6.900000 0.294282
-6.890000 0.296911
-6.880000 0.299486
-6.870000 0.302005
-6.860000 0.304465
-6.850000 0.306866
-6.840000 0.309206
-6.830000 0.311482
-6.820000 0.313692
-6.810000 0.315836
-6.800000 0.317911
-6.790000 0.319916
-6.780000 0.321848
-6.770000 0.323707
-6.760000 0.325491
-6.750000 0.327198
-6.740000 0.328827
-6.730000 0.330376
-6.720000 0.331850
-6.710000 0.333253
-6.700000 0.334584
-6.690000 0.335841
-6.680000 0.337024
-6.670000 0.338132
-6.660000 0.339163
-6.650000 0.340117
-6.640000 0.340991
-6.630000 0.341786
-6.620000 0.342500
-6.610000 0.343133
-6.600000 0.343683
-6.590000 0.344149
-6.580000 0.344532
-6.570000 0.344829
-6.560000 0.345040
-6.550000 0.345165
-6.540000 0.345203
-6.530000 0.345152
-6.520000 0.345014
-6.510000 0.344786
-6.500000 0.344468
-6.490000 0.344061
-6.480000 0.343563
-6.470000 0.342974
-6.460000 0.342293
-6.450000 0.341521
-6.440000 0.340657
-6.430000 0.339701
-6.420000 0.338653
-6.410000 0.337512
-6.400000 0.336278
-6.390000 0.334952
-6.380000 0.333533
-6.370000 0.332021
-6.360000 0.330416
-6.350000 0.328719
-6.340000 0.326930
-6.330000 0.325048
-6.320000 0.323074
-6.310000 0.321009
-6.300000 0.318852
-6.290000 0.316604
-6.280000 0.314266
-6.270000 0.311837
-6.260000 0.309319
-6.250000 0.306712
-6.240000 0.304015
-6.230000 0.301231
-6.220000 0.298360
-6.210000 0.295402
-6.200000 0.292358
-6.190000 0.289229
-6.180000 0.286016
-6.170000 0.282719
-6.160000 0.279340
-6.150000 0.275880
-6.140000 0.272338
-6.130000 0.268718
-6.120000 0.265018
-6.110000 0.261242
-6.100000 0.257389
-6.090000 0.253460
-6.080000 0.249458
-6.070000 0.245384
-6.060000 0.241237
-6.050000 0.237021
-6.040000 0.232736
-6.030000 0.228384
-6.020000 0.223965
-6.010000 0.219482
-6.000000 0.214936
-5.990000 0.210329
-5.980000 0.205661
-5.970000 0.200934
-5.960000 0.196151
-5.950000 0.191313
-5.940000 0.186420
-5.930000 0.181476
-5.920000 0.176481
-5.910000 0.171438
-5.900000 0.166347
-5.890000 0.161211
-5.880000 0.156032
-5.870000 0.150812
-5.860000 0.145551
-5.850000 0.140253
-5.840000 0.134918
-5.830000 0.129549
-5.820000 0.124147
-5.810000 0.118715
-5.800000 0.113254
-5.790000 0.107767
-5.780000 0.102255
-5.770000 0.096719
-5.760000 0.091163
-5.750000 0.085588
-5.740000 0.079996
-5.730000 0.074389
-5.720000 0.068769
-5.710000 0.063138
-5.700000 0.057497
-5.690000 0.051850
-5.680000 0.046197
-5.670000 0.040542
-5.660000 0.034885
-5.650000 0.029229
-5.640000 0.023576
-5.630000 0.017927
-5.620000 0.012286
-5.610000 0.006653
-5.600000 0.001031
-5.590000 -0.004579
-5.580000 -0.010174
-5.570000 -0.015752
-5.560000 -0.021312
-5.550000 -0.026851
-5.540000 -0.032368
-5.530000 -0.037861
-5.520000 -0.043328
-5.510000 -0.048767
-5.500000 -0.054176
-5.490000 -0.059554
-5.480000 -0.064898
-5.470000 -0.070207
-5.460000 -0.075479
-5.450000 -0.080713
-5.440000 -0.085906
-5.430000 -0.091057
-5.420000 -0.096164
-5.410000 -0.101226
-5.400000 -0.106240
-5.390000 -0.111207
-5.380000 -0.116122
-5.370000 -0.120987
-5.360000 -0.125797
-5.350000 -0.130554
-5.340000 -0.135254
-5.330000 -0.139896
-5.320000 -0.144479
-5.310000 -0.149002
-5.300000 -0.153464
-5.290000 -0.157862
-5.280000 -0.162197
-5.270000 -0.166466
-5.260000 -0.170668
-5.250000 -0.174803
-5.240000 -0.178869
-5.230000 -0.182866
-5.220000 -0.186791
-5.210000 -0.190645
-5.200000 -0.194426
-5.190000 -0.198133
-5.180000 -0.201766
-5.170000 -0.205323
-5.160000 -0.208805
-5.150000 -0.212209
-5.140000 -0.215537
-5.130000 -0.218786
-5.120000 -0.221956
-5.110000 -0.225047
-5.100000 -0.228058
-5.090000 -0.230989
-5.080000 -0.233839
-5.070000 -0.236608
-5.060000 -0.239296
-5.050000 -0.241902
-5.040000 -0.244426
-5.030000 -0.246868
-5.020000 -0.249228
-5.010000 -0.251505
-5.000000 -0.253700
-4.990000 -0.255812
-4.980000 -0.257842
-4.970000 -0.259790
-4.960000 -0.261655
-4.950000 -0.263437
-4.940000 -0.265138
-4.930000 -0.266757
-4.920000 -0.268295
-4.910000 -0.269751
-4.900000 -0.271127
-4.890000 -0.272422
-4.880000 -0.273637
-4.870000 -0.274773
-4.860000 -0.275830
-4.850000 -0.276808
-4.840000 -0.277708
-4.830000 -0.278531
-4.820000 -0.279278
-4.810000 -0.279948
-4.800000 -0.280544
-4.790000 -0.281065
-4.780000 -0.281513
-4.770000 -0.281888
-4.760000 -0.282191
-4.750000 -0.282423
-4.740000 -0.282585
-4.730000 -0.282677
-4.720000 -0.282702
-4.710000 -0.282660
-4.700000 -0.282551
-4.690000 -0.282378
-4.680000 -0.282140
-4.670000 -0.281840
-4.660000 -0.281478
-4.650000 -0.281055
-4.640000 -0.280573
-4.630000 -0.280033
-4.620000 -0.279435
-4.610000 -0.278782
-4.600000 -0.278074
-4.590000 -0.277313
-4.580000 -0.276500
-4.570000 -0.275635
-4.560000 -0.274722
-4.550000 -0.273760
-4.540000 -0.272750
-4.530000 -0.271696
-4.520000 -0.270596
-4.510000 -0.269454
-4.500000 -0.268270
-4.490000 -0.267045
-4.480000 -0.265781
-4.470000 -0.264480
-4.460000 -0.263141
-4.450000 -0.261768
-4.440000 -0.260360
-4.430000 -0.258920
-4.420000 -0.257448
-4.410000 -0.255946
-4.400000 -0.254416
-4.390000 -0.252857
-4.380000 -0.251273
-4.370000 -0.249663
-4.360000 -0.248029
-4.350000 -0.246373
-4.340000 -0.244695
-4.330000 -0.242997
-4.320000 -0.241280
-4.310000 -0.239544
-4.300000 -0.237792
-4.290000 -0.236024
-4.280000 -0.234241
-4.270000 -0.232445
-4.260000 -0.230636
-4.250000 -0.228816
-4.240000 -0.226985
-4.230000 -0.225144
-4.220000 -0.223295
-4.210000 -0.221438
-4.200000 -0.219575
-4.190000 -0.217705
-4.180000 -0.215830
-4.170000 -0.213952
-4.160000 -0.212069
-4.150000 -0.210184
-4.140000 -0.208297
-4.130000 -0.206409
-4.120000 -0.204520
-4.110000 -0.202632
-4.100000 -0.200744
-4.090000 -0.198858
-4.080000 -0.196973
-4.070000 -0.195091
-4.060000 -0.193212
-4.050000 -0.191336
-4.040000 -0.189465
-4.030000 -0.187598
-4.020000 -0.185735
-4.010000 -0.183878
-4.000000 -0.182027
-3.990000 -0.180181
-3.980000 -0.178341
-3.970000 -0.176508
-3.960000 -0.174681
-3.950000 -0.172862
-3.940000 -0.171049
-3.930000 -0.169244
-3.920000 -0.167446
-3.910000 -0.165656
-3.900000 -0.163873
-3.890000 -0.162099
-3.880000 -0.160331
-3.870000 -0.158572
-3.860000 -0.156821
-3.850000 -0.155077
-3.840000 -0.153341
-3.830000 -0.151613
-3.820000 -0.149892
-3.810000 -0.148180
-3.800000 -0.146474
-3.790000 -0.144776
-3.780000 -0.143086
-3.770000 -0.141403
-3.760000 -0.139726
-3.750000 -0.138057
-3.740000 -0.136394
-3.730000 -0.134737
-3.720000 -0.133087
-3.710000 -0.131444
-3.700000 -0.129806
-3.690000 -0.128173
-3.680000 -0.126547
-3.670000 -0.124925
-3.660000 -0.123308
-3.650000 -0.121697
-3.640000 -0.120089
-3.630000 -0.118487
-3.620000 -0.116888
-3.610000 -0.115293
-3.600000 -0.113701
-3.590000 -0.112113
-3.580000 -0.110528
-3.570000 -0.108946
-3.560000 -0.107367
-3.550000 -0.105790
-3.540000 -0.104215
-3.530000 -0.102642
-3.520000 -0.101071
-3.510000 -0.099502
-3.500000 -0.097934
-3.490000 -0.096367
-3.480000 -0.094801
-3.470000 -0.093235
-3.460000 -0.091671
-3.450000 -0.090107
-3.440000 -0.088543
-3.430000 -0.086979
-3.420000 -0.085415
-3.410000 -0.083851
-3.400000 -0.082287
-3.390000 -0.080722
-3.380000 -0.079157
-3.370000 -0.077592
-3.360000 -0.076025
-3.350000 -0.074458
-3.340000 -0.072891
-3.330000 -0.071322
-3.320000 -0.069752
-3.310000 -0.068182
-3.300000 -0.066611
-3.290000 -0.065038
-3.280000 -0.063465
-3.270000 -0.061890
-3.260000 -0.060315
-3.250000 -0.058738
-3.240000 -0.057161
-3.230000 -0.055583
-3.220000 -0.054003
-3.210000 -0.052423
-3.200000 -0.050841
-3.190000 -0.049259
-3.180000 -0.047676
-3.170000 -0.046092
-3.160000 -0.044508
-3.150000 -0.042922
-3.140000 -0.041336
-3.130000 -0.039749
-3.120000 -0.038162
-3.110000 -0.036574
-3.100000 -0.034985
-3.090000 -0.033395
-3.080000 -0.031805
-3.070000 -0.030215
-3.060000 -0.028623
-3.050000 -0.027031
-3.040000 -0.025439
-3.030000 -0.023845
-3.020000 -0.022251
-3.010000 -0.020656
-3.000000 -0.019060
-2.990000 -0.017462
-2.980000 -0.015864
-2.970000 -0.014264
-2.960000 -0.012663
-2.950000 -0.011060
-2.940000 -0.009455
-2.930000 -0.007848
-2.920000 -0.006238
-2.910000 -0.004626
-2.900000 -0.003011
-2.890000 -0.001392
-2.880000 0.000230
-2.870000 0.001856
-2.860000 0.003487
-2.850000 0.005122
-2.840000 0.006763
-2.830000 0.008410
-2.820000 0.010063
-2.810000 0.011724
-2.800000 0.013392
-2.790000 0.015068
-2.780000 0.016754
-2.770000 0.018449
-2.760000 0.020154
-2.750000 0.021871
-2.740000 0.023600
-2.730000 0.025342
-2.720000 0.027098
-2.710000 0.028868
-2.700000 0.030655
-2.690000 0.032458
-2.680000 0.034280
-2.670000 0.036120
-2.660000 0.037981
-2.650000 0.039863
-2.640000 0.041767
-2.630000 0.043696
-2.620000 0.045649
-2.610000 0.047630
-2.600000 0.049638
-2.590000 0.051675
-2.580000 0.053744
-2.570000 0.055844
-2.560000 0.057979
-2.550000 0.060149
-2.540000 0.062356
-2.530000 0.064602
-2.520000 0.066888
-2.510000 0.069216
-2.500000 0.071587
-2.490000 0.074005
-2.480000 0.076469
-2.470000 0.078983
-2.460000 0.081548
-2.450000 0.084165
-2.440000 0.086838
-2.430000 0.089567
-2.420000 0.092354
-2.410000 0.095202
-2.400000 0.098113
-2.390000 0.101088
-2.380000 0.104129
-2.370000 0.107239
-2.360000 0.110420
-2.350000 0.113672
-2.340000 0.117000
-2.330000 0.120404
-2.320000 0.123886
-2.310000 0.127449
-2.300000 0.131095
-2.290000 0.134825
-2.280000 0.138641
-2.270000 0.142546
-2.260000 0.146542
-2.250000 0.150630
-2.240000 0.154813
-2.230000 0.159092
-2.220000 0.163469
-2.210000 0.167946
-2.200000 0.172525
-2.190000 0.177208
-2.180000 0.181996
-2.170000 0.186892
-2.160000 0.191896
-2.150000 0.197010
-2.140000 0.202237
-2.130000 0.207578
-2.120000 0.213033
-2.110000 0.218605
-2.100000 0.224295
-2.090000 0.230104
-2.080000 0.236034
-2.070000 0.242085
-2.060000 0.248260
-2.050000 0.254558
-2.040000 0.260980
-2.030000 0.267529
-2.020000 0.274204
-2.010000 0.281007
-2.000000 0.287937
-1.990000 0.294996
-1.980000 0.302184
-1.970000 0.309502
-1.960000 0.316949
-1.950000 0.324526
-1.940000 0.332233
-1.930000 0.340070
-1.920000 0.348037
-1.910000 0.356134
-1.900000 0.364361
-1.890000 0.372716
-1.880000 0.381200
-1.870000 0.389812
-1.860000 0.398551
-1.850000 0.407417
-1.840000 0.416408
-1.830000 0.425523
-1.820000 0.434761
-1.810000 0.444121
-1.800000 0.453601
-1.790000 0.463201
-1.780000 0.472917
-1.770000 0.482748
-1.760000 0.492693
-1.750000 0.502750
-1.740000 0.512915
-1.730000 0.523187
-1.720000 0.533564
-1.710000 0.544043
-1.700000 0.554620
-1.690000 0.565295
-1.680000 0.576062
-1.670000 0.586920
-1.660000 0.597866
-1.650000 0.608895
-1.640000 0.620005
-1.630000 0.631192
-1.620000 0.642453
-1.610000 0.653783
-1.600000 0.665179
-1.590000 0.676636
-1.580000 0.688151
-1.570000 0.699719
-1.560000 0.711336
-1.550000 0.722998
-1.540000 0.734700
-1.530000 0.746436
-1.520000 0.758204
-1.510000 0.769996
-1.500000 0.781810
-1.490000 0.793638
-1.480000 0.805477
-1.470000 0.817321
-1.460000 0.829165
-1.450000 0.841003
-1.440000 0.852829
-1.430000 0.864638
-1.420000 0.876424
-1.410000 0.888182
-1.400000 0.899905
-1.390000 0.911588
-1.380000 0.923225
-1.370000 0.934809
-1.360000 0.946335
-1.350000 0.957795
-1.340000 0.969185
-1.330000 0.980498
-1.320000 0.991727
-1.310000 1.002867
-1.300000 1.013910
-1.290000 1.024850
-1.280000 1.035681
-1.270000 1.046397
-1.260000 1.056990
-1.250000 1.067455
-1.240000 1.077784
-1.230000 1.087972
-1.220000 1.098012
-1.210000 1.107897
-1.200000 1.117621
-1.190000 1.127177
-1.180000 1.136559
-1.170000 1.145760
-1.160000 1.154774
-1.150000 1.163594
-1.140000 1.172215
-1.130000 1.180629
-1.120000 1.188831
-1.110000 1.196814
-1.100000 1.204572
-1.090000 1.212099
-1.080000 1.219389
-1.070000 1.226436
-1.060000 1.233234
-1.050000 1.239776
-1.040000 1.246058
-1.030000 1.252074
-1.020000 1.257818
-1.010000 1.263284
-1.000000 1.268467
-0.990000 1.273362
-0.980000 1.277964
-0.970000 1.282267
-0.960000 1.286266
-0.950000 1.289958
-0.940000 1.293336
-0.930000 1.296397
-0.920000 1.299136
-0.910000 1.301548
-0.900000 1.303629
-0.890000 1.305376
-0.880000 1.306784
-0.870000 1.307850
-0.860000 1.308570
-0.850000 1.308940
-0.840000 1.308957
-0.830000 1.308618
-0.820000 1.307921
-0.810000 1.306861
-0.800000 1.305437
-0.790000 1.303647
-0.780000 1.301486
-0.770000 1.298955
-0.760000 1.296050
-0.750000 1.292770
-0.740000 1.289114
-0.730000 1.285079
-0.720000 1.280665
-0.710000 1.275870
-0.700000 1.270694
-0.690000 1.265136
-0.680000 1.259196
-0.670000 1.252873
-0.660000 1.246167
-0.650000 1.239078
-0.640000 1.231607
-0.630000 1.223753
-0.620000 1.215519
-0.610000 1.206904
-0.600000 1.197910
-0.590000 1.188537
-0.580000 1.178788
-0.570000 1.168664
-0.560000 1.158166
-0.550000 1.147298
-0.540000 1.136060
-0.530000 1.124456
-0.520000 1.112487
-0.510000 1.100158
-0.500000 1.087470
-0.490000 1.074427
-0.480000 1.061033
-0.470000 1.047290
-0.460000 1.033203
-0.450000 1.018775
-0.440000 1.004011
-0.430000 0.988914
-0.420000 0.973489
-0.410000 0.957741
-0.400000 0.941674
-0.390000 0.925294
-0.380000 0.908605
-0.370000 0.891612
-0.360000 0.874321
-0.350000 0.856738
-0.340000 0.838868
-0.330000 0.820717
-0.320000 0.802291
-0.310000 0.783596
-0.300000 0.764638
-0.290000 0.745425
-0.280000 0.725961
-0.270000 0.706254
-0.260000 0.686311
-0.250000 0.666138
-0.240000 0.645742
-0.230000 0.625132
-0.220000 0.604313
-0.210000 0.583293
-0.200000 0.562079
-0.190000 0.540680
-0.180000 0.519102
-0.170000 0.497353
-0.160000 0.475441
-0.150000 0.453374
-0.140000 0.431159
-0.130000 0.408805
-0.120000 0.386319
-0.110000 0.363711
-0.100000 0.340986
-0.090000 0.318155
-0.080000 0.295225
-0.070000 0.272204
-0.060000 0.249101
-0.050000 0.225924
-0.040000 0.202681
-0.030000 0.179381
-0.020000 0.156031
-0.010000 0.132641
-0.000000 0.109219
0.010000 0.085773
0.020000 0.062311
0.030000 0.038841
0.040000 0.015373
0.050000 -0.008086
0.060000 -0.031527
0.070000 -0.054942
0.080000 -0.078323
0.090000 -0.101661
0.100000 -0.124949
0.110000 -0.148178
0.120000 -0.171341
0.130000 -0.194429
0.140000 -0.217434
0.150000 -0.240349
0.160000 -0.263166
0.170000 -0.285876
0.180000 -0.308473
0.190000 -0.330948
0.200000 -0.353295
0.210000 -0.375506
0.220000 -0.397573
0.230000 -0.419489
0.240000 -0.441247
0.250000 -0.462840
0.260000 -0.484262
0.270000 -0.505505
0.280000 -0.526562
0.290000 -0.547428
0.300000 -0.568095
0.310000 -0.588557
0.320000 -0.608809
0.330000 -0.628843
0.340000 -0.648654
0.350000 -0.668236
0.360000 -0.687584
0.370000 -0.706691
0.380000 -0.725553
0.390000 -0.744163
0.400000 -0.762518
0.410000 -0.780612
0.420000 -0.798439
0.430000 -0.815996
0.440000 -0.833278
0.450000 -0.850280
0.460000 -0.866998
0.470000 -0.883427
0.480000 -0.899565
0.490000 -0.915407
0.500000 -0.930950
0.510000 -0.946190
0.520000 -0.961123
0.530000 -0.975747
0.540000 -0.990059
0.550000 -1.004055
0.560000 -1.017733
0.570000 -1.031091
0.580000 -1.044126
0.590000 -1.056836
0.600000 -1.069219
0.610000 -1.081273
0.620000 -1.092996
0.630000 -1.104387
0.640000 -1.115445
0.650000 -1.126167
0.660000 -1.136554
0.670000 -1.146603
0.680000 -1.156315
0.690000 -1.165689
0.700000 -1.174724
0.710000 -1.183420
0.720000 -1.191777
0.730000 -1.199794
0.740000 -1.207473
0.750000 -1.214813
0.760000 -1.221815
0.770000 -1.228479
0.780000 -1.234806
0.790000 -1.240797
0.800000 -1.246454
0.810000 -1.251776
0.820000 -1.256766
0.830000 -1.261425
0.840000 -1.265754
0.850000 -1.269756
0.860000 -1.273432
0.870000 -1.276784
0.880000 -1.279813
0.890000 -1.282524
0.900000 -1.284916
0.910000 -1.286994
0.920000 -1.288759
0.930000 -1.290215
0.940000 -1.291364
0.950000 -1.292209
0.960000 -1.292752
0.970000 -1.292998
0.980000 -1.292949
0.990000 -1.292608
1.000000 -1.291979
1.010000 -1.291066
1.020000 -1.289871
1.030000 -1.288399
1.040000 -1.286653
1.050000 -1.284637
1.060000 -1.282355
1.070000 -1.279811
1.080000 -1.277009
1.090000 -1.273952
1.100000 -1.270646
1.110000 -1.267094
1.120000 -1.263300
1.130000 -1.259269
1.140000 -1.255006
1.150000 -1.250514
1.160000 -1.245798
1.170000 -1.240863
1.180000 -1.235713
1.190000 -1.230352
1.200000 -1.224786
1.210000 -1.219019
1.220000 -1.213055
1.230000 -1.206900
1.240000 -1.200558
1.250000 -1.194034
1.260000 -1.187332
1.270000 -1.180457
1.280000 -1.173414
1.290000 -1.166209
1.300000 -1.158845
1.310000 -1.151327
1.320000 -1.143661
1.330000 -1.135851
1.340000 -1.127901
1.350000 -1.119817
1.360000 -1.111604
1.370000 -1.103266
1.380000 -1.094807
1.390000 -1.086234
1.400000 -1.077549
1.410000 -1.068759
1.420000 -1.059867
1.430000 -1.050879
1.440000 -1.041799
1.450000 -1.032631
1.460000 -1.023380
1.470000 -1.014051
1.480000 -1.004648
1.490000 -0.995175
1.500000 -0.985637
1.510000 -0.976039
1.520000 -0.966384
1.530000 -0.956677
1.540000 -0.946922
1.550000 -0.937123
1.560000 -0.927285
1.570000 -0.917411
1.580000 -0.907505
1.590000 -0.897573
1.600000 -0.887616
1.610000 -0.877640
1.620000 -0.867647
1.630000 -0.857643
1.640000 -0.847630
1.650000 -0.837612
1.660000 -0.827592
1.670000 -0.817575
1.680000 -0.807564
1.690000 -0.797561
1.700000 -0.787571
1.710000 -0.777596
1.720000 -0.767640
1.730000 -0.757706
1.740000 -0.747797
1.750000 -0.737915
1.760000 -0.728065
1.770000 -0.718248
1.780000 -0.708467
1.790000 -0.698725
1.800000 -0.689026
1.810000 -0.679370
1.820000 -0.669762
1.830000 -0.660203
1.840000 -0.650695
1.850000 -0.641241
1.860000 -0.631844
1.870000 -0.622505
1.880000 -0.613226
1.890000 -0.604010
1.900000 -0.594859
1.910000 -0.585773
1.920000 -0.576756
1.930000 -0.567809
1.940000 -0.558933
1.950000 -0.550130
1.960000 -0.541403
1.970000 -0.532751
1.980000 -0.524177
1.990000 -0.515683
2.000000 -0.507269
2.010000 -0.498936
2.020000 -0.490686
2.030000 -0.482520
2.040000 -0.474439
2.050000 -0.466444
2.060000 -0.458536
2.070000 -0.450716
2.080000 -0.442984
2.090000 -0.435341
2.100000 -0.427789
2.110000 -0.420328
2.120000 -0.412957
2.130000 -0.405679
2.140000 -0.398493
2.150000 -0.391400
2.160000 -0.384400
2.170000 -0.377494
2.180000 -0.370681
2.190000 -0.363963
2.200000 -0.357339
2.210000 -0.350809
2.220000 -0.344374
2.230000 -0.338034
2.240000 -0.331788
2.250000 -0.325636
2.260000 -0.319580
2.270000 -0.313617
2.280000 -0.307749
2.290000 -0.301976
2.300000 -0.296296
2.310000 -0.290710
2.320000 -0.285217
2.330000 -0.279817
2.340000 -0.274510
2.350000 -0.269296
2.360000 -0.264173
2.370000 -0.259142
2.380000 -0.254202
2.390000 -0.249352
2.400000 -0.244593
2.410000 -0.239923
2.420000 -0.235341
2.430000 -0.230849
2.440000 -0.226443
2.450000 -0.222125
2.460000 -0.217894
2.470000 -0.213747
2.480000 -0.209686
2.490000 -0.205710
2.500000 -0.201816
2.510000 -0.198006
2.520000 -0.194277
2.530000 -0.190630
2.540000 -0.187063
2.550000 -0.183576
2.560000 -0.180168
2.570000 -0.176838
2.580000 -0.173584
2.590000 -0.170407
2.600000 -0.167306
2.610000 -0.164279
2.620000 -0.161326
2.630000 -0.158445
2.640000 -0.155637
2.650000 -0.152899
2.660000 -0.150232
2.670000 -0.147634
2.680000 -0.145104
2.690000 -0.142642
2.700000 -0.140246
2.710000 -0.137916
2.720000 -0.135650
2.730000 -0.133449
2.740000 -0.131310
2.750000 -0.129233
2.760000 -0.127217
2.770000 -0.125262
2.780000 -0.123366
2.790000 -0.121528
2.800000 -0.119748
2.810000 -0.118024
2.820000 -0.116356
2.830000 -0.114744
2.840000 -0.113185
2.850000 -0.111679
2.860000 -0.110226
2.870000 -0.108824
2.880000 -0.107473
2.890000 -0.106171
2.900000 -0.104919
2.910000 -0.103715
2.920000 -0.102558
2.930000 -0.101448
2.940000 -0.100383
2.950000 -0.099364
2.960000 -0.098389
2.970000 -0.097458
2.980000 -0.096569
2.990000 -0.095723
3.000000 -0.094917
3.010000 -0.094153
3.020000 -0.093428
3.030000 -0.092743
3.040000 -0.092096
3.050000 -0.091488
3.060000 -0.090916
3.070000 -0.090382
3.080000 -0.089883
3.090000 -0.089420
3.100000 -0.088992
3.110000 -0.088598
3.120000 -0.088238
3.130000 -0.087911
3.140000 -0.087617
3.150000 -0.087355
3.160000 -0.087125
3.170000 -0.086926
3.180000 -0.086757
3.190000 -0.086619
3.200000 -0.086510
3.210000 -0.086431
3.220000 -0.086381
3.230000 -0.086359
3.240000 -0.086366
3.250000 -0.086400
3.260000 -0.086462
3.270000 -0.086550
3.280000 -0.086665
3.290000 -0.086807
3.300000 -0.086975
3.310000 -0.087168
3.320000 -0.087387
3.330000 -0.087631
3.340000 -0.087900
3.350000 -0.088194
3.360000 -0.088512
3.370000 -0.088855
3.380000 -0.089221
3.390000 -0.089611
3.400000 -0.090025
3.410000 -0.090463
3.420000 -0.090924
3.430000 -0.091407
3.440000 -0.091915
3.450000 -0.092444
3.460000 -0.092997
3.470000 -0.093573
3.480000 -0.094171
3.490000 -0.094792
3.500000 -0.095435
3.510000 -0.096100
3.520000 -0.096788
3.530000 -0.097498
3.540000 -0.098231
3.550000 -0.098986
3.560000 -0.099763
3.570000 -0.100562
3.580000 -0.101384
3.590000 -0.102228
3.600000 -0.103094
3.610000 -0.103983
3.620000 -0.104894
3.630000 -0.105828
3.640000 -0.106784
3.650000 -0.107762
3.660000 -0.108764
3.670000 -0.109788
3.680000 -0.110835
3.690000 -0.111904
3.700000 -0.112997
3.710000 -0.114113
3.720000 -0.115252
3.730000 -0.116414
3.740000 -0.117600
3.750000 -0.118809
3.760000 -0.120043
3.770000 -0.121300
3.780000 -0.122580
3.790000 -0.123885
3.800000 -0.125215
3.810000 -0.126568
3.820000 -0.127947
3.830000 -0.129350
3.840000 -0.130778
3.850000 -0.132231
3.860000 -0.133709
3.870000 -0.135212
3.880000 -0.136742
3.890000 -0.138297
3.900000 -0.139877
3.910000 -0.141484
3.920000 -0.143118
3.930000 -0.144777
3.940000 -0.146464
3.950000 -0.148177
3.960000 -0.149917
3.970000 -0.151685
3.980000 -0.153479
3.990000 -0.155302
4.000000 -0.157152
4.010000 -0.159030
4.020000 -0.160937
4.030000 -0.162872
4.040000 -0.164835
4.050000 -0.166827
4.060000 -0.168848
4.070000 -0.170898
4.080000 -0.172978
4.090000 -0.175087
4.100000 -0.177226
4.110000 -0.179395
4.120000 -0.181593
4.130000 -0.183823
4.140000 -0.186082
4.150000 -0.188372
4.160000 -0.190693
4.170000 -0.193045
4.180000 -0.195429
4.190000 -0.197843
4.200000 -0.200290
4.210000 -0.202767
4.220000 -0.205277
4.230000 -0.207819
4.240000 -0.210393
4.250000 -0.212999
4.260000 -0.215638
4.270000 -0.218310
4.280000 -0.221014
4.290000 -0.223751
4.300000 -0.226521
4.310000 -0.229325
4.320000 -0.232161
4.330000 -0.235032
4.340000 -0.237935
4.350000 -0.240873
4.360000 -0.243844
4.370000 -0.246849
4.380000 -0.249887
4.390000 -0.252960
4.400000 -0.256067
4.410000 -0.259207
4.420000 -0.262382
4.430000 -0.265591
4.440000 -0.268834
4.450000 -0.272112
4.460000 -0.275423
4.470000 -0.278768
4.480000 -0.282148
4.490000 -0.285562
4.500000 -0.289009
4.510000 -0.292491
4.520000 -0.296006
4.530000 -0.299555
4.540000 -0.303138
4.550000 -0.306754
4.560000 -0.310403
4.570000 -0.314085
4.580000 -0.317801
4.590000 -0.321549
4.600000 -0.325329
4.610000 -0.329142
4.620000 -0.332986
4.630000 -0.336862
4.640000 -0.340770
4.650000 -0.344708
4.660000 -0.348677
4.670000 -0.352675
4.680000 -0.356704
4.690000 -0.360761
4.700000 -0.364848
4.710000 -0.368962
4.720000 -0.373104
4.730000 -0.377273
4.740000 -0.381469
4.750000 -0.385690
4.760000 -0.389936
4.770000 -0.394207
4.780000 -0.398501
4.790000 -0.402818
4.800000 -0.407156
4.810000 -0.411516
4.820000 -0.415896
4.830000 -0.420295
4.840000 -0.424712
4.850000 -0.429146
4.860000 -0.433597
4.870000 -0.438062
4.880000 -0.442541
4.890000 -0.447032
4.900000 -0.451535
4.910000 -0.456048
4.920000 -0.460569
4.930000 -0.465097
4.940000 -0.469631
4.950000 -0.474170
4.960000 -0.478711
4.970000 -0.483253
4.980000 -0.487794
4.990000 -0.492333
5.000000 -0.496868
5.010000 -0.501397
5.020000 -0.505919
5.030000 -0.510431
5.040000 -0.514931
5.050000 -0.519417
5.060000 -0.523888
5.070000 -0.528341
5.080000 -0.532773
5.090000 -0.537184
5.100000 -0.541570
5.110000 -0.545929
5.120000 -0.550258
5.130000 -0.554556
5.140000 -0.558819
5.150000 -0.563046
5.160000 -0.567233
5.170000 -0.571378
5.180000 -0.575478
5.190000 -0.579530
5.200000 -0.583532
5.210000 -0.587481
5.220000 -0.591373
5.230000 -0.595206
5.240000 -0.598977
5.250000 -0.602683
5.260000 -0.606320
5.270000 -0.609885
5.280000 -0.613376
5.290000 -0.616789
5.300000 -0.620120
5.310000 -0.623367
5.320000 -0.626525
5.330000 -0.629592
5.340000 -0.632565
5.350000 -0.635439
5.360000 -0.638211
5.370000 -0.640877
5.380000 -0.643435
5.390000 -0.645880
5.400000 -0.648210
5.410000 -0.650419
5.420000 -0.652505
5.430000 -0.654463
5.440000 -0.656291
5.450000 -0.657985
5.460000 -0.659540
5.470000 -0.660953
5.480000 -0.662220
5.490000 -0.663338
5.500000 -0.664303
5.510000 -0.665110
5.520000 -0.665757
5.530000 -0.666240
5.540000 -0.666554
5.550000 -0.666697
5.560000 -0.666664
5.570000 -0.666451
5.580000 -0.666056
5.590000 -0.665474
5.600000 -0.664702
5.610000 -0.663737
5.620000 -0.662574
5.630000 -0.661210
5.640000 -0.659642
5.650000 -0.657866
5.660000 -0.655879
5.670000 -0.653678
5.680000 -0.651259
5.690000 -0.648619
5.700000 -0.645756
5.710000 -0.642665
5.720000 -0.639344
5.730000 -0.635789
5.740000 -0.631999
5.750000 -0.627969
5.760000 -0.623699
5.770000 -0.619183
5.780000 -0.614421
5.790000 -0.609410
5.800000 -0.604147
5.810000 -0.598630
5.820000 -0.592857
5.830000 -0.586825
5.840000 -0.580533
5.850000 -0.573979
5.860000 -0.567161
5.870000 -0.560077
5.880000 -0.552726
5.890000 -0.545107
5.900000 -0.537218
5.910000 -0.529057
5.920000 -0.520625
5.930000 -0.511919
5.940000 -0.502940
5.950000 -0.493686
5.960000 -0.484158
5.970000 -0.474353
5.980000 -0.464274
5.990000 -0.453918
6.000000 -0.443287
6.010000 -0.432380
6.020000 -0.421199
6.030000 -0.409742
6.040000 -0.398012
6.050000 -0.386009
6.060000 -0.373733
6.070000 -0.361187
6.080000 -0.348370
6.090000 -0.335286
6.100000 -0.321934
6.110000 -0.308318
6.120000 -0.294439
6.130000 -0.280298
6.140000 -0.265900
6.150000 -0.251244
6.160000 -0.236336
6.170000 -0.221176
6.180000 -0.205768
6.190000 -0.190115
6.200000 -0.174221
6.210000 -0.158088
6.220000 -0.141720
6.230000 -0.125122
6.240000 -0.108296
6.250000 -0.091247
6.260000 -0.073979
6.270000 -0.056497
6.280000 -0.038804
6.290000 -0.020906
6.300000 -0.002808
6.310000 0.015486
6.320000 0.033971
6.330000 0.052640
6.340000 0.071490
6.350000 0.090513
6.360000 0.109705
6.370000 0.129060
6.380000 0.148572
6.390000 0.168234
6.400000 0.188040
6.410000 0.207984
6.420000 0.228060
6.430000 0.248261
6.440000 0.268580
6.450000 0.289010
6.460000 0.309544
6.470000 0.330176
6.480000 0.350898
6.490000 0.371702
6.500000 0.392583
6.510000 0.413531
6.520000 0.434540
6.530000 0.455602
6.540000 0.476709
6.550000 0.497853
6.560000 0.519027
6.570000 0.540223
6.580000 0.561432
6.590000 0.582648
6.600000 0.603860
6.610000 0.625063
6.620000 0.646247
6.630000 0.667404
6.640000 0.688526
6.650000 0.709605
6.660000 0.730632
6.670000 0.751600
6.680000 0.772500
6.690000 0.793323
6.700000 0.814061
6.710000 0.834707
6.720000 0.855251
6.730000 0.875686
6.740000 0.896003
6.750000 0.916194
6.760000 0.936251
6.770000 0.956165
6.780000 0.975929
6.790000 0.995535
6.800000 1.014974
6.810000 1.034239
6.820000 1.053321
6.830000 1.072213
6.840000 1.090908
6.850000 1.109396
6.860000 1.127672
6.870000 1.145727
6.880000 1.163553
6.890000 1.181145
6.900000 1.198493
6.910000 1.215592
6.920000 1.232435
6.930000 1.249013
6.940000 1.265321
6.950000 1.281352
6.960000 1.297100
6.970000 1.312557
6.980000 1.327719
6.990000 1.342578
7.000000 1.357129
7.010000 1.371366
7.020000 1.385283
7.030000 1.398874
7.040000 1.412135
7.050000 1.425061
7.060000 1.437645
7.070000 1.449884
7.080000 1.461772
7.090000 1.473305
7.100000 1.484479
7.110000 1.495290
7.120000 1.505733
7.130000 1.515805
7.140000 1.525502
7.150000 1.534821
7.160000 1.543758
7.170000 1.552310
7.180000 1.560475
7.190000 1.568250
7.200000 1.575632
7.210000 1.582620
7.220000 1.589210
7.230000 1.595401
7.240000 1.601192
7.250000 1.606581
7.260000 1.611566
7.270000 1.616147
7.280000 1.620322
7.290000 1.624092
7.300000 1.627455
7.310000 1.630410
7.320000 1.632959
7.330000 1.635101
7.340000 1.636837
7.350000 1.638166
7.360000 1.639090
7.370000 1.639609
7.380000 1.639724
7.390000 1.639438
7.400000 1.638751
7.410000 1.637664
7.420000 1.636180
7.430000 1.634301
7.440000 1.632029
7.450000 1.629366
7.460000 1.626315
7.470000 1.622878
7.480000 1.619059
7.490000 1.614860
7.500000 1.610285
7.510000 1.605337
7.520000 1.600019
7.530000 1.594337
7.540000 1.588292
7.550000 1.581890
7.560000 1.575134
7.570000 1.568029
7.580000 1.560579
7.590000 1.552789
7.600000 1.544664
7.610000 1.536208
7.620000 1.527427
7.630000 1.518325
7.640000 1.508908
7.650000 1.499182
7.660000 1.489151
7.670000 1.478822
7.680000 1.468200
7.690000 1.457290
7.700000 1.446099
7.710000 1.434633
7.720000 1.422898
7.730000 1.410900
7.740000 1.398644
7.750000 1.386139
7.760000 1.373389
7.770000 1.360401
7.780000 1.347183
7.790000 1.333739
7.800000 1.320078
7.810000 1.306205
7.820000 1.292128
7.830000 1.277853
7.840000 1.263386
7.850000 1.248736
7.860000 1.233908
7.870000 1.218910
7.880000 1.203748
7.890000 1.188429
7.900000 1.172961
7.910000 1.157350
7.920000 1.141603
7.930000 1.125727
7.940000 1.109729
7.950000 1.093616
7.960000 1.077395
7.970000 1.061072
7.980000 1.044655
7.990000 1.028151
8.000000 1.011565
8.010000 0.994906
8.020000 0.978179
8.030000 0.961392
8.040000 0.944551
8.050000 0.927662
8.060000 0.910733
8.070000 0.893770
8.080000 0.876779
8.090000 0.859767
8.100000 0.842740
8.110000 0.825704
8.120000 0.808665
8.130000 0.791630
8.140000 0.774605
8.150000 0.757595
8.160000 0.740607
8.170000 0.723647
8.180000 0.706719
8.190000 0.689831
8.200000 0.672987
8.210000 0.656192
8.220000 0.639453
8.230000 0.622775
8.240000 0.606162
8.250000 0.589620
8.260000 0.573154
8.270000 0.556768
8.280000 0.540469
8.290000 0.524259
8.300000 0.508144
8.310000 0.492129
8.320000 0.476217
8.330000 0.460413
8.340000 0.444721
8.350000 0.429146
8.360000 0.413690
8.370000 0.398359
8.380000 0.383155
8.390000 0.368082
8.400000 0.353144
8.410000 0.338344
8.420000 0.323686
8.430000 0.309172
8.440000 0.294805
8.450000 0.280589
8.460000 0.266527
8.470000 0.252620
8.480000 0.238872
8.490000 0.225284
8.500000 0.211860
8.510000 0.198602
8.520000 0.185511
8.530000 0.172590
8.540000 0.159841
8.550000 0.147265
8.560000 0.134864
8.570000 0.122640
8.580000 0.110594
8.590000 0.098728
8.600000 0.087042
8.610000 0.075538
8.620000 0.064217
8.630000 0.053080
8.640000 0.042128
8.650000 0.031361
8.660000 0.020781
8.670000 0.010387
8.680000 0.000180
8.690000 -0.009840
8.700000 -0.019671
8.710000 -0.029315
8.720000 -0.038771
8.730000 -0.048039
8.740000 -0.057118
8.750000 -0.066011
8.760000 -0.074715
8.770000 -0.083233
8.780000 -0.091564
8.790000 -0.099709
8.800000 -0.107668
8.810000 -0.115442
8.820000 -0.123032
8.830000 -0.130439
8.840000 -0.137663
8.850000 -0.144706
8.860000 -0.151568
8.870000 -0.158250
8.880000 -0.164754
8.890000 -0.171081
8.900000 -0.177232
8.910000 -0.183209
8.920000 -0.189012
8.930000 -0.194643
8.940000 -0.200104
8.950000 -0.205396
8.960000 -0.210520
8.970000 -0.215479
8.980000 -0.220274
8.990000 -0.224906
9.000000 -0.229378
9.010000 -0.233691
9.020000 -0.237847
9.030000 -0.241847
9.040000 -0.245695
9.050000 -0.249390
9.060000 -0.252937
9.070000 -0.256335
9.080000 -0.259589
9.090000 -0.262698
9.100000 -0.265666
9.110000 -0.268495
9.120000 -0.271186
9.130000 -0.273742
9.140000 -0.276164
9.150000 -0.278456
9.160000 -0.280619
9.170000 -0.282654
9.180000 -0.284565
9.190000 -0.286354
9.200000 -0.288022
9.210000 -0.289572
9.220000 -0.291007
9.230000 -0.292327
9.240000 -0.293536
9.250000 -0.294635
9.260000 -0.295627
9.270000 -0.296514
9.280000 -0.297298
9.290000 -0.297981
9.300000 -0.298566
9.310000 -0.299054
9.320000 -0.299448
9.330000 -0.299750
9.340000 -0.299962
9.350000 -0.300086
9.360000 -0.300124
9.370000 -0.300078
9.380000 -0.299951
9.390000 -0.299744
9.400000 -0.299460
9.410000 -0.299100
9.420000 -0.298667
9.430000 -0.298162
9.440000 -0.297588
9.450000 -0.296946
9.460000 -0.296239
9.470000 -0.295468
9.480000 -0.294635
9.490000 -0.293742
9.500000 -0.292791
9.510000 -0.291783
9.520000 -0.290721
9.530000 -0.289607
9.540000 -0.288441
9.550000 -0.287226
9.560000 -0.285964
9.570000 -0.284656
9.580000 -0.283303
9.590000 -0.281908
9.600000 -0.280472
9.610000 -0.278996
9.620000 -0.277483
9.630000 -0.275933
9.640000 -0.274348
9.650000 -0.272729
9.660000 -0.271079
9.670000 -0.269398
9.680000 -0.267687
9.690000 -0.265949
9.700000 -0.264184
9.710000 -0.262394
9.720000 -0.260579
9.730000 -0.258742
9.740000 -0.256883
9.750000 -0.255003
9.760000 -0.253104
9.770000 -0.251187
9.780000 -0.249253
9.790000 -0.247302
9.800000 -0.245337
9.810000 -0.243357
9.820000 -0.241365
9.830000 -0.239360
9.840000 -0.237344
9.850000 -0.235317
9.860000 -0.233281
9.870000 -0.231237
9.880000 -0.229185
9.890000 -0.227125
9.900000 -0.225060
9.910000 -0.222989
9.920000 -0.220913
9.930000 -0.218833
9.940000 -0.216749
9.950000 -0.214663
9.960000 -0.212574
9.970000 -0.210484
9.980000 -0.208393
9.990000 -0.206302
10.000000 -0.204210
10.010000 -0.202119
10.020000 -0.200029
10.030000 -0.197941
10.040000 -0.195854
10.050000 -0.193770
10.060000 -0.191689
10.070000 -0.189611
10.080000 -0.187536
10.090000 -0.185466
10.100000 -0.183399
10.110000 -0.181338
10.120000 -0.179281
10.130000 -0.177229
10.140000 -0.175183
10.150000 -0.173142
10.160000 -0.171107
10.170000 -0.169079
10.180000 -0.167057
10.190000 -0.165041
10.200000 -0.163032
10.210000 -0.161031
10.220000 -0.159036
10.230000 -0.157049
10.240000 -0.155069
10.250000 -0.153097
10.260000 -0.151132
10.270000 -0.149175
10.280000 -0.147227
10.290000 -0.145286
10.300000 -0.143353
10.310000 -0.141429
10.320000 -0.139514
10.330000 -0.137606
10.340000 -0.135708
10.350000 -0.133817
10.360000 -0.131936
10.370000 -0.130064
10.380000 -0.128200
10.390000 -0.126345
10.400000 -0.124499
10.410000 -0.122663
10.420000 -0.120835
10.430000 -0.119017
10.440000 -0.117207
10.450000 -0.115408
10.460000 -0.113617
10.470000 -0.111836
10.480000 -0.110065
10.490000 -0.108303
10.500000 -0.106551
10.510000 -0.104809
10.520000 -0.103077
10.530000 -0.101354
10.540000 -0.099642
10.550000 -0.097940
10.560000 -0.096248
10.570000 -0.094567
10.580000 -0.092896
10.590000 -0.091235
10.600000 -0.089586
10.610000 -0.087947
10.620000 -0.086319
10.630000 -0.084703
10.640000 -0.083098
10.650000 -0.081504
10.660000 -0.079923
10.670000 -0.078353
10.680000 -0.076795
10.690000 -0.075250
10.700000 -0.073717
10.710000 -0.072197
10.720000 -0.070690
10.730000 -0.069197
10.740000 -0.067717
10.750000 -0.066250
10.760000 -0.064798
10.770000 -0.063360
10.780000 -0.061936
10.790000 -0.060525
10.800000 -0.059127
10.810000 -0.057742
10.820000 -0.056373
10.830000 -0.055017
10.840000 -0.053678
10.850000 -0.052354
10.860000 -0.051046
10.870000 -0.049755
10.880000 -0.048482
10.890000 -0.047226
10.900000 -0.045989
10.910000 -0.044770
10.920000 -0.043571
10.930000 -0.042392
10.940000 -0.041234
10.950000 -0.040096
10.960000 -0.038981
10.970000 -0.037887
10.980000 -0.036817
10.990000 -0.035769
11.000000 -0.034746
11.010000 -0.033746
11.020000 -0.032772
11.030000 -0.031824
11.040000 -0.030901
11.050000 -0.030005
11.060000 -0.029137
11.070000 -0.028296
11.080000 -0.027483
11.090000 -0.026700
11.100000 -0.025945
11.110000 -0.025221
11.120000 -0.024527
11.130000 -0.023864
11.140000 -0.023233
11.150000 -0.022633
11.160000 -0.022066
11.170000 -0.021532
11.180000 -0.021032
11.190000 -0.020565
11.200000 -0.020133
11.210000 -0.019736
11.220000 -0.019374
11.230000 -0.019048
11.240000 -0.018757
11.250000 -0.018504
11.260000 -0.018287
11.270000 -0.018107
11.280000 -0.017965
11.290000 -0.017861
11.300000 -0.017795
11.310000 -0.017767
11.320000 -0.017778
11.330000 -0.017828
11.340000 -0.017918
11.350000 -0.018047
11.360000 -0.018215
11.370000 -0.018423
11.380000 -0.018672
11.390000 -0.018960
11.400000 -0.019288
11.410000 -0.019657
11.420000 -0.020066
11.430000 -0.020515
11.440000 -0.021004
11.450000 -0.021534
11.460000 -0.022103
11.470000 -0.022713
11.480000 -0.023363
11.490000 -0.024053
11.500000 -0.024783
11.510000 -0.025552
11.520000 -0.026360
11.530000 -0.027207
11.540000 -0.028094
11.550000 -0.029018
11.560000 -0.029981
11.570000 -0.030981
11.580000 -0.032019
11.590000 -0.033094
11.600000 -0.034206
11.610000 -0.035353
11.620000 -0.036536
11.630000 -0.037755
11.640000 -0.039007
11.650000 -0.040294
11.660000 -0.041614
11.670000 -0.042966
11.680000 -0.044350
11.690000 -0.045766
11.700000 -0.047212
11.710000 -0.048689
11.720000 -0.050194
11.730000 -0.051727
11.740000 -0.053288
11.750000 -0.054875
11.760000 -0.056489
11.770000 -0.058127
11.780000 -0.059788
11.790000 -0.061473
11.800000 -0.063180
11.810000 -0.064908
11.820000 -0.066656
11.830000 -0.068423
11.840000 -0.070208
11.850000 -0.072010
11.860000 -0.073827
11.870000 -0.075660
11.880000 -0.077506
11.890000 -0.079364
11.900000 -0.081234
11.910000 -0.083115
11.920000 -0.085004
11.930000 -0.086901
11.940000 -0.088805
11.950000 -0.090714
11.960000 -0.092628
11.970000 -0.094545
11.980000 -0.096464
11.990000 -0.098383
12.000000 -0.100302
12.010000 -0.102220
12.020000 -0.104134
12.030000 -0.106044
12.040000 -0.107948
12.050000 -0.109846
12.060000 -0.111736
12.070000 -0.113616
12.080000 -0.115487
12.090000 -0.117345
12.100000 -0.119191
12.110000 -0.121023
12.120000 -0.122840
12.130000 -0.124640
12.140000 -0.126422
12.150000 -0.128186
12.160000 -0.129930
12.170000 -0.131653
12.180000 -0.133353
12.190000 -0.135030
12.200000 -0.136683
12.210000 -0.138310
12.220000 -0.139911
12.230000 -0.141484
12.240000 -0.143028
12.250000 -0.144543
12.260000 -0.146026
12.270000 -0.147479
12.280000 -0.148898
12.290000 -0.150284
12.300000 -0.151636
12.310000 -0.152952
12.320000 -0.154232
12.330000 -0.155475
12.340000 -0.156680
12.350000 -0.157847
12.360000 -0.158974
12.369999 -0.160061
12.379999 -0.161108
12.389999 -0.162113
12.399999 -0.163076
12.409999 -0.163997
12.419999 -0.164874
12.429999 -0.165708
12.439999 -0.166497
12.449999 -0.167242
12.459999 -0.167942
12.469999 -0.168596
12.479999 -0.169204
12.489999 -0.169766
12.499999 -0.170282
12.509999 -0.170750
12.519999 -0.171172
12.529999 -0.171546
12.539999 -0.171873
12.549999 -0.172153
12.559999 -0.172384
12.569999 -0.172568
12.579999 -0.172704
12.589999 -0.172792
12.599999 -0.172833
12.609999 -0.172826
12.619999 -0.172771
12.629999 -0.172668
12.639999 -0.172519
12.649999 -0.172322
12.659999 -0.172078
12.669999 -0.171787
12.679999 -0.171450
12.689999 -0.171068
12.699999 -0.170639
12.709999 -0.170165
12.719999 -0.169646
12.729999 -0.169082
12.739999 -0.168475
12.749999 -0.167823
12.759999 -0.167129
12.769999 -0.166392
12.779999 -0.165614
12.789999 -0.164794
12.799999 -0.163933
12.809999 -0.163032
12.819999 -0.162091
12.829999 -0.161112
12.839999 -0.160095
12.849999 -0.159041
12.859999 -0.157950
12.869999 -0.156823
12.879999 -0.155661
12.889999 -0.154465
12.899999 -0.153236
12.909999 -0.151974
12.919999 -0.150681
12.929999 -0.149356
12.939999 -0.148002
12.949999 -0.146619
12.959999 -0.145208
12.969999 -0.143769
12.979999 -0.142305
12.989999 -0.140815
12.999999 -0.139300
13.009999 -0.137763
13.019999 -0.136203
13.029999 -0.134621
13.039999 -0.133019
13.049999 -0.131398
13.059999 -0.129758
13.069999 -0.128101
13.079999 -0.126427
13.089999 -0.124738
13.099999 -0.123034
13.109999 -0.121317
13.119999 -0.119588
13.129999 -0.117846
13.139999 -0.116095
13.149999 -0.114334
13.159999 -0.112564
13.169999 -0.110787
13.179999 -0.109003
13.189999 -0.107214
13.199999 -0.105420
13.209999 -0.103623
13.219999 -0.101823
13.229999 -0.100021
13.239999 -0.098218
13.249999 -0.096415
13.259999 -0.094613
13.269999 -0.092813
13.279999 -0.091016
13.289999 -0.089223
13.299999 -0.087434
13.309999 -0.085651
13.319999 -0.083873
13.329999 -0.082103
13.339999 -0.080341
13.349999 -0.078587
13.359999 -0.076842
13.369999 -0.075108
13.379999 -0.073384
13.389999 -0.071673
13.399999 -0.069973
13.409999 -0.068287
13.419999 -0.066614
13.429999 -0.064955
13.439999 -0.063311
13.449999 -0.061683
13.459999 -0.060071
13.469999 -0.058476
13.479999 -0.056898
13.489999 -0.055338
13.499999 -0.053796
13.509999 -0.052273
13.519999 -0.050769
13.529999 -0.049285
13.539999 -0.047821
13.549999 -0.046378
13.559999 -0.044955
13.569999 -0.043554
13.579999 -0.042175
13.589999 -0.040818
13.599999 -0.039483
13.609999 -0.038170
13.619999 -0.036881
13.629999 -0.035614
13.639999 -0.034371
13.649999 -0.033151
13.659999 -0.031955
13.669999 -0.030783
13.679999 -0.029635
13.689999 -0.028511
13.699999 -0.027412
13.709999 -0.026336
13.719999 -0.025285
13.729999 -0.024259
13.739999 -0.023256
13.749999 -0.022279
13.759999 -0.021325
13.769999 -0.020396
13.779999 -0.019492
13.789999 -0.018612
13.799999 -0.017756
13.809999 -0.016924
13.819999 -0.016116
13.829999 -0.015331
13.839999 -0.014571
13.849999 -0.013834
13.859999 -0.013120
13.869999 -0.012430
13.879999 -0.011762
13.889999 -0.011117
13.899999 -0.010495
13.909999 -0.009894
13.919999 -0.009316
13.929999 -0.008759
13.939999 -0.008224
13.949999 -0.007710
13.959999 -0.007216
13.969999 -0.006743
13.979999 -0.006290
13.989999 -0.005857
13.999999 -0.005442
14.009999 -0.005047
14.019999 -0.004671
14.029999 -0.004313
14.039999 -0.003972
14.049999 -0.003649
14.059999 -0.003344
14.069999 -0.003054
14.079999 -0.002781
14.089999 -0.002524
14.099999 -0.002282
14.109999 -0.002055
14.119999 -0.001842
14.129999 -0.001643
14.139999 -0.001458
14.149999 -0.001286
14.159999 -0.001126
14.169999 -0.000979
14.179999 -0.000844
14.189999 -0.000720
14.199999 -0.000606
14.209999 -0.000503
14.219999 -0.000410
14.229999 -0.000326
14.239999 -0.000251
14.249999 -0.000185
14.259999 -0.000126
14.269999 -0.000076
14.279999 -0.000032
14.289999 0.000005
14.299999 0.000036
14.309999 0.000061
14.319999 0.000081
14.329999 0.000096
14.339999 0.000106
14.349999 0.000112
14.359999 0.000115
14.369999 0.000115
14.379999 0.000112
14.389999 0.000107
14.399999 0.000099
14.409999 0.000091
14.419999 0.000081
14.429999 0.000070
14.439999 0.000059
14.449999 0.000048
14.459999 0.000037
14.469999 0.000027
14.479999 0.000018
14.489999 0.000011
14.499999 0.000005
14.509999 0.000001
14.519999 0.000000
14.529999 0.000000
14.539999 0.000000
14.549999 0.000000
14.559999 0.000001
14.569999 0.000001
14.579999 0.000001
14.589999 0.000002
14.599999 0.000003
14.609999 0.000004
14.619999 0.000004
14.629999 0.000005
14.639999 0.000007
14.649999 0.000008
14.659999 0.000009
14.669999 0.000010
14.679999 0.000012
14.689999 0.000013
14.699999 0.000015
14.709999 0.000016
14.719999 0.000018
14.729999 0.000019
14.739999 0.000021
14.749999 0.000023
14.759999 0.000025
14.769999 0.000026
14.779999 0.000028
14.789999 0.000030
14.799999 0.000032
14.809999 0.000034
14.819999 0.000036
14.829999 0.000038
14.839999 0.000039
14.849999 0.000041
14.859999 0.000043
14.869999 0.000045
14.879999 0.000047
14.889999 0.000048
14.899999 0.000050
14.909999 0.000052
14.919999 0.000053
14.929999 0.000055
14.939999 0.000056
14.949999 0.000057
14.959999 0.000058
14.969999 0.000059
14.979999 0.000060
14.989999 0.000061
14.999999 0.000062
