-10.000000 -0.029068
-9.990000 -0.029084
-9.980000 -0.029099
-9.970000 -0.029115
-9.960000 -0.029130
-9.950000 -0.029145
-9.940000 -0.029160
-9.930000 -0.029174
-9.920000 -0.029189
-9.910000 -0.029203
-9.900000 -0.029217
-9.890000 -0.029232
-9.880000 -0.029246
-9.870000 -0.029261
-9.860000 -0.029276
-9.850000 -0.029291
-9.840000 -0.029306
-9.830000 -0.029322
-9.820000 -0.029338
-9.810000 -0.029355
-9.800000 -0.029372
-9.790000 -0.029390
-9.780000 -0.029409
-9.770000 -0.029428
-9.760000 -0.029448
-9.750000 -0.029469
-9.740000 -0.029491
-9.730000 -0.029513
-9.720000 -0.029537
-9.710000 -0.029562
-9.700000 -0.029588
-9.690000 -0.029615
-9.680000 -0.029643
-9.670000 -0.029672
-9.660000 -0.029703
-9.650000 -0.029735
-9.640000 -0.029769
-9.630000 -0.029804
-9.620000 -0.029840
-9.610000 -0.029878
-9.600000 -0.029918
-9.590000 -0.029959
-9.580000 -0.030002
-9.570000 -0.030047
-9.560000 -0.030093
-9.550000 -0.030141
-9.540000 -0.030191
-9.530000 -0.030243
-9.520000 -0.030296
-9.510000 -0.030352
-9.500000 -0.030409
-9.490000 -0.030468
-9.480000 -0.030529
-9.470000 -0.030592
-9.460000 -0.030657
-9.450000 -0.030724
-9.440000 -0.030792
-9.430000 -0.030863
-9.420000 -0.030936
-9.410000 -0.031010
-9.400000 -0.031086
-9.390000 -0.031165
-9.380000 -0.031245
-9.370000 -0.031327
-9.360000 -0.031410
-9.350000 -0.031496
-9.340000 -0.031583
-9.330000 -0.031672
-9.320000 -0.031763
-9.310000 -0.031855
-9.300000 -0.031949
-9.290000 -0.032045
-9.280000 -0.032142
-9.270000 -0.032240
-9.260000 -0.032341
-9.250000 -0.032442
-9.240000 -0.032545
-9.230000 -0.032649
-9.220000 -0.032754
-9.210000 -0.032860
-9.200000 -0.032967
-9.190000 -0.033076
-9.180000 -0.033185
-9.170000 -0.033295
-9.160000 -0.033406
-9.150000 -0.033518
-9.140000 -0.033630
-9.130000 -0.033743
-9.120000 -0.033857
-9.110000 -0.033970
-9.100000 -0.034084
-9.090000 -0.034199
-9.080000 -0.034313
-9.070000 -0.034428
-9.060000 -0.034543
-9.050000 -0.034657
-9.040000 -0.034771
-9.030000 -0.034886
-9.020000 -0.034999
-9.010000 -0.035113
-9.000000 -0.035225
-8.990000 -0.035338
-8.980000 -0.035449
-8.970000 -0.035560
-8.960000 -0.035670
-8.950000 -0.035779
-8.940000 -0.035887
-8.930000 -0.035994
-8.920000 -0.036100
-8.910000 -0.036205
-8.900000 -0.036308
-8.890000 -0.036410
-8.880000 -0.036510
-8.870000 -0.036609
-8.860000 -0.036707
-8.850000 -0.036802
-8.840000 -0.036896
-8.830000 -0.036988
-8.820000 -0.037079
-8.810000 -0.037167
-8.800000 -0.037253
-8.790000 -0.037337
-8.780000 -0.037420
-8.770000 -0.037500
-8.760000 -0.037577
-8.750000 -0.037653
-8.740000 -0.037726
-8.730000 -0.037797
-8.720000 -0.037865
-8.710000 -0.037931
-8.700000 -0.037995
-8.690000 -0.038055
-8.680000 -0.038114
-8.670000 -0.038169
-8.660000 -0.038222
-8.650000 -0.038272
-8.640000 -0.038320
-8.630000 -0.038365
-8.620000 -0.038406
-8.610000 -0.038445
-8.600000 -0.038481
-8.590000 -0.038515
-8.580000 -0.038545
-8.570000 -0.038572
-8.560000 -0.038596
-8.550000 -0.038617
-8.540000 -0.038635
-8.530000 -0.038650
-8.520000 -0.038661
-8.510000 -0.038670
-8.500000 -0.038675
-8.490000 -0.038677
-8.480000 -0.038675
-8.470000 -0.038670
-8.460000 -0.038662
-8.450000 -0.038650
-8.440000 -0.038634
-8.430000 -0.038615
-8.420000 -0.038592
-8.410000 -0.038566
-8.400000 -0.038536
-8.390000 -0.038502
-8.380000 -0.038464
-8.370000 -0.038421
-8.360000 -0.038375
-8.350000 -0.038325
-8.340000 -0.038270
-8.330000 -0.038211
-8.320000 -0.038148
-8.310000 -0.038079
-8.300000 -0.038006
-8.290000 -0.037929
-8.280000 -0.037846
-8.270000 -0.037758
-8.260000 -0.037665
-8.250000 -0.037566
-8.240000 -0.037462
-8.230000 -0.037352
-8.220000 -0.037236
-8.210000 -0.037115
-8.200000 -0.036986
-8.190000 -0.036852
-8.180000 -0.036710
-8.170000 -0.036562
-8.160000 -0.036406
-8.150000 -0.036243
-8.140000 -0.036072
-8.130000 -0.035894
-8.120000 -0.035707
-8.110000 -0.035511
-8.100000 -0.035307
-8.090000 -0.035094
-8.080000 -0.034872
-8.070000 -0.034639
-8.060000 -0.034397
-8.050000 -0.034145
-8.040000 -0.033881
-8.030000 -0.033607
-8.020000 -0.033321
-8.010000 -0.033023
-8.000000 -0.032713
-7.990000 -0.032391
-7.980000 -0.032055
-7.970000 -0.031706
-7.960000 -0.031342
-7.950000 -0.030965
-7.940000 -0.030573
-7.930000 -0.030165
-7.920000 -0.029742
-7.910000 -0.029302
-7.900000 -0.028845
-7.890000 -0.028372
-7.880000 -0.027880
-7.870000 -0.027370
-7.860000 -0.026842
-7.850000 -0.026293
-7.840000 -0.025725
-7.830000 -0.025137
-7.820000 -0.024527
-7.810000 -0.023896
-7.800000 -0.023242
-7.790000 -0.022566
-7.780000 -0.021866
-7.770000 -0.021142
-7.760000 -0.020394
-7.750000 -0.019620
-7.740000 -0.018820
-7.730000 -0.017994
-7.720000 -0.017141
-7.710000 -0.016260
-7.700000 -0.015351
-7.690000 -0.014413
-7.680000 -0.013445
-7.670000 -0.012447
-7.660000 -0.011418
-7.650000 -0.010357
-7.640000 -0.009264
-7.630000 -0.008138
-7.620000 -0.006979
-7.610000 -0.005786
-7.600000 -0.004558
-7.590000 -0.003294
-7.580000 -0.001995
-7.570000 -0.000659
-7.560000 0.000715
-7.550000 0.002126
-7.540000 0.003575
-7.530000 0.005064
-7.520000 0.006592
-7.510000 0.008161
-7.500000 0.009770
-7.490000 0.011421
-7.480000 0.013114
-7.470000 0.014849
-7.460000 0.016627
-7.450000 0.018448
-7.440000 0.020314
-7.430000 0.022224
-7.420000 0.024179
-7.410000 0.026179
-7.400000 0.028226
-7.390000 0.030318
-7.380000 0.032457
-7.370000 0.034644
-7.360000 0.036877
-7.350000 0.039159
-7.340000 0.041489
-7.330000 0.043867
-7.320000 0.046293
-7.310000 0.048769
-7.300000 0.051294
-7.290000 0.053868
-7.280000 0.056492
-7.270000 0.059165
-7.260000 0.061889
-7.250000 0.064662
-7.240000 0.067486
-7.230000 0.070359
-7.220000 0.073283
-7.210000 0.076257
-7.200000 0.079281
-7.190000 0.082354
-7.180000 0.085478
-7.170000 0.088652
-7.160000 0.091875
-7.150000 0.095147
-7.140000 0.098469
-7.130000 0.101839
-7.120000 0.105259
-7.110000 0.108726
-7.100000 0.112241
-7.090000 0.115803
-7.080000 0.119413
-7.070000 0.123069
-7.060000 0.126771
-7.050000 0.130518
-7.040000 0.134311
-7.030000 0.138147
-7.020000 0.142027
-7.010000 0.145949
-7.000000 0.149914
-6.990000 0.153919
-6.980000 0.157965
-6.970000 0.162051
-6.960000 0.166175
-6.950000 0.170336
-6.940000 0.174534
-6.930000 0.178768
-6.920000 0.183036
-6.910000 0.187337
-6.900000 0.191671
-6.890000 0.196035
-6.880000 0.200430
-6.870000 0.204852
-6.860000 0.209302
-6.850000 0.213777
-6.840000 0.218277
-6.830000 0.222800
-6.820000 0.227344
-6.810000 0.231908
-6.800000 0.236490
-6.790000 0.241089
-6.780000 0.245703
-6.770000 0.250331
-6.760000 0.254970
-6.750000 0.259619
-6.740000 0.264277
-6.730000 0.268940
-6.720000 0.273609
-6.710000 0.278279
-6.700000 0.282951
-6.690000 0.287622
-6.680000 0.292289
-6.670000 0.296951
-6.660000 0.301606
-6.650000 0.306251
-6.640000 0.310885
-6.630000 0.315506
-6.620000 0.320111
-6.610000 0.324698
-6.600000 0.329266
-6.590000 0.333811
-6.580000 0.338332
-6.570000 0.342826
-6.560000 0.347291
-6.550000 0.351725
-6.540000 0.356125
-6.530000 0.360489
-6.520000 0.364816
-6.510000 0.369102
-6.500000 0.373345
-6.490000 0.377542
-6.480000 0.381692
-6.470000 0.385793
-6.460000 0.389840
-6.450000 0.393834
-6.440000 0.397770
-6.430000 0.401646
-6.420000 0.405461
-6.410000 0.409211
-6.400000 0.412895
-6.390000 0.416510
-6.380000 0.420053
-6.370000 0.423523
-6.360000 0.426917
-6.350000 0.430232
-6.340000 0.433467
-6.330000 0.436619
-6.320000 0.439686
-6.310000 0.442665
-6.300000 0.445554
-6.290000 0.448352
-6.280000 0.451055
-6.270000 0.453662
-6.260000 0.456171
-6.250000 0.458579
-6.240000 0.460885
-6.230000 0.463086
-6.220000 0.465180
-6.210000 0.467166
-6.200000 0.469042
-6.190000 0.470805
-6.180000 0.472454
-6.170000 0.473987
-6.160000 0.475402
-6.150000 0.476698
-6.140000 0.477872
-6.130000 0.478924
-6.120000 0.479852
-6.110000 0.480654
-6.100000 0.481328
-6.090000 0.481874
-6.080000 0.482290
-6.070000 0.482575
-6.060000 0.482727
-6.050000 0.482746
-6.040000 0.482630
-6.030000 0.482378
-6.020000 0.481990
-6.010000 0.481463
-6.000000 0.480799
-5.990000 0.479995
-5.980000 0.479051
-5.970000 0.477966
-5.960000 0.476740
-5.950000 0.475373
-5.940000 0.473863
-5.930000 0.472211
-5.920000 0.470417
-5.910000 0.468479
-5.900000 0.466398
-5.890000 0.464174
-5.880000 0.461807
-5.870000 0.459297
-5.860000 0.456644
-5.850000 0.453849
-5.840000 0.450911
-5.830000 0.447831
-5.820000 0.444610
-5.810000 0.441248
-5.800000 0.437745
-5.790000 0.434103
-5.780000 0.430323
-5.770000 0.426404
-5.760000 0.422348
-5.750000 0.418156
-5.740000 0.413829
-5.730000 0.409368
-5.720000 0.404775
-5.710000 0.400050
-5.700000 0.395195
-5.690000 0.390212
-5.680000 0.385102
-5.670000 0.379866
-5.660000 0.374506
-5.650000 0.369024
-5.640000 0.363422
-5.630000 0.357701
-5.620000 0.351864
-5.610000 0.345911
-5.600000 0.339847
-5.590000 0.333671
-5.580000 0.327387
-5.570000 0.320997
-5.560000 0.314503
-5.550000 0.307907
-5.540000 0.301212
-5.530000 0.294420
-5.520000 0.287533
-5.510000 0.280555
-5.500000 0.273487
-5.490000 0.266332
-5.480000 0.259093
-5.470000 0.251773
-5.460000 0.244374
-5.450000 0.236898
-5.440000 0.229350
-5.430000 0.221731
-5.420000 0.214045
-5.410000 0.206294
-5.400000 0.198482
-5.390000 0.190610
-5.380000 0.182683
-5.370000 0.174703
-5.360000 0.166673
-5.350000 0.158596
-5.340000 0.150475
-5.330000 0.142314
-5.320000 0.134115
-5.310000 0.125881
-5.300000 0.117616
-5.290000 0.109322
-5.280000 0.101003
-5.270000 0.092662
-5.260000 0.084301
-5.250000 0.075924
-5.240000 0.067535
-5.230000 0.059135
-5.220000 0.050728
-5.210000 0.042317
-5.200000 0.033905
-5.190000 0.025495
-5.180000 0.017091
-5.170000 0.008694
-5.160000 0.000309
-5.150000 -0.008062
-5.140000 -0.016417
-5.130000 -0.024752
-5.120000 -0.033064
-5.110000 -0.041351
-5.100000 -0.049609
-5.090000 -0.057836
-5.080000 -0.066030
-5.070000 -0.074187
-5.060000 -0.082305
-5.050000 -0.090381
-5.040000 -0.098413
-5.030000 -0.106398
-5.020000 -0.114334
-5.010000 -0.122218
-5.000000 -0.130047
-4.990000 -0.137820
-4.980000 -0.145534
-4.970000 -0.153187
-4.960000 -0.160776
-4.950000 -0.168300
-4.940000 -0.175755
-4.930000 -0.183141
-4.920000 -0.190455
-4.910000 -0.197695
-4.900000 -0.204859
-4.890000 -0.211945
-4.880000 -0.218952
-4.870000 -0.225878
-4.860000 -0.232720
-4.850000 -0.239478
-4.840000 -0.246150
-4.830000 -0.252733
-4.820000 -0.259228
-4.810000 -0.265631
-4.800000 -0.271942
-4.790000 -0.278160
-4.780000 -0.284283
-4.770000 -0.290309
-4.760000 -0.296239
-4.750000 -0.302070
-4.740000 -0.307802
-4.730000 -0.313433
-4.720000 -0.318963
-4.710000 -0.324390
-4.700000 -0.329715
-4.690000 -0.334935
-4.680000 -0.340051
-4.670000 -0.345062
-4.660000 -0.349966
-4.650000 -0.354764
-4.640000 -0.359454
-4.630000 -0.364037
-4.620000 -0.368512
-4.610000 -0.372878
-4.600000 -0.377136
-4.590000 -0.381284
-4.580000 -0.385323
-4.570000 -0.389252
-4.560000 -0.393071
-4.550000 -0.396780
-4.540000 -0.400380
-4.530000 -0.403869
-4.520000 -0.407248
-4.510000 -0.410517
-4.500000 -0.413677
-4.490000 -0.416726
-4.480000 -0.419666
-4.470000 -0.422496
-4.460000 -0.425218
-4.450000 -0.427830
-4.440000 -0.430333
-4.430000 -0.432728
-4.420000 -0.435016
-4.410000 -0.437195
-4.400000 -0.439268
-4.390000 -0.441234
-4.380000 -0.443094
-4.370000 -0.444848
-4.360000 -0.446497
-4.350000 -0.448041
-4.340000 -0.449482
-4.330000 -0.450819
-4.320000 -0.452054
-4.310000 -0.453187
-4.300000 -0.454219
-4.290000 -0.455150
-4.280000 -0.455981
-4.270000 -0.456714
-4.260000 -0.457348
-4.250000 -0.457885
-4.240000 -0.458326
-4.230000 -0.458671
-4.220000 -0.458921
-4.210000 -0.459077
-4.200000 -0.459141
-4.190000 -0.459112
-4.180000 -0.458993
-4.170000 -0.458783
-4.160000 -0.458484
-4.150000 -0.458097
-4.140000 -0.457624
-4.130000 -0.457064
-4.120000 -0.456419
-4.110000 -0.455690
-4.100000 -0.454879
-4.090000 -0.453986
-4.080000 -0.453012
-4.070000 -0.451958
-4.060000 -0.450827
-4.050000 -0.449618
-4.040000 -0.448333
-4.030000 -0.446974
-4.020000 -0.445541
-4.010000 -0.444035
-4.000000 -0.442458
-3.990000 -0.440812
-3.980000 -0.439096
-3.970000 -0.437314
-3.960000 -0.435465
-3.950000 -0.433551
-3.940000 -0.431573
-3.930000 -0.429534
-3.920000 -0.427433
-3.910000 -0.425273
-3.900000 -0.423055
-3.890000 -0.420780
-3.880000 -0.418449
-3.870000 -0.416064
-3.860000 -0.413627
-3.850000 -0.411138
-3.840000 -0.408599
-3.830000 -0.406012
-3.820000 -0.403378
-3.810000 -0.400698
-3.800000 -0.397975
-3.790000 -0.395209
-3.780000 -0.392401
-3.770000 -0.389554
-3.760000 -0.386669
-3.750000 -0.383748
-3.740000 -0.380791
-3.730000 -0.377801
-3.720000 -0.374779
-3.710000 -0.371727
-3.700000 -0.368646
-3.690000 -0.365537
-3.680000 -0.362404
-3.670000 -0.359245
-3.660000 -0.356065
-3.650000 -0.352864
-3.640000 -0.349643
-3.630000 -0.346405
-3.620000 -0.343151
-3.610000 -0.339882
-3.600000 -0.336601
-3.590000 -0.333308
-3.580000 -0.330007
-3.570000 -0.326697
-3.560000 -0.323381
-3.550000 -0.320060
-3.540000 -0.316737
-3.530000 -0.313412
-3.520000 -0.310088
-3.510000 -0.306765
-3.500000 -0.303446
-3.490000 -0.300133
-3.480000 -0.296826
-3.470000 -0.293528
-3.460000 -0.290239
-3.450000 -0.286963
-3.440000 -0.283699
-3.430000 -0.280451
-3.420000 -0.277219
-3.410000 -0.274004
-3.400000 -0.270809
-3.390000 -0.267636
-3.380000 -0.264484
-3.370000 -0.261357
-3.360000 -0.258255
-3.350000 -0.255181
-3.340000 -0.252134
-3.330000 -0.249117
-3.320000 -0.246132
-3.310000 -0.243179
-3.300000 -0.240260
-3.290000 -0.237377
-3.280000 -0.234530
-3.270000 -0.231721
-3.260000 -0.228950
-3.250000 -0.226221
-3.240000 -0.223533
-3.230000 -0.220887
-3.220000 -0.218285
-3.210000 -0.215728
-3.200000 -0.213218
-3.190000 -0.210754
-3.180000 -0.208338
-3.170000 -0.205971
-3.160000 -0.203654
-3.150000 -0.201388
-3.140000 -0.199174
-3.130000 -0.197012
-3.120000 -0.194903
-3.110000 -0.192848
-3.100000 -0.190848
-3.090000 -0.188903
-3.080000 -0.187015
-3.070000 -0.185182
-3.060000 -0.183407
-3.050000 -0.181689
-3.040000 -0.180029
-3.030000 -0.178428
-3.020000 -0.176886
-3.010000 -0.175402
-3.000000 -0.173978
-2.990000 -0.172613
-2.980000 -0.171309
-2.970000 -0.170064
-2.960000 -0.168879
-2.950000 -0.167755
-2.940000 -0.166691
-2.930000 -0.165686
-2.920000 -0.164742
-2.910000 -0.163858
-2.900000 -0.163034
-2.890000 -0.162270
-2.880000 -0.161565
-2.870000 -0.160920
-2.860000 -0.160334
-2.850000 -0.159806
-2.840000 -0.159337
-2.830000 -0.158926
-2.820000 -0.158572
-2.810000 -0.158276
-2.800000 -0.158037
-2.790000 -0.157853
-2.780000 -0.157726
-2.770000 -0.157654
-2.760000 -0.157636
-2.750000 -0.157673
-2.740000 -0.157763
-2.730000 -0.157906
-2.720000 -0.158102
-2.710000 -0.158349
-2.700000 -0.158647
-2.690000 -0.158996
-2.680000 -0.159394
-2.670000 -0.159841
-2.660000 -0.160336
-2.650000 -0.160880
-2.640000 -0.161470
-2.630000 -0.162106
-2.620000 -0.162788
-2.610000 -0.163516
-2.600000 -0.164287
-2.590000 -0.165102
-2.580000 -0.165961
-2.570000 -0.166862
-2.560000 -0.167804
-2.550000 -0.168788
-2.540000 -0.169813
-2.530000 -0.170878
-2.520000 -0.171983
-2.510000 -0.173127
-2.500000 -0.174310
-2.490000 -0.175532
-2.480000 -0.176792
-2.470000 -0.178089
-2.460000 -0.179425
-2.450000 -0.180797
-2.440000 -0.182207
-2.430000 -0.183654
-2.420000 -0.185137
-2.410000 -0.186658
-2.400000 -0.188215
-2.390000 -0.189810
-2.380000 -0.191441
-2.370000 -0.193110
-2.360000 -0.194817
-2.350000 -0.196561
-2.340000 -0.198344
-2.330000 -0.200166
-2.320000 -0.202026
-2.310000 -0.203927
-2.300000 -0.205868
-2.290000 -0.207851
-2.280000 -0.209875
-2.270000 -0.211943
-2.260000 -0.214054
-2.250000 -0.216210
-2.240000 -0.218413
-2.230000 -0.220662
-2.220000 -0.222960
-2.210000 -0.225308
-2.200000 -0.227707
-2.190000 -0.230159
-2.180000 -0.232665
-2.170000 -0.235227
-2.160000 -0.237846
-2.150000 -0.240525
-2.140000 -0.243266
-2.130000 -0.246070
-2.120000 -0.248939
-2.110000 -0.251876
-2.100000 -0.254882
-2.090000 -0.257960
-2.080000 -0.261113
-2.070000 -0.264343
-2.060000 -0.267651
-2.050000 -0.271041
-2.040000 -0.274516
-2.030000 -0.278078
-2.020000 -0.281729
-2.010000 -0.285473
-2.000000 -0.289312
-1.990000 -0.293250
-1.980000 -0.297289
-1.970000 -0.301432
-1.960000 -0.305683
-1.950000 -0.310044
-1.940000 -0.314519
-1.930000 -0.319111
-1.920000 -0.323823
-1.910000 -0.328658
-1.900000 -0.333620
-1.890000 -0.338712
-1.880000 -0.343937
-1.870000 -0.349299
-1.860000 -0.354801
-1.850000 -0.360447
-1.840000 -0.366239
-1.830000 -0.372182
-1.820000 -0.378278
-1.810000 -0.384532
-1.800000 -0.390946
-1.790000 -0.397523
-1.780000 -0.404268
-1.770000 -0.411183
-1.760000 -0.418272
-1.750000 -0.425538
-1.740000 -0.432985
-1.730000 -0.440615
-1.720000 -0.448431
-1.710000 -0.456437
-1.700000 -0.464636
-1.690000 -0.473031
-1.680000 -0.481624
-1.670000 -0.490419
-1.660000 -0.499417
-1.650000 -0.508623
-1.640000 -0.518038
-1.630000 -0.527665
-1.620000 -0.537506
-1.610000 -0.547564
-1.600000 -0.557840
-1.590000 -0.568338
-1.580000 -0.579058
-1.570000 -0.590003
-1.560000 -0.601175
-1.550000 -0.612574
-1.540000 -0.624203
-1.530000 -0.636062
-1.520000 -0.648153
-1.510000 -0.660478
-1.500000 -0.673036
-1.490000 -0.685828
-1.480000 -0.698856
-1.470000 -0.712119
-1.460000 -0.725617
-1.450000 -0.739351
-1.440000 -0.753321
-1.430000 -0.767525
-1.420000 -0.781965
-1.410000 -0.796638
-1.400000 -0.811545
-1.390000 -0.826683
-1.380000 -0.842052
-1.370000 -0.857651
-1.360000 -0.873477
-1.350000 -0.889528
-1.340000 -0.905804
-1.330000 -0.922300
-1.320000 -0.939016
-1.310000 -0.955947
-1.300000 -0.973092
-1.290000 -0.990446
-1.280000 -1.008007
-1.270000 -1.025771
-1.260000 -1.043734
-1.250000 -1.061893
-1.240000 -1.080242
-1.230000 -1.098777
-1.220000 -1.117495
-1.210000 -1.136389
-1.200000 -1.155455
-1.190000 -1.174687
-1.180000 -1.194080
-1.170000 -1.213627
-1.160000 -1.233324
-1.150000 -1.253163
-1.140000 -1.273139
-1.130000 -1.293244
-1.120000 -1.313472
-1.110000 -1.333815
-1.100000 -1.354267
-1.090000 -1.374819
-1.080000 -1.395465
-1.070000 -1.416196
-1.060000 -1.437004
-1.050000 -1.457881
-1.040000 -1.478818
-1.030000 -1.499807
-1.020000 -1.520839
-1.010000 -1.541905
-1.000000 -1.562995
-0.990000 -1.584101
-0.980000 -1.605212
-0.970000 -1.626320
-0.960000 -1.647414
-0.950000 -1.668484
-0.940000 -1.689521
-0.930000 -1.710513
-0.920000 -1.731451
-0.910000 -1.752324
-0.900000 -1.773121
-0.890000 -1.793832
-0.880000 -1.814446
-0.870000 -1.834952
-0.860000 -1.855339
-0.850000 -1.875595
-0.840000 -1.895710
-0.830000 -1.915671
-0.820000 -1.935469
-0.810000 -1.955091
-0.800000 -1.974526
-0.790000 -1.993763
-0.780000 -2.012789
-0.770000 -2.031594
-0.760000 -2.050166
-0.750000 -2.068492
-0.740000 -2.086563
-0.730000 -2.104365
-0.720000 -2.121887
-0.710000 -2.139119
-0.700000 -2.156047
-0.690000 -2.172662
-0.680000 -2.188950
-0.670000 -2.204902
-0.660000 -2.220505
-0.650000 -2.235748
-0.640000 -2.250620
-0.630000 -2.265110
-0.620000 -2.279207
-0.610000 -2.292899
-0.600000 -2.306177
-0.590000 -2.319029
-0.580000 -2.331445
-0.570000 -2.343414
-0.560000 -2.354926
-0.550000 -2.365971
-0.540000 -2.376539
-0.530000 -2.386619
-0.520000 -2.396203
-0.510000 -2.405281
-0.500000 -2.413843
-0.490000 -2.421880
-0.480000 -2.429384
-0.470000 -2.436345
-0.460000 -2.442756
-0.450000 -2.448607
-0.440000 -2.453892
-0.430000 -2.458601
-0.420000 -2.462728
-0.410000 -2.466264
-0.400000 -2.469204
-0.390000 -2.471540
-0.380000 -2.473266
-0.370000 -2.474374
-0.360000 -2.474861
-0.350000 -2.474718
-0.340000 -2.473942
-0.330000 -2.472527
-0.320000 -2.470468
-0.310000 -2.467760
-0.300000 -2.464400
-0.290000 -2.460382
-0.280000 -2.455705
-0.270000 -2.450363
-0.260000 -2.444355
-0.250000 -2.437678
-0.240000 -2.430329
-0.230000 -2.422306
-0.220000 -2.413607
-0.210000 -2.404231
-0.200000 -2.394178
-0.190000 -2.383445
-0.180000 -2.372034
-0.170000 -2.359943
-0.160000 -2.347173
-0.150000 -2.333726
-0.140000 -2.319600
-0.130000 -2.304799
-0.120000 -2.289324
-0.110000 -2.273177
-0.100000 -2.256359
-0.090000 -2.238874
-0.080000 -2.220725
-0.070000 -2.201915
-0.060000 -2.182448
-0.050000 -2.162328
-0.040000 -2.141558
-0.030000 -2.120145
-0.020000 -2.098092
-0.010000 -2.075406
-0.000000 -2.052092
0.010000 -2.028155
0.020000 -2.003603
0.030000 -1.978441
0.040000 -1.952677
0.050000 -1.926318
0.060000 -1.899372
0.070000 -1.871846
0.080000 -1.843749
0.090000 -1.815088
0.100000 -1.785873
0.110000 -1.756113
0.120000 -1.725817
0.130000 -1.694994
0.140000 -1.663655
0.150000 -1.631808
0.160000 -1.599466
0.170000 -1.566638
0.180000 -1.533334
0.190000 -1.499567
0.200000 -1.465347
0.210000 -1.430686
0.220000 -1.395596
0.230000 -1.360088
0.240000 -1.324174
0.250000 -1.287868
0.260000 -1.251180
0.270000 -1.214125
0.280000 -1.176715
0.290000 -1.138963
0.300000 -1.100881
0.310000 -1.062485
0.320000 -1.023786
0.330000 -0.984798
0.340000 -0.945536
0.350000 -0.906013
0.360000 -0.866243
0.370000 -0.826239
0.380000 -0.786017
0.390000 -0.745591
0.400000 -0.704974
0.410000 -0.664181
0.420000 -0.623227
0.430000 -0.582126
0.440000 -0.540893
0.450000 -0.499542
0.460000 -0.458087
0.470000 -0.416544
0.480000 -0.374927
0.490000 -0.333250
0.500000 -0.291529
0.510000 -0.249778
0.520000 -0.208011
0.530000 -0.166244
0.540000 -0.124490
0.550000 -0.082764
0.560000 -0.041080
0.570000 0.000546
0.580000 0.042101
0.590000 0.083571
0.600000 0.124941
0.610000 0.166197
0.620000 0.207326
0.630000 0.248313
0.640000 0.289145
0.650000 0.329808
0.660000 0.370289
0.670000 0.410574
0.680000 0.450650
0.690000 0.490504
0.700000 0.530122
0.710000 0.569494
0.720000 0.608604
0.730000 0.647442
0.740000 0.685995
0.750000 0.724250
0.760000 0.762197
0.770000 0.799822
0.780000 0.837116
0.790000 0.874066
0.800000 0.910661
0.810000 0.946891
0.820000 0.982744
0.830000 1.018211
0.840000 1.053281
0.850000 1.087944
0.860000 1.122191
0.870000 1.156012
0.880000 1.189397
0.890000 1.222338
0.900000 1.254826
0.910000 1.286852
0.920000 1.318408
0.930000 1.349487
0.940000 1.380080
0.950000 1.410179
0.960000 1.439778
0.970000 1.468870
0.980000 1.497448
0.990000 1.525506
1.000000 1.553037
1.010000 1.580035
1.020000 1.606496
1.030000 1.632413
1.040000 1.657781
1.050000 1.682597
1.060000 1.706854
1.070000 1.730550
1.080000 1.753680
1.090000 1.776240
1.100000 1.798227
1.110000 1.819638
1.120000 1.840470
1.130000 1.860720
1.140000 1.880387
1.150000 1.899467
1.160000 1.917960
1.170000 1.935863
1.180000 1.953176
1.190000 1.969898
1.200000 1.986027
1.210000 2.001564
1.220000 2.016508
1.230000 2.030860
1.240000 2.044618
1.250000 2.057785
1.260000 2.070361
1.270000 2.082347
1.280000 2.093745
1.290000 2.104555
1.300000 2.114780
1.310000 2.124421
1.320000 2.133482
1.330000 2.141963
1.340000 2.149869
1.350000 2.157202
1.360000 2.163964
1.370000 2.170161
1.380000 2.175794
1.390000 2.180868
1.400000 2.185386
1.410000 2.189354
1.420000 2.192774
1.430000 2.195652
1.440000 2.197993
1.450000 2.199800
1.460000 2.201080
1.470000 2.201838
1.480000 2.202078
1.490000 2.201806
1.500000 2.201029
1.510000 2.199752
1.520000 2.197980
1.530000 2.195721
1.540000 2.192980
1.550000 2.189763
1.560000 2.186078
1.570000 2.181930
1.580000 2.177327
1.590000 2.172276
1.600000 2.166783
1.610000 2.160855
1.620000 2.154500
1.630000 2.147725
1.640000 2.140537
1.650000 2.132944
1.660000 2.124953
1.670000 2.116571
1.680000 2.107807
1.690000 2.098668
1.700000 2.089162
1.710000 2.079297
1.720000 2.069079
1.730000 2.058519
1.740000 2.047622
1.750000 2.036398
1.760000 2.024854
1.770000 2.012998
1.780000 2.000839
1.790000 1.988384
1.800000 1.975641
1.810000 1.962619
1.820000 1.949326
1.830000 1.935769
1.840000 1.921957
1.850000 1.907898
1.860000 1.893599
1.870000 1.879070
1.880000 1.864317
1.890000 1.849350
1.900000 1.834175
1.910000 1.818801
1.920000 1.803235
1.930000 1.787486
1.940000 1.771562
1.950000 1.755469
1.960000 1.739216
1.970000 1.722811
1.980000 1.706260
1.990000 1.689572
2.000000 1.672754
2.010000 1.655814
2.020000 1.638758
2.030000 1.621594
2.040000 1.604330
2.050000 1.586971
2.060000 1.569527
2.070000 1.552002
2.080000 1.534405
2.090000 1.516742
2.100000 1.499019
2.110000 1.481244
2.120000 1.463423
2.130000 1.445562
2.140000 1.427667
2.150000 1.409746
2.160000 1.391803
2.170000 1.373846
2.180000 1.355879
2.190000 1.337910
2.200000 1.319943
2.210000 1.301984
2.220000 1.284039
2.230000 1.266113
2.240000 1.248211
2.250000 1.230339
2.260000 1.212502
2.270000 1.194705
2.280000 1.176952
2.290000 1.159248
2.300000 1.141599
2.310000 1.124007
2.320000 1.106479
2.330000 1.089019
2.340000 1.071629
2.350000 1.054315
2.360000 1.037081
2.370000 1.019930
2.380000 1.002866
2.390000 0.985893
2.400000 0.969014
2.410000 0.952232
2.420000 0.935552
2.430000 0.918976
2.440000 0.902506
2.450000 0.886148
2.460000 0.869902
2.470000 0.853771
2.480000 0.837760
2.490000 0.821869
2.500000 0.806101
2.510000 0.790459
2.520000 0.774945
2.530000 0.759561
2.540000 0.744309
2.550000 0.729190
2.560000 0.714207
2.570000 0.699362
2.580000 0.684656
2.590000 0.670090
2.600000 0.655665
2.610000 0.641384
2.620000 0.627248
2.630000 0.613257
2.640000 0.599412
2.650000 0.585715
2.660000 0.572167
2.670000 0.558767
2.680000 0.545518
2.690000 0.532419
2.700000 0.519471
2.710000 0.506674
2.720000 0.494029
2.730000 0.481537
2.740000 0.469196
2.750000 0.457008
2.760000 0.444973
2.770000 0.433090
2.780000 0.421360
2.790000 0.409782
2.800000 0.398356
2.810000 0.387082
2.820000 0.375960
2.830000 0.364989
2.840000 0.354168
2.850000 0.343498
2.860000 0.332978
2.870000 0.322606
2.880000 0.312383
2.890000 0.302308
2.900000 0.292380
2.910000 0.282598
2.920000 0.272961
2.930000 0.263469
2.940000 0.254120
2.950000 0.244914
2.960000 0.235849
2.970000 0.226925
2.980000 0.218140
2.990000 0.209494
3.000000 0.200984
3.010000 0.192611
3.020000 0.184372
3.030000 0.176266
3.040000 0.168293
3.050000 0.160451
3.060000 0.152739
3.070000 0.145154
3.080000 0.137697
3.090000 0.130365
3.100000 0.123157
3.110000 0.116072
3.120000 0.109108
3.130000 0.102263
3.140000 0.095538
3.150000 0.088929
3.160000 0.082435
3.170000 0.076055
3.180000 0.069788
3.190000 0.063632
3.200000 0.057584
3.210000 0.051645
3.220000 0.045812
3.230000 0.040084
3.240000 0.034458
3.250000 0.028935
3.260000 0.023511
3.270000 0.018186
3.280000 0.012958
3.290000 0.007826
3.300000 0.002787
3.310000 -0.002160
3.320000 -0.007015
3.330000 -0.011782
3.340000 -0.016461
3.350000 -0.021053
3.360000 -0.025562
3.370000 -0.029987
3.380000 -0.034330
3.390000 -0.038594
3.400000 -0.042779
3.410000 -0.046887
3.420000 -0.050920
3.430000 -0.054878
3.440000 -0.058765
3.450000 -0.062580
3.460000 -0.066325
3.470000 -0.070003
3.480000 -0.073614
3.490000 -0.077160
3.500000 -0.080641
3.510000 -0.084061
3.520000 -0.087420
3.530000 -0.090719
3.540000 -0.093960
3.550000 -0.097145
3.560000 -0.100274
3.570000 -0.103349
3.580000 -0.106372
3.590000 -0.109343
3.600000 -0.112265
3.610000 -0.115138
3.620000 -0.117963
3.630000 -0.120743
3.640000 -0.123478
3.650000 -0.126170
3.660000 -0.128820
3.670000 -0.131429
3.680000 -0.133999
3.690000 -0.136530
3.700000 -0.139024
3.710000 -0.141483
3.720000 -0.143907
3.730000 -0.146297
3.740000 -0.148656
3.750000 -0.150984
3.760000 -0.153281
3.770000 -0.155551
3.780000 -0.157793
3.790000 -0.160009
3.800000 -0.162199
3.810000 -0.164366
3.820000 -0.166510
3.830000 -0.168633
3.840000 -0.170734
3.850000 -0.172817
3.860000 -0.174881
3.870000 -0.176928
3.880000 -0.178959
3.890000 -0.180975
3.900000 -0.182977
3.910000 -0.184966
3.920000 -0.186944
3.930000 -0.188910
3.940000 -0.190867
3.950000 -0.192815
3.960000 -0.194756
3.970000 -0.196690
3.980000 -0.198618
3.990000 -0.200542
4.000000 -0.202463
4.010000 -0.204380
4.020000 -0.206297
4.030000 -0.208212
4.040000 -0.210128
4.050000 -0.212046
4.060000 -0.213965
4.070000 -0.215888
4.080000 -0.217816
4.090000 -0.219748
4.100000 -0.221687
4.110000 -0.223633
4.120000 -0.225587
4.130000 -0.227549
4.140000 -0.229522
4.150000 -0.231505
4.160000 -0.233500
4.170000 -0.235508
4.180000 -0.237529
4.190000 -0.239564
4.200000 -0.241614
4.210000 -0.243681
4.220000 -0.245764
4.230000 -0.247865
4.240000 -0.249985
4.250000 -0.252124
4.260000 -0.254283
4.270000 -0.256464
4.280000 -0.258666
4.290000 -0.260891
4.300000 -0.263140
4.310000 -0.265413
4.320000 -0.267711
4.330000 -0.270035
4.340000 -0.272386
4.350000 -0.274764
4.360000 -0.277170
4.370000 -0.279605
4.380000 -0.282070
4.390000 -0.284565
4.400000 -0.287091
4.410000 -0.289649
4.420000 -0.292240
4.430000 -0.294863
4.440000 -0.297521
4.450000 -0.300213
4.460000 -0.302940
4.470000 -0.305704
4.480000 -0.308504
4.490000 -0.311341
4.500000 -0.314216
4.510000 -0.317129
4.520000 -0.320081
4.530000 -0.323073
4.540000 -0.326106
4.550000 -0.329179
4.560000 -0.332293
4.570000 -0.335450
4.580000 -0.338649
4.590000 -0.341891
4.600000 -0.345177
4.610000 -0.348507
4.620000 -0.351881
4.630000 -0.355301
4.640000 -0.358766
4.650000 -0.362277
4.660000 -0.365835
4.670000 -0.369440
4.680000 -0.373092
4.690000 -0.376792
4.700000 -0.380540
4.710000 -0.384337
4.720000 -0.388183
4.730000 -0.392079
4.740000 -0.396024
4.750000 -0.400019
4.760000 -0.404065
4.770000 -0.408161
4.780000 -0.412309
4.790000 -0.416507
4.800000 -0.420758
4.810000 -0.425060
4.820000 -0.429414
4.830000 -0.433821
4.840000 -0.438280
4.850000 -0.442791
4.860000 -0.447356
4.870000 -0.451973
4.880000 -0.456644
4.890000 -0.461367
4.900000 -0.466144
4.910000 -0.470974
4.920000 -0.475858
4.930000 -0.480795
4.940000 -0.485785
4.950000 -0.490828
4.960000 -0.495924
4.970000 -0.501074
4.980000 -0.506276
4.990000 -0.511531
5.000000 -0.516839
5.010000 -0.522200
5.020000 -0.527612
5.030000 -0.533077
5.040000 -0.538593
5.050000 -0.544160
5.060000 -0.549778
5.070000 -0.555447
5.080000 -0.561166
5.090000 -0.566934
5.100000 -0.572752
5.110000 -0.578618
5.120000 -0.584532
5.130000 -0.590494
5.140000 -0.596502
5.150000 -0.602556
5.160000 -0.608655
5.170000 -0.614799
5.180000 -0.620986
5.190000 -0.627216
5.200000 -0.633488
5.210000 -0.639800
5.220000 -0.646152
5.230000 -0.652542
5.240000 -0.658970
5.250000 -0.665434
5.260000 -0.671933
5.270000 -0.678465
5.280000 -0.685030
5.290000 -0.691626
5.300000 -0.698251
5.310000 -0.704903
5.320000 -0.711582
5.330000 -0.718285
5.340000 -0.725011
5.350000 -0.731758
5.360000 -0.738524
5.370000 -0.745307
5.380000 -0.752105
5.390000 -0.758916
5.400000 -0.765738
5.410000 -0.772569
5.420000 -0.779406
5.430000 -0.786247
5.440000 -0.793089
5.450000 -0.799931
5.460000 -0.806769
5.470000 -0.813601
5.480000 -0.820424
5.490000 -0.827235
5.500000 -0.834032
5.510000 -0.840811
5.520000 -0.847569
5.530000 -0.854304
5.540000 -0.861012
5.550000 -0.867689
5.560000 -0.874333
5.570000 -0.880940
5.580000 -0.887507
5.590000 -0.894029
5.600000 -0.900504
5.610000 -0.906927
5.620000 -0.913295
5.630000 -0.919603
5.640000 -0.925849
5.650000 -0.932027
5.660000 -0.938134
5.670000 -0.944166
5.680000 -0.950117
5.690000 -0.955985
5.700000 -0.961764
5.710000 -0.967450
5.720000 -0.973038
5.730000 -0.978525
5.740000 -0.983904
5.750000 -0.989172
5.760000 -0.994323
5.770000 -0.999353
5.780000 -1.004257
5.790000 -1.009030
5.800000 -1.013666
5.810000 -1.018161
5.820000 -1.022510
5.830000 -1.026707
5.840000 -1.030747
5.850000 -1.034625
5.860000 -1.038335
5.870000 -1.041872
5.880000 -1.045232
5.890000 -1.048407
5.900000 -1.051394
5.910000 -1.054186
5.920000 -1.056777
5.930000 -1.059163
5.940000 -1.061338
5.950000 -1.063297
5.960000 -1.065032
5.970000 -1.066541
5.980000 -1.067815
5.990000 -1.068851
6.000000 -1.069642
6.010000 -1.070184
6.020000 -1.070469
6.030000 -1.070494
6.040000 -1.070252
6.050000 -1.069738
6.060000 -1.068947
6.070000 -1.067873
6.080000 -1.066510
6.090000 -1.064854
6.100000 -1.062900
6.110000 -1.060642
6.120000 -1.058074
6.130000 -1.055193
6.140000 -1.051992
6.150000 -1.048468
6.160000 -1.044614
6.170000 -1.040427
6.180000 -1.035902
6.190000 -1.031033
6.200000 -1.025817
6.210000 -1.020250
6.220000 -1.014326
6.230000 -1.008043
6.240000 -1.001395
6.250000 -0.994379
6.260000 -0.986991
6.270000 -0.979227
6.280000 -0.971084
6.290000 -0.962559
6.300000 -0.953648
6.310000 -0.944348
6.320000 -0.934656
6.330000 -0.924570
6.340000 -0.914087
6.350000 -0.903204
6.360000 -0.891919
6.370000 -0.880231
6.380000 -0.868137
6.390000 -0.855635
6.400000 -0.842724
6.410000 -0.829402
6.420000 -0.815669
6.430000 -0.801524
6.440000 -0.786965
6.450000 -0.771993
6.460000 -0.756607
6.470000 -0.740806
6.480000 -0.724592
6.490000 -0.707963
6.500000 -0.690922
6.510000 -0.673468
6.520000 -0.655603
6.530000 -0.637328
6.540000 -0.618644
6.550000 -0.599553
6.560000 -0.580058
6.570000 -0.560159
6.580000 -0.539860
6.590000 -0.519164
6.600000 -0.498073
6.610000 -0.476590
6.620000 -0.454719
6.630000 -0.432463
6.640000 -0.409827
6.650000 -0.386814
6.660000 -0.363429
6.670000 -0.339676
6.680000 -0.315561
6.690000 -0.291088
6.700000 -0.266263
6.710000 -0.241091
6.720000 -0.215578
6.730000 -0.189731
6.740000 -0.163555
6.750000 -0.137057
6.760000 -0.110244
6.770000 -0.083123
6.780000 -0.055701
6.790000 -0.027986
6.800000 0.000015
6.810000 0.028294
6.820000 0.056842
6.830000 0.085651
6.840000 0.114713
6.850000 0.144020
6.860000 0.173561
6.870000 0.203327
6.880000 0.233310
6.890000 0.263500
6.900000 0.293887
6.910000 0.324461
6.920000 0.355212
6.930000 0.386130
6.940000 0.417204
6.950000 0.448424
6.960000 0.479778
6.970000 0.511257
6.980000 0.542848
6.990000 0.574541
7.000000 0.606324
7.010000 0.638187
7.020000 0.670116
7.030000 0.702101
7.040000 0.734130
7.050000 0.766191
7.060000 0.798272
7.070000 0.830361
7.080000 0.862445
7.090000 0.894513
7.100000 0.926552
7.110000 0.958550
7.120000 0.990494
7.130000 1.022373
7.140000 1.054173
7.150000 1.085882
7.160000 1.117487
7.170000 1.148977
7.180000 1.180338
7.190000 1.211559
7.200000 1.242626
7.210000 1.273526
7.220000 1.304249
7.230000 1.334781
7.240000 1.365109
7.250000 1.395222
7.260000 1.425108
7.270000 1.454753
7.280000 1.484146
7.290000 1.513276
7.300000 1.542129
7.310000 1.570695
7.320000 1.598961
7.330000 1.626915
7.340000 1.654548
7.350000 1.681846
7.360000 1.708799
7.370000 1.735396
7.380000 1.761625
7.390000 1.787476
7.400000 1.812939
7.410000 1.838003
7.420000 1.862657
7.430000 1.886892
7.440000 1.910698
7.450000 1.934064
7.460000 1.956983
7.470000 1.979443
7.480000 2.001437
7.490000 2.022955
7.500000 2.043989
7.510000 2.064530
7.520000 2.084570
7.530000 2.104102
7.540000 2.123117
7.550000 2.141609
7.560000 2.159570
7.570000 2.176993
7.580000 2.193871
7.590000 2.210199
7.600000 2.225970
7.610000 2.241178
7.620000 2.255818
7.630000 2.269885
7.640000 2.283373
7.650000 2.296278
7.660000 2.308596
7.670000 2.320322
7.680000 2.331452
7.690000 2.341984
7.700000 2.351913
7.710000 2.361238
7.720000 2.369954
7.730000 2.378061
7.740000 2.385556
7.750000 2.392437
7.760000 2.398702
7.770000 2.404352
7.780000 2.409384
7.790000 2.413799
7.800000 2.417596
7.810000 2.420775
7.820000 2.423337
7.830000 2.425283
7.840000 2.426612
7.850000 2.427328
7.860000 2.427430
7.870000 2.426922
7.880000 2.425804
7.890000 2.424081
7.900000 2.421753
7.910000 2.418825
7.920000 2.415300
7.930000 2.411181
7.940000 2.406472
7.950000 2.401177
7.960000 2.395300
7.970000 2.388846
7.980000 2.381821
7.990000 2.374228
8.000000 2.366074
8.010000 2.357363
8.020000 2.348103
8.030000 2.338299
8.040000 2.327956
8.050000 2.317083
8.060000 2.305685
8.070000 2.293770
8.080000 2.281344
8.090000 2.268415
8.100000 2.254991
8.110000 2.241080
8.120000 2.226689
8.130000 2.211826
8.140000 2.196500
8.150000 2.180719
8.160000 2.164492
8.170000 2.147827
8.180000 2.130735
8.190000 2.113223
8.200000 2.095300
8.210000 2.076977
8.220000 2.058263
8.230000 2.039167
8.240000 2.019698
8.250000 1.999868
8.260000 1.979685
8.270000 1.959159
8.280000 1.938301
8.290000 1.917121
8.300000 1.895629
8.310000 1.873835
8.320000 1.851749
8.330000 1.829383
8.340000 1.806745
8.350000 1.783848
8.360000 1.760701
8.370000 1.737314
8.380000 1.713699
8.390000 1.689866
8.400000 1.665825
8.410000 1.641587
8.420000 1.617162
8.430000 1.592561
8.440000 1.567795
8.450000 1.542874
8.460000 1.517808
8.470000 1.492608
8.480000 1.467284
8.490000 1.441847
8.500000 1.416307
8.510000 1.390673
8.520000 1.364956
8.530000 1.339167
8.540000 1.313315
8.550000 1.287410
8.560000 1.261461
8.570000 1.235480
8.580000 1.209474
8.590000 1.183455
8.600000 1.157430
8.610000 1.131411
8.620000 1.105405
8.630000 1.079422
8.640000 1.053470
8.650000 1.027560
8.660000 1.001699
8.670000 0.975896
8.680000 0.950160
8.690000 0.924498
8.700000 0.898920
8.710000 0.873432
8.720000 0.848044
8.730000 0.822762
8.740000 0.797594
8.750000 0.772549
8.760000 0.747632
8.770000 0.722851
8.780000 0.698214
8.790000 0.673726
8.800000 0.649395
8.810000 0.625227
8.820000 0.601228
8.830000 0.577405
8.840000 0.553763
8.850000 0.530308
8.860000 0.507045
8.870000 0.483981
8.880000 0.461121
8.890000 0.438468
8.900000 0.416030
8.910000 0.393809
8.920000 0.371811
8.930000 0.350040
8.940000 0.328501
8.950000 0.307197
8.960000 0.286132
8.970000 0.265309
8.980000 0.244734
8.990000 0.224408
9.000000 0.204335
9.010000 0.184517
9.020000 0.164959
9.030000 0.145662
9.040000 0.126628
9.050000 0.107861
9.060000 0.089362
9.070000 0.071134
9.080000 0.053177
9.090000 0.035494
9.100000 0.018086
9.110000 0.000955
9.120000 -0.015898
9.130000 -0.032473
9.140000 -0.048768
9.150000 -0.064782
9.160000 -0.080516
9.170000 -0.095968
9.180000 -0.111139
9.190000 -0.126028
9.200000 -0.140635
9.210000 -0.154960
9.220000 -0.169004
9.230000 -0.182767
9.240000 -0.196250
9.250000 -0.209452
9.260000 -0.222375
9.270000 -0.235020
9.280000 -0.247388
9.290000 -0.259480
9.300000 -0.271297
9.310000 -0.282840
9.320000 -0.294111
9.330000 -0.305112
9.340000 -0.315843
9.350000 -0.326308
9.360000 -0.336507
9.370000 -0.346443
9.380000 -0.356117
9.390000 -0.365533
9.400000 -0.374691
9.410000 -0.383594
9.420000 -0.392245
9.430000 -0.400646
9.440000 -0.408799
9.450000 -0.416707
9.460000 -0.424373
9.470000 -0.431800
9.480000 -0.438989
9.490000 -0.445944
9.500000 -0.452668
9.510000 -0.459164
9.520000 -0.465434
9.530000 -0.471481
9.540000 -0.477309
9.550000 -0.482921
9.560000 -0.488320
9.570000 -0.493509
9.580000 -0.498490
9.590000 -0.503268
9.600000 -0.507846
9.610000 -0.512226
9.620000 -0.516413
9.630000 -0.520408
9.640000 -0.524217
9.650000 -0.527842
9.660000 -0.531286
9.670000 -0.534552
9.680000 -0.537645
9.690000 -0.540567
9.700000 -0.543323
9.710000 -0.545914
9.720000 -0.548345
9.730000 -0.550619
9.740000 -0.552739
9.750000 -0.554709
9.760000 -0.556531
9.770000 -0.558211
9.780000 -0.559749
9.790000 -0.561151
9.800000 -0.562419
9.810000 -0.563557
9.820000 -0.564567
9.830000 -0.565453
9.840000 -0.566219
9.850000 -0.566867
9.860000 -0.567400
9.870000 -0.567822
9.880000 -0.568136
9.890000 -0.568345
9.900000 -0.568452
9.910000 -0.568461
9.920000 -0.568373
9.930000 -0.568192
9.940000 -0.567921
9.950000 -0.567563
9.960000 -0.567121
9.970000 -0.566597
9.980000 -0.565994
9.990000 -0.565316
10.000000 -0.564565
10.010000 -0.563743
10.020000 -0.562853
10.030000 -0.561898
10.040000 -0.560880
10.050000 -0.559802
10.060000 -0.558667
10.070000 -0.557476
10.080000 -0.556233
10.090000 -0.554939
10.100000 -0.553597
10.110000 -0.552209
10.120000 -0.550778
10.130000 -0.549305
10.140000 -0.547793
10.150000 -0.546244
10.160000 -0.544660
10.170000 -0.543043
10.180000 -0.541395
10.190000 -0.539718
10.200000 -0.538014
10.210000 -0.536284
10.220000 -0.534531
10.230000 -0.532757
10.240000 -0.530962
10.250000 -0.529150
10.260000 -0.527321
10.270000 -0.525476
10.280000 -0.523619
10.290000 -0.521750
10.300000 -0.519870
10.310000 -0.517982
10.320000 -0.516086
10.330000 -0.514184
10.340000 -0.512278
10.350000 -0.510368
10.360000 -0.508456
10.370000 -0.506544
10.380000 -0.504631
10.390000 -0.502720
10.400000 -0.500812
10.410000 -0.498907
10.420000 -0.497008
10.430000 -0.495114
10.440000 -0.493227
10.450000 -0.491347
10.460000 -0.489477
10.470000 -0.487615
10.480000 -0.485765
10.490000 -0.483925
10.500000 -0.482098
10.510000 -0.480283
10.520000 -0.478481
10.530000 -0.476694
10.540000 -0.474922
10.550000 -0.473165
10.560000 -0.471424
10.570000 -0.469700
10.580000 -0.467993
10.590000 -0.466304
10.600000 -0.464633
10.610000 -0.462981
10.620000 -0.461348
10.630000 -0.459734
10.640000 -0.458141
10.650000 -0.456567
10.660000 -0.455014
10.670000 -0.453482
10.680000 -0.451971
10.690000 -0.450482
10.700000 -0.449014
10.710000 -0.447568
10.720000 -0.446144
10.730000 -0.444742
10.740000 -0.443362
10.750000 -0.442005
10.760000 -0.440670
10.770000 -0.439358
10.780000 -0.438068
10.790000 -0.436800
10.800000 -0.435555
10.810000 -0.434333
10.820000 -0.433133
10.830000 -0.431955
10.840000 -0.430800
10.850000 -0.429666
10.860000 -0.428555
10.870000 -0.427465
10.880000 -0.426397
10.890000 -0.425350
10.900000 -0.424324
10.910000 -0.423319
10.920000 -0.422334
10.930000 -0.421370
10.940000 -0.420426
10.950000 -0.419501
10.960000 -0.418595
10.970000 -0.417707
10.980000 -0.416838
10.990000 -0.415987
11.000000 -0.415154
11.010000 -0.414337
11.020000 -0.413536
11.030000 -0.412752
11.040000 -0.411982
11.050000 -0.411227
11.060000 -0.410487
11.070000 -0.409760
11.080000 -0.409045
11.090000 -0.408343
11.100000 -0.407652
11.110000 -0.406972
11.120000 -0.406302
11.130000 -0.405642
11.140000 -0.404989
11.150000 -0.404345
11.160000 -0.403708
11.170000 -0.403076
11.180000 -0.402450
11.190000 -0.401828
11.200000 -0.401210
11.210000 -0.400594
11.220000 -0.399979
11.230000 -0.399366
11.240000 -0.398752
11.250000 -0.398137
11.260000 -0.397519
11.270000 -0.396898
11.280000 -0.396272
11.290000 -0.395641
11.300000 -0.395004
11.310000 -0.394358
11.320000 -0.393704
11.330000 -0.393040
11.340000 -0.392365
11.350000 -0.391677
11.360000 -0.390976
11.370000 -0.390260
11.380000 -0.389529
11.390000 -0.388780
11.400000 -0.388013
11.410000 -0.387226
11.420000 -0.386418
11.430000 -0.385589
11.440000 -0.384735
11.450000 -0.383857
11.460000 -0.382953
11.470000 -0.382021
11.480000 -0.381061
11.490000 -0.380070
11.500000 -0.379048
11.510000 -0.377994
11.520000 -0.376905
11.530000 -0.375781
11.540000 -0.374619
11.550000 -0.373420
11.560000 -0.372181
11.570000 -0.370900
11.580000 -0.369578
11.590000 -0.368212
11.600000 -0.366800
11.610000 -0.365342
11.620000 -0.363837
11.630000 -0.362282
11.640000 -0.360676
11.650000 -0.359019
11.660000 -0.357308
11.670000 -0.355543
11.680000 -0.353722
11.690000 -0.351843
11.700000 -0.349906
11.710000 -0.347910
11.720000 -0.345852
11.730000 -0.343732
11.740000 -0.341548
11.750000 -0.339299
11.760000 -0.336985
11.770000 -0.334603
11.780000 -0.332153
11.790000 -0.329634
11.800000 -0.327044
11.810000 -0.324382
11.820000 -0.321647
11.830000 -0.318839
11.840000 -0.315956
11.850000 -0.312997
11.860000 -0.309961
11.870000 -0.306847
11.880000 -0.303656
11.890000 -0.300384
11.900000 -0.297033
11.910000 -0.293600
11.920000 -0.290086
11.930000 -0.286489
11.940000 -0.282809
11.950000 -0.279046
11.960000 -0.275198
11.970000 -0.271265
11.980000 -0.267248
11.990000 -0.263144
12.000000 -0.258954
12.010000 -0.254678
12.020000 -0.250315
12.030000 -0.245864
12.040000 -0.241327
12.050000 -0.236702
12.060000 -0.231989
12.070000 -0.227189
12.080000 -0.222301
12.090000 -0.217326
12.100000 -0.212263
12.110000 -0.207114
12.120000 -0.201877
12.130000 -0.196553
12.140000 -0.191143
12.150000 -0.185647
12.160000 -0.180065
12.170000 -0.174398
12.180000 -0.168647
12.190000 -0.162812
12.200000 -0.156894
12.210000 -0.150893
12.220000 -0.144811
12.230000 -0.138648
12.240000 -0.132405
12.250000 -0.126084
12.260000 -0.119685
12.270000 -0.113209
12.280000 -0.106658
12.290000 -0.100032
12.300000 -0.093334
12.310000 -0.086564
12.320000 -0.079725
12.330000 -0.072816
12.340000 -0.065841
12.350000 -0.058800
12.360000 -0.051696
12.370000 -0.044529
12.380000 -0.037303
12.390000 -0.030018
12.400000 -0.022676
12.410000 -0.015280
12.420000 -0.007831
12.430000 -0.000332
12.440000 0.007215
12.450000 0.014808
12.460000 0.022446
12.470000 0.030125
12.480000 0.037843
12.490000 0.045598
12.500000 0.053387
12.510000 0.061208
12.520000 0.069059
12.530000 0.076937
12.540000 0.084838
12.550000 0.092762
12.560000 0.100704
12.570000 0.108662
12.580000 0.116633
12.590000 0.124615
12.600000 0.132604
12.610000 0.140598
12.620000 0.148594
12.630000 0.156589
12.640000 0.164579
12.650000 0.172562
12.660000 0.180535
12.670000 0.188495
12.680000 0.196438
12.690000 0.204361
12.700000 0.212262
12.710000 0.220137
12.720000 0.227983
12.730000 0.235797
12.740000 0.243575
12.750000 0.251315
12.760000 0.259013
12.770000 0.266666
12.780000 0.274271
12.790000 0.281825
12.800000 0.289323
12.810000 0.296764
12.820000 0.304144
12.830000 0.311460
12.840000 0.318708
12.850000 0.325885
12.860000 0.332989
12.870000 0.340015
12.880000 0.346962
12.890000 0.353825
12.900000 0.360602
12.910000 0.367289
12.920000 0.373884
12.930000 0.380384
12.940000 0.386785
12.950000 0.393084
12.960000 0.399279
12.970000 0.405367
12.980000 0.411345
12.990000 0.417210
13.000000 0.422959
13.010000 0.428590
13.020000 0.434099
13.030000 0.439485
13.040000 0.444744
13.050000 0.449875
13.060000 0.454874
13.070000 0.459740
13.080000 0.464469
13.090000 0.469060
13.100000 0.473510
13.110000 0.477818
13.120000 0.481980
13.130000 0.485995
13.140000 0.489861
13.150000 0.493577
13.160000 0.497139
13.170000 0.500547
13.180000 0.503798
13.190000 0.506891
13.200000 0.509825
13.210000 0.512597
13.220000 0.515207
13.230000 0.517654
13.240000 0.519935
13.250000 0.522050
13.260000 0.523997
13.270000 0.525777
13.280000 0.527387
13.290000 0.528826
13.300000 0.530095
13.310000 0.531192
13.320000 0.532117
13.330000 0.532869
13.340000 0.533448
13.350000 0.533854
13.360000 0.534086
13.370000 0.534143
13.380000 0.534027
13.390000 0.533737
13.400000 0.533273
13.410000 0.532635
13.420000 0.531824
13.430000 0.530839
13.440000 0.529682
13.450000 0.528353
13.460000 0.526852
13.470000 0.525181
13.480000 0.523340
13.490000 0.521329
13.500000 0.519150
13.510000 0.516805
13.520000 0.514293
13.530000 0.511616
13.540000 0.508777
13.550000 0.505775
13.560000 0.502612
13.570000 0.499290
13.580000 0.495811
13.590000 0.492176
13.600000 0.488388
13.610000 0.484447
13.620000 0.480356
13.630000 0.476117
13.640000 0.471731
13.650000 0.467202
13.660000 0.462531
13.670000 0.457720
13.680000 0.452773
13.690000 0.447690
13.700000 0.442476
13.710000 0.437132
13.720000 0.431660
13.730000 0.426065
13.740000 0.420347
13.750000 0.414511
13.760000 0.408559
13.770000 0.402493
13.780000 0.396317
13.790000 0.390034
13.800000 0.383646
13.810000 0.377158
13.820000 0.370571
13.830000 0.363889
13.840000 0.357116
13.850000 0.350253
13.860000 0.343306
13.870000 0.336277
13.880000 0.329169
13.890000 0.321985
13.900000 0.314730
13.910000 0.307406
13.920000 0.300017
13.930000 0.292566
13.940000 0.285057
13.950000 0.277493
13.960000 0.269878
13.970000 0.262215
13.980000 0.254508
13.990000 0.246760
14.000000 0.238974
14.010000 0.231155
14.020000 0.223306
14.030000 0.215430
14.040000 0.207531
14.050000 0.199613
14.060000 0.191678
14.070000 0.183730
14.080000 0.175773
14.090000 0.167811
14.100000 0.159846
14.110000 0.151882
14.120000 0.143923
14.130000 0.135972
14.140000 0.128032
14.150000 0.120106
14.160000 0.112199
14.170000 0.104313
14.180000 0.096451
14.190000 0.088617
14.200000 0.080813
14.210000 0.073044
14.220000 0.065312
14.230000 0.057620
14.240000 0.049971
14.250000 0.042368
14.260000 0.034815
14.270000 0.027313
14.280000 0.019867
14.290000 0.012478
14.300000 0.005149
14.310000 -0.002117
14.320000 -0.009317
14.330000 -0.016448
14.340000 -0.023509
14.350000 -0.030496
14.360000 -0.037408
14.370000 -0.044242
14.380000 -0.050995
14.390000 -0.057666
14.400000 -0.064252
14.410000 -0.070751
14.420000 -0.077161
14.430000 -0.083481
14.440000 -0.089707
14.450000 -0.095839
14.460000 -0.101874
14.470000 -0.107811
14.480000 -0.113649
14.490000 -0.119384
14.500000 -0.125017
14.510000 -0.130546
14.520000 -0.135969
14.530000 -0.141284
14.540000 -0.146491
14.550000 -0.151589
14.560000 -0.156576
14.570000 -0.161452
14.580000 -0.166215
14.590000 -0.170864
14.600000 -0.175399
14.610000 -0.179819
14.620000 -0.184123
14.630000 -0.188311
14.640000 -0.192381
14.650000 -0.196335
14.660000 -0.200170
14.670000 -0.203887
14.680000 -0.207486
14.690000 -0.210966
14.700000 -0.214328
14.710000 -0.217570
14.720000 -0.220693
14.730000 -0.223698
14.740000 -0.226584
14.750000 -0.229351
14.760000 -0.232000
14.770000 -0.234531
14.780000 -0.236944
14.790000 -0.239240
14.800000 -0.241419
14.810000 -0.243482
14.820000 -0.245429
14.830000 -0.247262
14.840000 -0.248980
14.850000 -0.250584
14.860000 -0.252076
14.870000 -0.253457
14.880000 -0.254726
14.890000 -0.255885
14.900000 -0.256936
14.910000 -0.257878
14.920000 -0.258714
14.930000 -0.259445
14.940000 -0.260071
14.950000 -0.260594
14.960000 -0.261016
14.970000 -0.261336
14.980000 -0.261558
14.990000 -0.261682
15.000000 -0.261710
