1500.000000 -10.000000 -0.029068
1500.000000 -9.990000 -0.029084
1500.000000 -9.980000 -0.029099
1500.000000 -9.970000 -0.029115
1500.000000 -9.960000 -0.029130
1500.000000 -9.950000 -0.029145
1500.000000 -9.940000 -0.029160
1500.000000 -9.930000 -0.029174
1500.000000 -9.920000 -0.029189
1500.000000 -9.910000 -0.029203
1500.000000 -9.900000 -0.029217
1500.000000 -9.890000 -0.029232
1500.000000 -9.880000 -0.029246
1500.000000 -9.870000 -0.029261
1500.000000 -9.860000 -0.029276
1500.000000 -9.850000 -0.029291
1500.000000 -9.840000 -0.029306
1500.000000 -9.830000 -0.029322
1500.000000 -9.820000 -0.029338
1500.000000 -9.810000 -0.029355
1500.000000 -9.800000 -0.029372
1500.000000 -9.790000 -0.029390
1500.000000 -9.780000 -0.029409
1500.000000 -9.770000 -0.029428
1500.000000 -9.760000 -0.029448
1500.000000 -9.750000 -0.029469
1500.000000 -9.740000 -0.029491
1500.000000 -9.730000 -0.029513
1500.000000 -9.720000 -0.029537
1500.000000 -9.710000 -0.029562
1500.000000 -9.700000 -0.029588
1500.000000 -9.690000 -0.029615
1500.000000 -9.680000 -0.029643
1500.000000 -9.670000 -0.029672
1500.000000 -9.660000 -0.029703
1500.000000 -9.650000 -0.029735
1500.000000 -9.640000 -0.029769
1500.000000 -9.630000 -0.029804
1500.000000 -9.620000 -0.029840
1500.000000 -9.610000 -0.029878
1500.000000 -9.600000 -0.029918
1500.000000 -9.590000 -0.029959
1500.000000 -9.580000 -0.030002
1500.000000 -9.570000 -0.030047
1500.000000 -9.560000 -0.030093
1500.000000 -9.550000 -0.030141
1500.000000 -9.540000 -0.030191
1500.000000 -9.530000 -0.030243
1500.000000 -9.520000 -0.030296
1500.000000 -9.510000 -0.030352
1500.000000 -9.500000 -0.030409
1500.000000 -9.490000 -0.030468
1500.000000 -9.480000 -0.030529
1500.000000 -9.470000 -0.030592
1500.000000 -9.460000 -0.030657
1500.000000 -9.450000 -0.030724
1500.000000 -9.440000 -0.030792
1500.000000 -9.430000 -0.030863
1500.000000 -9.420000 -0.030936
1500.000000 -9.410000 -0.031010
1500.000000 -9.400000 -0.031086
1500.000000 -9.390000 -0.031165
1500.000000 -9.380000 -0.031245
1500.000000 -9.370000 -0.031327
1500.000000 -9.360000 -0.031410
1500.000000 -9.350000 -0.031496
1500.000000 -9.340000 -0.031583
1500.000000 -9.330000 -0.031672
1500.000000 -9.320000 -0.031763
1500.000000 -9.310000 -0.031855
1500.000000 -9.300000 -0.031949
1500.000000 -9.290000 -0.032045
1500.000000 -9.280000 -0.032142
1500.000000 -9.270000 -0.032240
1500.000000 -9.260000 -0.032341
1500.000000 -9.250000 -0.032442
1500.000000 -9.240000 -0.032545
1500.000000 -9.230000 -0.032649
1500.000000 -9.220000 -0.032754
1500.000000 -9.210000 -0.032860
1500.000000 -9.200000 -0.032967
1500.000000 -9.190000 -0.033076
1500.000000 -9.180000 -0.033185
1500.000000 -9.170000 -0.033295
1500.000000 -9.160000 -0.033406
1500.000000 -9.150000 -0.033518
1500.000000 -9.140000 -0.033630
1500.000000 -9.130000 -0.033743
1500.000000 -9.120000 -0.033857
1500.000000 -9.110000 -0.033970
1500.000000 -9.100000 -0.034084
1500.000000 -9.090000 -0.034199
1500.000000 -9.080000 -0.034313
1500.000000 -9.070000 -0.034428
1500.000000 -9.060000 -0.034543
1500.000000 -9.050000 -0.034657
1500.000000 -9.040000 -0.034771
1500.000000 -9.030000 -0.034886
1500.000000 -9.020000 -0.034999
1500.000000 -9.010000 -0.035113
1500.000000 -9.000000 -0.035225
1500.000000 -8.990000 -0.035338
1500.000000 -8.980000 -0.035449
1500.000000 -8.970000 -0.035560
1500.000000 -8.960000 -0.035670
1500.000000 -8.950000 -0.035779
1500.000000 -8.940000 -0.035887
1500.000000 -8.930000 -0.035994
1500.000000 -8.920000 -0.036100
1500.000000 -8.910000 -0.036205
1500.000000 -8.900000 -0.036308
1500.000000 -8.890000 -0.036410
1500.000000 -8.880000 -0.036510
1500.000000 -8.870000 -0.036609
1500.000000 -8.860000 -0.036707
1500.000000 -8.850000 -0.036802
1500.000000 -8.840000 -0.036896
1500.000000 -8.830000 -0.036988
1500.000000 -8.820000 -0.037079
1500.000000 -8.810000 -0.037167
1500.000000 -8.800000 -0.037253
1500.000000 -8.790000 -0.037337
1500.000000 -8.780000 -0.037420
1500.000000 -8.770000 -0.037500
1500.000000 -8.760000 -0.037577
1500.000000 -8.750000 -0.037653
1500.000000 -8.740000 -0.037726
1500.000000 -8.730000 -0.037797
1500.000000 -8.720000 -0.037865
1500.000000 -8.710000 -0.037931
1500.000000 -8.700000 -0.037995
1500.000000 -8.690000 -0.038055
1500.000000 -8.680000 -0.038114
1500.000000 -8.670000 -0.038169
1500.000000 -8.660000 -0.038222
1500.000000 -8.650000 -0.038272
1500.000000 -8.640000 -0.038320
1500.000000 -8.630000 -0.038365
1500.000000 -8.620000 -0.038406
1500.000000 -8.610000 -0.038445
1500.000000 -8.600000 -0.038481
1500.000000 -8.590000 -0.038515
1500.000000 -8.580000 -0.038545
1500.000000 -8.570000 -0.038572
1500.000000 -8.560000 -0.038596
1500.000000 -8.550000 -0.038617
1500.000000 -8.540000 -0.038635
1500.000000 -8.530000 -0.038650
1500.000000 -8.520000 -0.038661
1500.000000 -8.510000 -0.038670
1500.000000 -8.500000 -0.038675
1500.000000 -8.490000 -0.038677
1500.000000 -8.480000 -0.038675
1500.000000 -8.470000 -0.038670
1500.000000 -8.460000 -0.038662
1500.000000 -8.450000 -0.038650
1500.000000 -8.440000 -0.038634
1500.000000 -8.430000 -0.038615
1500.000000 -8.420000 -0.038592
1500.000000 -8.410000 -0.038566
1500.000000 -8.400000 -0.038536
1500.000000 -8.390000 -0.038502
1500.000000 -8.380000 -0.038464
1500.000000 -8.370000 -0.038421
1500.000000 -8.360000 -0.038375
1500.000000 -8.350000 -0.038325
1500.000000 -8.340000 -0.038270
1500.000000 -8.330000 -0.038211
1500.000000 -8.320000 -0.038148
1500.000000 -8.310000 -0.038079
1500.000000 -8.300000 -0.038006
1500.000000 -8.290000 -0.037929
1500.000000 -8.280000 -0.037846
1500.000000 -8.270000 -0.037758
1500.000000 -8.260000 -0.037665
1500.000000 -8.250000 -0.037566
1500.000000 -8.240000 -0.037462
1500.000000 -8.230000 -0.037352
1500.000000 -8.220000 -0.037236
1500.000000 -8.210000 -0.037115
1500.000000 -8.200000 -0.036986
1500.000000 -8.190000 -0.036852
1500.000000 -8.180000 -0.036710
1500.000000 -8.170000 -0.036562
1500.000000 -8.160000 -0.036406
1500.000000 -8.150000 -0.036243
1500.000000 -8.140000 -0.036072
1500.000000 -8.130000 -0.035894
1500.000000 -8.120000 -0.035707
1500.000000 -8.110000 -0.035511
1500.000000 -8.100000 -0.035307
1500.000000 -8.090000 -0.035094
1500.000000 -8.080000 -0.034872
1500.000000 -8.070000 -0.034639
1500.000000 -8.060000 -0.034397
1500.000000 -8.050000 -0.034145
1500.000000 -8.040000 -0.033881
1500.000000 -8.030000 -0.033607
1500.000000 -8.020000 -0.033321
1500.000000 -8.010000 -0.033023
1500.000000 -8.000000 -0.032713
1500.000000 -7.990000 -0.032391
1500.000000 -7.980000 -0.032055
1500.000000 -7.970000 -0.031706
1500.000000 -7.960000 -0.031342
1500.000000 -7.950000 -0.030965
1500.000000 -7.940000 -0.030573
1500.000000 -7.930000 -0.030165
1500.000000 -7.920000 -0.029742
1500.000000 -7.910000 -0.029302
1500.000000 -7.900000 -0.028845
1500.000000 -7.890000 -0.028372
1500.000000 -7.880000 -0.027880
1500.000000 -7.870000 -0.027370
1500.000000 -7.860000 -0.026842
1500.000000 -7.850000 -0.026293
1500.000000 -7.840000 -0.025725
1500.000000 -7.830000 -0.025137
1500.000000 -7.820000 -0.024527
1500.000000 -7.810000 -0.023896
1500.000000 -7.800000 -0.023242
1500.000000 -7.790000 -0.022566
1500.000000 -7.780000 -0.021866
1500.000000 -7.770000 -0.021142
1500.000000 -7.760000 -0.020394
1500.000000 -7.750000 -0.019620
1500.000000 -7.740000 -0.018820
1500.000000 -7.730000 -0.017994
1500.000000 -7.720000 -0.017141
1500.000000 -7.710000 -0.016260
1500.000000 -7.700000 -0.015351
1500.000000 -7.690000 -0.014413
1500.000000 -7.680000 -0.013445
1500.000000 -7.670000 -0.012447
1500.000000 -7.660000 -0.011418
1500.000000 -7.650000 -0.010357
1500.000000 -7.640000 -0.009264
1500.000000 -7.630000 -0.008138
1500.000000 -7.620000 -0.006979
1500.000000 -7.610000 -0.005786
1500.000000 -7.600000 -0.004558
1500.000000 -7.590000 -0.003294
1500.000000 -7.580000 -0.001995
1500.000000 -7.570000 -0.000659
1500.000000 -7.560000 0.000715
1500.000000 -7.550000 0.002126
1500.000000 -7.540000 0.003575
1500.000000 -7.530000 0.005064
1500.000000 -7.520000 0.006592
1500.000000 -7.510000 0.008161
1500.000000 -7.500000 0.009770
1500.000000 -7.490000 0.011421
1500.000000 -7.480000 0.013114
1500.000000 -7.470000 0.014849
1500.000000 -7.460000 0.016627
1500.000000 -7.450000 0.018448
1500.000000 -7.440000 0.020314
1500.000000 -7.430000 0.022224
1500.000000 -7.420000 0.024179
1500.000000 -7.410000 0.026179
1500.000000 -7.400000 0.028226
1500.000000 -7.390000 0.030318
1500.000000 -7.380000 0.032457
1500.000000 -7.370000 0.034644
1500.000000 -7.360000 0.036877
1500.000000 -7.350000 0.039159
1500.000000 -7.340000 0.041489
1500.000000 -7.330000 0.043867
1500.000000 -7.320000 0.046293
1500.000000 -7.310000 0.048769
1500.000000 -7.300000 0.051294
1500.000000 -7.290000 0.053868
1500.000000 -7.280000 0.056492
1500.000000 -7.270000 0.059165
1500.000000 -7.260000 0.061889
1500.000000 -7.250000 0.064662
1500.000000 -7.240000 0.067486
1500.000000 -7.230000 0.070359
1500.000000 -7.220000 0.073283
1500.000000 -7.210000 0.076257
1500.000000 -7.200000 0.079281
1500.000000 -7.190000 0.082354
1500.000000 -7.180000 0.085478
1500.000000 -7.170000 0.088652
1500.000000 -7.160000 0.091875
1500.000000 -7.150000 0.095147
1500.000000 -7.140000 0.098469
1500.000000 -7.130000 0.101839
1500.000000 -7.120000 0.105259
1500.000000 -7.110000 0.108726
1500.000000 -7.100000 0.112241
1500.000000 -7.090000 0.115803
1500.000000 -7.080000 0.119413
1500.000000 -7.070000 0.123069
1500.000000 -7.060000 0.126771
1500.000000 -7.050000 0.130518
1500.000000 -7.040000 0.134311
1500.000000 -7.030000 0.138147
1500.000000 -7.020000 0.142027
1500.000000 -7.010000 0.145949
1500.000000 -7.000000 0.149914
1500.000000 -6.990000 0.153919
1500.000000 -6.980000 0.157965
1500.000000 -6.970000 0.162051
1500.000000 -6.960000 0.166175
1500.000000 -6.950000 0.170336
1500.000000 -6.940000 0.174534
1500.000000 -6.930000 0.178768
1500.000000 -6.920000 0.183036
1500.000000 -6.910000 0.187337
1500.000000 -6.900000 0.191671
1500.000000 -6.890000 0.196035
1500.000000 -6.880000 0.200430
1500.000000 -6.870000 0.204852
1500.000000 -6.860000 0.209302
1500.000000 -6.850000 0.213777
1500.000000 -6.840000 0.218277
1500.000000 -6.830000 0.222800
1500.000000 -6.820000 0.227344
1500.000000 -6.810000 0.231908
1500.000000 -6.800000 0.236490
1500.000000 -6.790000 0.241089
1500.000000 -6.780000 0.245703
1500.000000 -6.770000 0.250331
1500.000000 -6.760000 0.254970
1500.000000 -6.750000 0.259619
1500.000000 -6.740000 0.264277
1500.000000 -6.730000 0.268940
1500.000000 -6.720000 0.273609
1500.000000 -6.710000 0.278279
1500.000000 -6.700000 0.282951
1500.000000 -6.690000 0.287622
1500.000000 -6.680000 0.292289
1500.000000 -6.670000 0.296951
1500.000000 -6.660000 0.301606
1500.000000 -6.650000 0.306251
1500.000000 -6.640000 0.310885
1500.000000 -6.630000 0.315506
1500.000000 -6.620000 0.320111
1500.000000 -6.610000 0.324698
1500.000000 -6.600000 0.329266
1500.000000 -6.590000 0.333811
1500.000000 -6.580000 0.338332
1500.000000 -6.570000 0.342826
1500.000000 -6.560000 0.347291
1500.000000 -6.550000 0.351725
1500.000000 -6.540000 0.356125
1500.000000 -6.530000 0.360489
1500.000000 -6.520000 0.364816
1500.000000 -6.510000 0.369102
1500.000000 -6.500000 0.373345
1500.000000 -6.490000 0.377542
1500.000000 -6.480000 0.381692
1500.000000 -6.470000 0.385793
1500.000000 -6.460000 0.389840
1500.000000 -6.450000 0.393834
1500.000000 -6.440000 0.397770
1500.000000 -6.430000 0.401646
1500.000000 -6.420000 0.405461
1500.000000 -6.410000 0.409211
1500.000000 -6.400000 0.412895
1500.000000 -6.390000 0.416510
1500.000000 -6.380000 0.420053
1500.000000 -6.370000 0.423523
1500.000000 -6.360000 0.426917
1500.000000 -6.350000 0.430232
1500.000000 -6.340000 0.433467
1500.000000 -6.330000 0.436619
1500.000000 -6.320000 0.439686
1500.000000 -6.310000 0.442665
1500.000000 -6.300000 0.445554
1500.000000 -6.290000 0.448352
1500.000000 -6.280000 0.451055
1500.000000 -6.270000 0.453662
1500.000000 -6.260000 0.456171
1500.000000 -6.250000 0.458579
1500.000000 -6.240000 0.460885
1500.000000 -6.230000 0.463086
1500.000000 -6.220000 0.465180
1500.000000 -6.210000 0.467166
1500.000000 -6.200000 0.469042
1500.000000 -6.190000 0.470805
1500.000000 -6.180000 0.472454
1500.000000 -6.170000 0.473987
1500.000000 -6.160000 0.475402
1500.000000 -6.150000 0.476698
1500.000000 -6.140000 0.477872
1500.000000 -6.130000 0.478924
1500.000000 -6.120000 0.479852
1500.000000 -6.110000 0.480654
1500.000000 -6.100000 0.481328
1500.000000 -6.090000 0.481874
1500.000000 -6.080000 0.482290
1500.000000 -6.070000 0.482575
1500.000000 -6.060000 0.482727
1500.000000 -6.050000 0.482746
1500.000000 -6.040000 0.482630
1500.000000 -6.030000 0.482378
1500.000000 -6.020000 0.481990
1500.000000 -6.010000 0.481463
1500.000000 -6.000000 0.480799
1500.000000 -5.990000 0.479995
1500.000000 -5.980000 0.479051
1500.000000 -5.970000 0.477966
1500.000000 -5.960000 0.476740
1500.000000 -5.950000 0.475373
1500.000000 -5.940000 0.473863
1500.000000 -5.930000 0.472211
1500.000000 -5.920000 0.470417
1500.000000 -5.910000 0.468479
1500.000000 -5.900000 0.466398
1500.000000 -5.890000 0.464174
1500.000000 -5.880000 0.461807
1500.000000 -5.870000 0.459297
1500.000000 -5.860000 0.456644
1500.000000 -5.850000 0.453849
1500.000000 -5.840000 0.450911
1500.000000 -5.830000 0.447831
1500.000000 -5.820000 0.444610
1500.000000 -5.810000 0.441248
1500.000000 -5.800000 0.437745
1500.000000 -5.790000 0.434103
1500.000000 -5.780000 0.430323
1500.000000 -5.770000 0.426404
1500.000000 -5.760000 0.422348
1500.000000 -5.750000 0.418156
1500.000000 -5.740000 0.413829
1500.000000 -5.730000 0.409368
1500.000000 -5.720000 0.404775
1500.000000 -5.710000 0.400050
1500.000000 -5.700000 0.395195
1500.000000 -5.690000 0.390212
1500.000000 -5.680000 0.385102
1500.000000 -5.670000 0.379866
1500.000000 -5.660000 0.374506
1500.000000 -5.650000 0.369024
1500.000000 -5.640000 0.363422
1500.000000 -5.630000 0.357701
1500.000000 -5.620000 0.351864
1500.000000 -5.610000 0.345911
1500.000000 -5.600000 0.339847
1500.000000 -5.590000 0.333671
1500.000000 -5.580000 0.327387
1500.000000 -5.570000 0.320997
1500.000000 -5.560000 0.314503
1500.000000 -5.550000 0.307907
1500.000000 -5.540000 0.301212
1500.000000 -5.530000 0.294420
1500.000000 -5.520000 0.287533
1500.000000 -5.510000 0.280555
1500.000000 -5.500000 0.273487
1500.000000 -5.490000 0.266332
1500.000000 -5.480000 0.259093
1500.000000 -5.470000 0.251773
1500.000000 -5.460000 0.244374
1500.000000 -5.450000 0.236898
1500.000000 -5.440000 0.229350
1500.000000 -5.430000 0.221731
1500.000000 -5.420000 0.214045
1500.000000 -5.410000 0.206294
1500.000000 -5.400000 0.198482
1500.000000 -5.390000 0.190610
1500.000000 -5.380000 0.182683
1500.000000 -5.370000 0.174703
1500.000000 -5.360000 0.166673
1500.000000 -5.350000 0.158596
1500.000000 -5.340000 0.150475
1500.000000 -5.330000 0.142314
1500.000000 -5.320000 0.134115
1500.000000 -5.310000 0.125881
1500.000000 -5.300000 0.117616
1500.000000 -5.290000 0.109322
1500.000000 -5.280000 0.101003
1500.000000 -5.270000 0.092662
1500.000000 -5.260000 0.084301
1500.000000 -5.250000 0.075924
1500.000000 -5.240000 0.067535
1500.000000 -5.230000 0.059135
1500.000000 -5.220000 0.050728
1500.000000 -5.210000 0.042317
1500.000000 -5.200000 0.033905
1500.000000 -5.190000 0.025495
1500.000000 -5.180000 0.017091
1500.000000 -5.170000 0.008694
1500.000000 -5.160000 0.000309
1500.000000 -5.150000 -0.008062
1500.000000 -5.140000 -0.016417
1500.000000 -5.130000 -0.024752
1500.000000 -5.120000 -0.033064
1500.000000 -5.110000 -0.041351
1500.000000 -5.100000 -0.049609
1500.000000 -5.090000 -0.057836
1500.000000 -5.080000 -0.066030
1500.000000 -5.070000 -0.074187
1500.000000 -5.060000 -0.082305
1500.000000 -5.050000 -0.090381
1500.000000 -5.040000 -0.098413
1500.000000 -5.030000 -0.106398
1500.000000 -5.020000 -0.114334
1500.000000 -5.010000 -0.122218
1500.000000 -5.000000 -0.130047
1500.000000 -4.990000 -0.137820
1500.000000 -4.980000 -0.145534
1500.000000 -4.970000 -0.153187
1500.000000 -4.960000 -0.160776
1500.000000 -4.950000 -0.168300
1500.000000 -4.940000 -0.175755
1500.000000 -4.930000 -0.183141
1500.000000 -4.920000 -0.190455
1500.000000 -4.910000 -0.197695
1500.000000 -4.900000 -0.204859
1500.000000 -4.890000 -0.211945
1500.000000 -4.880000 -0.218952
1500.000000 -4.870000 -0.225878
1500.000000 -4.860000 -0.232720
1500.000000 -4.850000 -0.239478
1500.000000 -4.840000 -0.246150
1500.000000 -4.830000 -0.252733
1500.000000 -4.820000 -0.259228
1500.000000 -4.810000 -0.265631
1500.000000 -4.800000 -0.271942
1500.000000 -4.790000 -0.278160
1500.000000 -4.780000 -0.284283
1500.000000 -4.770000 -0.290309
1500.000000 -4.760000 -0.296239
1500.000000 -4.750000 -0.302070
1500.000000 -4.740000 -0.307802
1500.000000 -4.730000 -0.313433
1500.000000 -4.720000 -0.318963
1500.000000 -4.710000 -0.324390
1500.000000 -4.700000 -0.329715
1500.000000 -4.690000 -0.334935
1500.000000 -4.680000 -0.340051
1500.000000 -4.670000 -0.345062
1500.000000 -4.660000 -0.349966
1500.000000 -4.650000 -0.354764
1500.000000 -4.640000 -0.359454
1500.000000 -4.630000 -0.364037
1500.000000 -4.620000 -0.368512
1500.000000 -4.610000 -0.372878
1500.000000 -4.600000 -0.377136
1500.000000 -4.590000 -0.381284
1500.000000 -4.580000 -0.385323
1500.000000 -4.570000 -0.389252
1500.000000 -4.560000 -0.393071
1500.000000 -4.550000 -0.396780
1500.000000 -4.540000 -0.400380
1500.000000 -4.530000 -0.403869
1500.000000 -4.520000 -0.407248
1500.000000 -4.510000 -0.410517
1500.000000 -4.500000 -0.413677
1500.000000 -4.490000 -0.416726
1500.000000 -4.480000 -0.419666
1500.000000 -4.470000 -0.422496
1500.000000 -4.460000 -0.425218
1500.000000 -4.450000 -0.427830
1500.000000 -4.440000 -0.430333
1500.000000 -4.430000 -0.432728
1500.000000 -4.420000 -0.435016
1500.000000 -4.410000 -0.437195
1500.000000 -4.400000 -0.439268
1500.000000 -4.390000 -0.441234
1500.000000 -4.380000 -0.443094
1500.000000 -4.370000 -0.444848
1500.000000 -4.360000 -0.446497
1500.000000 -4.350000 -0.448041
1500.000000 -4.340000 -0.449482
1500.000000 -4.330000 -0.450819
1500.000000 -4.320000 -0.452054
1500.000000 -4.310000 -0.453187
1500.000000 -4.300000 -0.454219
1500.000000 -4.290000 -0.455150
1500.000000 -4.280000 -0.455981
1500.000000 -4.270000 -0.456714
1500.000000 -4.260000 -0.457348
1500.000000 -4.250000 -0.457885
1500.000000 -4.240000 -0.458326
1500.000000 -4.230000 -0.458671
1500.000000 -4.220000 -0.458921
1500.000000 -4.210000 -0.459077
1500.000000 -4.200000 -0.459141
1500.000000 -4.190000 -0.459112
1500.000000 -4.180000 -0.458993
1500.000000 -4.170000 -0.458783
1500.000000 -4.160000 -0.458484
1500.000000 -4.150000 -0.458097
1500.000000 -4.140000 -0.457624
1500.000000 -4.130000 -0.457064
1500.000000 -4.120000 -0.456419
1500.000000 -4.110000 -0.455690
1500.000000 -4.100000 -0.454879
1500.000000 -4.090000 -0.453986
1500.000000 -4.080000 -0.453012
1500.000000 -4.070000 -0.451958
1500.000000 -4.060000 -0.450827
1500.000000 -4.050000 -0.449618
1500.000000 -4.040000 -0.448333
1500.000000 -4.030000 -0.446974
1500.000000 -4.020000 -0.445541
1500.000000 -4.010000 -0.444035
1500.000000 -4.000000 -0.442458
1500.000000 -3.990000 -0.440812
1500.000000 -3.980000 -0.439096
1500.000000 -3.970000 -0.437314
1500.000000 -3.960000 -0.435465
1500.000000 -3.950000 -0.433551
1500.000000 -3.940000 -0.431573
1500.000000 -3.930000 -0.429534
1500.000000 -3.920000 -0.427433
1500.000000 -3.910000 -0.425273
1500.000000 -3.900000 -0.423055
1500.000000 -3.890000 -0.420780
1500.000000 -3.880000 -0.418449
1500.000000 -3.870000 -0.416064
1500.000000 -3.860000 -0.413627
1500.000000 -3.850000 -0.411138
1500.000000 -3.840000 -0.408599
1500.000000 -3.830000 -0.406012
1500.000000 -3.820000 -0.403378
1500.000000 -3.810000 -0.400698
1500.000000 -3.800000 -0.397975
1500.000000 -3.790000 -0.395209
1500.000000 -3.780000 -0.392401
1500.000000 -3.770000 -0.389554
1500.000000 -3.760000 -0.386669
1500.000000 -3.750000 -0.383748
1500.000000 -3.740000 -0.380791
1500.000000 -3.730000 -0.377801
1500.000000 -3.720000 -0.374779
1500.000000 -3.710000 -0.371727
1500.000000 -3.700000 -0.368646
1500.000000 -3.690000 -0.365537
1500.000000 -3.680000 -0.362404
1500.000000 -3.670000 -0.359245
1500.000000 -3.660000 -0.356065
1500.000000 -3.650000 -0.352864
1500.000000 -3.640000 -0.349643
1500.000000 -3.630000 -0.346405
1500.000000 -3.620000 -0.343151
1500.000000 -3.610000 -0.339882
1500.000000 -3.600000 -0.336601
1500.000000 -3.590000 -0.333308
1500.000000 -3.580000 -0.330007
1500.000000 -3.570000 -0.326697
1500.000000 -3.560000 -0.323381
1500.000000 -3.550000 -0.320060
1500.000000 -3.540000 -0.316737
1500.000000 -3.530000 -0.313412
1500.000000 -3.520000 -0.310088
1500.000000 -3.510000 -0.306765
1500.000000 -3.500000 -0.303446
1500.000000 -3.490000 -0.300133
1500.000000 -3.480000 -0.296826
1500.000000 -3.470000 -0.293528
1500.000000 -3.460000 -0.290239
1500.000000 -3.450000 -0.286963
1500.000000 -3.440000 -0.283699
1500.000000 -3.430000 -0.280451
1500.000000 -3.420000 -0.277219
1500.000000 -3.410000 -0.274004
1500.000000 -3.400000 -0.270809
1500.000000 -3.390000 -0.267636
1500.000000 -3.380000 -0.264484
1500.000000 -3.370000 -0.261357
1500.000000 -3.360000 -0.258255
1500.000000 -3.350000 -0.255181
1500.000000 -3.340000 -0.252134
1500.000000 -3.330000 -0.249117
1500.000000 -3.320000 -0.246132
1500.000000 -3.310000 -0.243179
1500.000000 -3.300000 -0.240260
1500.000000 -3.290000 -0.237377
1500.000000 -3.280000 -0.234530
1500.000000 -3.270000 -0.231721
1500.000000 -3.260000 -0.228950
1500.000000 -3.250000 -0.226221
1500.000000 -3.240000 -0.223533
1500.000000 -3.230000 -0.220887
1500.000000 -3.220000 -0.218285
1500.000000 -3.210000 -0.215728
1500.000000 -3.200000 -0.213218
1500.000000 -3.190000 -0.210754
1500.000000 -3.180000 -0.208338
1500.000000 -3.170000 -0.205971
1500.000000 -3.160000 -0.203654
1500.000000 -3.150000 -0.201388
1500.000000 -3.140000 -0.199174
1500.000000 -3.130000 -0.197012
1500.000000 -3.120000 -0.194903
1500.000000 -3.110000 -0.192848
1500.000000 -3.100000 -0.190848
1500.000000 -3.090000 -0.188903
1500.000000 -3.080000 -0.187015
1500.000000 -3.070000 -0.185182
1500.000000 -3.060000 -0.183407
1500.000000 -3.050000 -0.181689
1500.000000 -3.040000 -0.180029
1500.000000 -3.030000 -0.178428
1500.000000 -3.020000 -0.176886
1500.000000 -3.010000 -0.175402
1500.000000 -3.000000 -0.173978
1500.000000 -2.990000 -0.172613
1500.000000 -2.980000 -0.171309
1500.000000 -2.970000 -0.170064
1500.000000 -2.960000 -0.168879
1500.000000 -2.950000 -0.167755
1500.000000 -2.940000 -0.166691
1500.000000 -2.930000 -0.165686
1500.000000 -2.920000 -0.164742
1500.000000 -2.910000 -0.163858
1500.000000 -2.900000 -0.163034
1500.000000 -2.890000 -0.162270
1500.000000 -2.880000 -0.161565
1500.000000 -2.870000 -0.160920
1500.000000 -2.860000 -0.160334
1500.000000 -2.850000 -0.159806
1500.000000 -2.840000 -0.159337
1500.000000 -2.830000 -0.158926
1500.000000 -2.820000 -0.158572
1500.000000 -2.810000 -0.158276
1500.000000 -2.800000 -0.158037
1500.000000 -2.790000 -0.157853
1500.000000 -2.780000 -0.157726
1500.000000 -2.770000 -0.157654
1500.000000 -2.760000 -0.157636
1500.000000 -2.750000 -0.157673
1500.000000 -2.740000 -0.157763
1500.000000 -2.730000 -0.157906
1500.000000 -2.720000 -0.158102
1500.000000 -2.710000 -0.158349
1500.000000 -2.700000 -0.158647
1500.000000 -2.690000 -0.158996
1500.000000 -2.680000 -0.159394
1500.000000 -2.670000 -0.159841
1500.000000 -2.660000 -0.160336
1500.000000 -2.650000 -0.160880
1500.000000 -2.640000 -0.161470
1500.000000 -2.630000 -0.162106
1500.000000 -2.620000 -0.162788
1500.000000 -2.610000 -0.163516
1500.000000 -2.600000 -0.164287
1500.000000 -2.590000 -0.165102
1500.000000 -2.580000 -0.165961
1500.000000 -2.570000 -0.166862
1500.000000 -2.560000 -0.167804
1500.000000 -2.550000 -0.168788
1500.000000 -2.540000 -0.169813
1500.000000 -2.530000 -0.170878
1500.000000 -2.520000 -0.171983
1500.000000 -2.510000 -0.173127
1500.000000 -2.500000 -0.174310
1500.000000 -2.490000 -0.175532
1500.000000 -2.480000 -0.176792
1500.000000 -2.470000 -0.178089
1500.000000 -2.460000 -0.179425
1500.000000 -2.450000 -0.180797
1500.000000 -2.440000 -0.182207
1500.000000 -2.430000 -0.183654
1500.000000 -2.420000 -0.185137
1500.000000 -2.410000 -0.186658
1500.000000 -2.400000 -0.188215
1500.000000 -2.390000 -0.189810
1500.000000 -2.380000 -0.191441
1500.000000 -2.370000 -0.193110
1500.000000 -2.360000 -0.194817
1500.000000 -2.350000 -0.196561
1500.000000 -2.340000 -0.198344
1500.000000 -2.330000 -0.200166
1500.000000 -2.320000 -0.202026
1500.000000 -2.310000 -0.203927
1500.000000 -2.300000 -0.205868
1500.000000 -2.290000 -0.207851
1500.000000 -2.280000 -0.209875
1500.000000 -2.270000 -0.211943
1500.000000 -2.260000 -0.214054
1500.000000 -2.250000 -0.216210
1500.000000 -2.240000 -0.218413
1500.000000 -2.230000 -0.220662
1500.000000 -2.220000 -0.222960
1500.000000 -2.210000 -0.225308
1500.000000 -2.200000 -0.227707
1500.000000 -2.190000 -0.230159
1500.000000 -2.180000 -0.232665
1500.000000 -2.170000 -0.235227
1500.000000 -2.160000 -0.237846
1500.000000 -2.150000 -0.240525
1500.000000 -2.140000 -0.243266
1500.000000 -2.130000 -0.246070
1500.000000 -2.120000 -0.248939
1500.000000 -2.110000 -0.251876
1500.000000 -2.100000 -0.254882
1500.000000 -2.090000 -0.257960
1500.000000 -2.080000 -0.261113
1500.000000 -2.070000 -0.264343
1500.000000 -2.060000 -0.267651
1500.000000 -2.050000 -0.271041
1500.000000 -2.040000 -0.274516
1500.000000 -2.030000 -0.278078
1500.000000 -2.020000 -0.281729
1500.000000 -2.010000 -0.285473
1500.000000 -2.000000 -0.289312
1500.000000 -1.990000 -0.293250
1500.000000 -1.980000 -0.297289
1500.000000 -1.970000 -0.301432
1500.000000 -1.960000 -0.305683
1500.000000 -1.950000 -0.310044
1500.000000 -1.940000 -0.314519
1500.000000 -1.930000 -0.319111
1500.000000 -1.920000 -0.323823
1500.000000 -1.910000 -0.328658
1500.000000 -1.900000 -0.333620
1500.000000 -1.890000 -0.338712
1500.000000 -1.880000 -0.343937
1500.000000 -1.870000 -0.349299
1500.000000 -1.860000 -0.354801
1500.000000 -1.850000 -0.360447
1500.000000 -1.840000 -0.366239
1500.000000 -1.830000 -0.372182
1500.000000 -1.820000 -0.378278
1500.000000 -1.810000 -0.384532
1500.000000 -1.800000 -0.390946
1500.000000 -1.790000 -0.397523
1500.000000 -1.780000 -0.404268
1500.000000 -1.770000 -0.411183
1500.000000 -1.760000 -0.418272
1500.000000 -1.750000 -0.425538
1500.000000 -1.740000 -0.432985
1500.000000 -1.730000 -0.440615
1500.000000 -1.720000 -0.448431
1500.000000 -1.710000 -0.456437
1500.000000 -1.700000 -0.464636
1500.000000 -1.690000 -0.473031
1500.000000 -1.680000 -0.481624
1500.000000 -1.670000 -0.490419
1500.000000 -1.660000 -0.499417
1500.000000 -1.650000 -0.508623
1500.000000 -1.640000 -0.518038
1500.000000 -1.630000 -0.527665
1500.000000 -1.620000 -0.537506
1500.000000 -1.610000 -0.547564
1500.000000 -1.600000 -0.557840
1500.000000 -1.590000 -0.568338
1500.000000 -1.580000 -0.579058
1500.000000 -1.570000 -0.590003
1500.000000 -1.560000 -0.601175
1500.000000 -1.550000 -0.612574
1500.000000 -1.540000 -0.624203
1500.000000 -1.530000 -0.636062
1500.000000 -1.520000 -0.648153
1500.000000 -1.510000 -0.660478
1500.000000 -1.500000 -0.673036
1500.000000 -1.490000 -0.685828
1500.000000 -1.480000 -0.698856
1500.000000 -1.470000 -0.712119
1500.000000 -1.460000 -0.725617
1500.000000 -1.450000 -0.739351
1500.000000 -1.440000 -0.753321
1500.000000 -1.430000 -0.767525
1500.000000 -1.420000 -0.781965
1500.000000 -1.410000 -0.796638
1500.000000 -1.400000 -0.811545
1500.000000 -1.390000 -0.826683
1500.000000 -1.380000 -0.842052
1500.000000 -1.370000 -0.857651
1500.000000 -1.360000 -0.873477
1500.000000 -1.350000 -0.889528
1500.000000 -1.340000 -0.905804
1500.000000 -1.330000 -0.922300
1500.000000 -1.320000 -0.939016
1500.000000 -1.310000 -0.955947
1500.000000 -1.300000 -0.973092
1500.000000 -1.290000 -0.990446
1500.000000 -1.280000 -1.008007
1500.000000 -1.270000 -1.025771
1500.000000 -1.260000 -1.043734
1500.000000 -1.250000 -1.061893
1500.000000 -1.240000 -1.080242
1500.000000 -1.230000 -1.098777
1500.000000 -1.220000 -1.117495
1500.000000 -1.210000 -1.136389
1500.000000 -1.200000 -1.155455
1500.000000 -1.190000 -1.174687
1500.000000 -1.180000 -1.194080
1500.000000 -1.170000 -1.213627
1500.000000 -1.160000 -1.233324
1500.000000 -1.150000 -1.253163
1500.000000 -1.140000 -1.273139
1500.000000 -1.130000 -1.293244
1500.000000 -1.120000 -1.313472
1500.000000 -1.110000 -1.333815
1500.000000 -1.100000 -1.354267
1500.000000 -1.090000 -1.374819
1500.000000 -1.080000 -1.395465
1500.000000 -1.070000 -1.416196
1500.000000 -1.060000 -1.437004
1500.000000 -1.050000 -1.457881
1500.000000 -1.040000 -1.478818
1500.000000 -1.030000 -1.499807
1500.000000 -1.020000 -1.520839
1500.000000 -1.010000 -1.541905
1500.000000 -1.000000 -1.562995
1500.000000 -0.990000 -1.584101
1500.000000 -0.980000 -1.605212
1500.000000 -0.970000 -1.626320
1500.000000 -0.960000 -1.647414
1500.000000 -0.950000 -1.668484
1500.000000 -0.940000 -1.689521
1500.000000 -0.930000 -1.710513
1500.000000 -0.920000 -1.731451
1500.000000 -0.910000 -1.752324
1500.000000 -0.900000 -1.773121
1500.000000 -0.890000 -1.793832
1500.000000 -0.880000 -1.814446
1500.000000 -0.870000 -1.834952
1500.000000 -0.860000 -1.855339
1500.000000 -0.850000 -1.875595
1500.000000 -0.840000 -1.895710
1500.000000 -0.830000 -1.915671
1500.000000 -0.820000 -1.935469
1500.000000 -0.810000 -1.955091
1500.000000 -0.800000 -1.974526
1500.000000 -0.790000 -1.993763
1500.000000 -0.780000 -2.012789
1500.000000 -0.770000 -2.031594
1500.000000 -0.760000 -2.050166
1500.000000 -0.750000 -2.068492
1500.000000 -0.740000 -2.086563
1500.000000 -0.730000 -2.104365
1500.000000 -0.720000 -2.121887
1500.000000 -0.710000 -2.139119
1500.000000 -0.700000 -2.156047
1500.000000 -0.690000 -2.172662
1500.000000 -0.680000 -2.188950
1500.000000 -0.670000 -2.204902
1500.000000 -0.660000 -2.220505
1500.000000 -0.650000 -2.235748
1500.000000 -0.640000 -2.250620
1500.000000 -0.630000 -2.265110
1500.000000 -0.620000 -2.279207
1500.000000 -0.610000 -2.292899
1500.000000 -0.600000 -2.306177
1500.000000 -0.590000 -2.319029
1500.000000 -0.580000 -2.331445
1500.000000 -0.570000 -2.343414
1500.000000 -0.560000 -2.354926
1500.000000 -0.550000 -2.365971
1500.000000 -0.540000 -2.376539
1500.000000 -0.530000 -2.386619
1500.000000 -0.520000 -2.396203
1500.000000 -0.510000 -2.405281
1500.000000 -0.500000 -2.413843
1500.000000 -0.490000 -2.421880
1500.000000 -0.480000 -2.429384
1500.000000 -0.470000 -2.436345
1500.000000 -0.460000 -2.442756
1500.000000 -0.450000 -2.448607
1500.000000 -0.440000 -2.453892
1500.000000 -0.430000 -2.458601
1500.000000 -0.420000 -2.462728
1500.000000 -0.410000 -2.466264
1500.000000 -0.400000 -2.469204
1500.000000 -0.390000 -2.471540
1500.000000 -0.380000 -2.473266
1500.000000 -0.370000 -2.474374
1500.000000 -0.360000 -2.474861
1500.000000 -0.350000 -2.474718
1500.000000 -0.340000 -2.473942
1500.000000 -0.330000 -2.472527
1500.000000 -0.320000 -2.470468
1500.000000 -0.310000 -2.467760
1500.000000 -0.300000 -2.464400
1500.000000 -0.290000 -2.460382
1500.000000 -0.280000 -2.455705
1500.000000 -0.270000 -2.450363
1500.000000 -0.260000 -2.444355
1500.000000 -0.250000 -2.437678
1500.000000 -0.240000 -2.430329
1500.000000 -0.230000 -2.422306
1500.000000 -0.220000 -2.413607
1500.000000 -0.210000 -2.404231
1500.000000 -0.200000 -2.394178
1500.000000 -0.190000 -2.383445
1500.000000 -0.180000 -2.372034
1500.000000 -0.170000 -2.359943
1500.000000 -0.160000 -2.347173
1500.000000 -0.150000 -2.333726
1500.000000 -0.140000 -2.319600
1500.000000 -0.130000 -2.304799
1500.000000 -0.120000 -2.289324
1500.000000 -0.110000 -2.273177
1500.000000 -0.100000 -2.256359
1500.000000 -0.090000 -2.238874
1500.000000 -0.080000 -2.220725
1500.000000 -0.070000 -2.201915
1500.000000 -0.060000 -2.182448
1500.000000 -0.050000 -2.162328
1500.000000 -0.040000 -2.141558
1500.000000 -0.030000 -2.120145
1500.000000 -0.020000 -2.098092
1500.000000 -0.010000 -2.075406
1500.000000 -0.000000 -2.052092
1500.000000 0.010000 -2.028155
1500.000000 0.020000 -2.003603
1500.000000 0.030000 -1.978441
1500.000000 0.040000 -1.952677
1500.000000 0.050000 -1.926318
1500.000000 0.060000 -1.899372
1500.000000 0.070000 -1.871846
1500.000000 0.080000 -1.843749
1500.000000 0.090000 -1.815088
1500.000000 0.100000 -1.785873
1500.000000 0.110000 -1.756113
1500.000000 0.120000 -1.725817
1500.000000 0.130000 -1.694994
1500.000000 0.140000 -1.663655
1500.000000 0.150000 -1.631808
1500.000000 0.160000 -1.599466
1500.000000 0.170000 -1.566638
1500.000000 0.180000 -1.533334
1500.000000 0.190000 -1.499567
1500.000000 0.200000 -1.465347
1500.000000 0.210000 -1.430686
1500.000000 0.220000 -1.395596
1500.000000 0.230000 -1.360088
1500.000000 0.240000 -1.324174
1500.000000 0.250000 -1.287868
1500.000000 0.260000 -1.251180
1500.000000 0.270000 -1.214125
1500.000000 0.280000 -1.176715
1500.000000 0.290000 -1.138963
1500.000000 0.300000 -1.100881
1500.000000 0.310000 -1.062485
1500.000000 0.320000 -1.023786
1500.000000 0.330000 -0.984798
1500.000000 0.340000 -0.945536
1500.000000 0.350000 -0.906013
1500.000000 0.360000 -0.866243
1500.000000 0.370000 -0.826239
1500.000000 0.380000 -0.786017
1500.000000 0.390000 -0.745591
1500.000000 0.400000 -0.704974
1500.000000 0.410000 -0.664181
1500.000000 0.420000 -0.623227
1500.000000 0.430000 -0.582126
1500.000000 0.440000 -0.540893
1500.000000 0.450000 -0.499542
1500.000000 0.460000 -0.458087
1500.000000 0.470000 -0.416544
1500.000000 0.480000 -0.374927
1500.000000 0.490000 -0.333250
1500.000000 0.500000 -0.291529
1500.000000 0.510000 -0.249778
1500.000000 0.520000 -0.208011
1500.000000 0.530000 -0.166244
1500.000000 0.540000 -0.124490
1500.000000 0.550000 -0.082764
1500.000000 0.560000 -0.041080
1500.000000 0.570000 0.000546
1500.000000 0.580000 0.042101
1500.000000 0.590000 0.083571
1500.000000 0.600000 0.124941
1500.000000 0.610000 0.166197
1500.000000 0.620000 0.207326
1500.000000 0.630000 0.248313
1500.000000 0.640000 0.289145
1500.000000 0.650000 0.329808
1500.000000 0.660000 0.370289
1500.000000 0.670000 0.410574
1500.000000 0.680000 0.450650
1500.000000 0.690000 0.490504
1500.000000 0.700000 0.530122
1500.000000 0.710000 0.569494
1500.000000 0.720000 0.608604
1500.000000 0.730000 0.647442
1500.000000 0.740000 0.685995
1500.000000 0.750000 0.724250
1500.000000 0.760000 0.762197
1500.000000 0.770000 0.799822
1500.000000 0.780000 0.837116
1500.000000 0.790000 0.874066
1500.000000 0.800000 0.910661
1500.000000 0.810000 0.946891
1500.000000 0.820000 0.982744
1500.000000 0.830000 1.018211
1500.000000 0.840000 1.053281
1500.000000 0.850000 1.087944
1500.000000 0.860000 1.122191
1500.000000 0.870000 1.156012
1500.000000 0.880000 1.189397
1500.000000 0.890000 1.222338
1500.000000 0.900000 1.254826
1500.000000 0.910000 1.286852
1500.000000 0.920000 1.318408
1500.000000 0.930000 1.349487
1500.000000 0.940000 1.380080
1500.000000 0.950000 1.410179
1500.000000 0.960000 1.439778
1500.000000 0.970000 1.468870
1500.000000 0.980000 1.497448
1500.000000 0.990000 1.525506
1500.000000 1.000000 1.553037
1500.000000 1.010000 1.580035
1500.000000 1.020000 1.606496
1500.000000 1.030000 1.632413
1500.000000 1.040000 1.657781
1500.000000 1.050000 1.682597
1500.000000 1.060000 1.706854
1500.000000 1.070000 1.730550
1500.000000 1.080000 1.753680
1500.000000 1.090000 1.776240
1500.000000 1.100000 1.798227
1500.000000 1.110000 1.819638
1500.000000 1.120000 1.840470
1500.000000 1.130000 1.860720
1500.000000 1.140000 1.880387
1500.000000 1.150000 1.899467
1500.000000 1.160000 1.917960
1500.000000 1.170000 1.935863
1500.000000 1.180000 1.953176
1500.000000 1.190000 1.969898
1500.000000 1.200000 1.986027
1500.000000 1.210000 2.001564
1500.000000 1.220000 2.016508
1500.000000 1.230000 2.030860
1500.000000 1.240000 2.044618
1500.000000 1.250000 2.057785
1500.000000 1.260000 2.070361
1500.000000 1.270000 2.082347
1500.000000 1.280000 2.093745
1500.000000 1.290000 2.104555
1500.000000 1.300000 2.114780
1500.000000 1.310000 2.124421
1500.000000 1.320000 2.133482
1500.000000 1.330000 2.141963
1500.000000 1.340000 2.149869
1500.000000 1.350000 2.157202
1500.000000 1.360000 2.163964
1500.000000 1.370000 2.170161
1500.000000 1.380000 2.175794
1500.000000 1.390000 2.180868
1500.000000 1.400000 2.185386
1500.000000 1.410000 2.189354
1500.000000 1.420000 2.192774
1500.000000 1.430000 2.195652
1500.000000 1.440000 2.197993
1500.000000 1.450000 2.199800
1500.000000 1.460000 2.201080
1500.000000 1.470000 2.201838
1500.000000 1.480000 2.202078
1500.000000 1.490000 2.201806
1500.000000 1.500000 2.201029
1500.000000 1.510000 2.199752
1500.000000 1.520000 2.197980
1500.000000 1.530000 2.195721
1500.000000 1.540000 2.192980
1500.000000 1.550000 2.189763
1500.000000 1.560000 2.186078
1500.000000 1.570000 2.181930
1500.000000 1.580000 2.177327
1500.000000 1.590000 2.172276
1500.000000 1.600000 2.166783
1500.000000 1.610000 2.160855
1500.000000 1.620000 2.154500
1500.000000 1.630000 2.147725
1500.000000 1.640000 2.140537
1500.000000 1.650000 2.132944
1500.000000 1.660000 2.124953
1500.000000 1.670000 2.116571
1500.000000 1.680000 2.107807
1500.000000 1.690000 2.098668
1500.000000 1.700000 2.089162
1500.000000 1.710000 2.079297
1500.000000 1.720000 2.069079
1500.000000 1.730000 2.058519
1500.000000 1.740000 2.047622
1500.000000 1.750000 2.036398
1500.000000 1.760000 2.024854
1500.000000 1.770000 2.012998
1500.000000 1.780000 2.000839
1500.000000 1.790000 1.988384
1500.000000 1.800000 1.975641
1500.000000 1.810000 1.962619
1500.000000 1.820000 1.949326
1500.000000 1.830000 1.935769
1500.000000 1.840000 1.921957
1500.000000 1.850000 1.907898
1500.000000 1.860000 1.893599
1500.000000 1.870000 1.879070
1500.000000 1.880000 1.864317
1500.000000 1.890000 1.849350
1500.000000 1.900000 1.834175
1500.000000 1.910000 1.818801
1500.000000 1.920000 1.803235
1500.000000 1.930000 1.787486
1500.000000 1.940000 1.771562
1500.000000 1.950000 1.755469
1500.000000 1.960000 1.739216
1500.000000 1.970000 1.722811
1500.000000 1.980000 1.706260
1500.000000 1.990000 1.689572
1500.000000 2.000000 1.672754
1500.000000 2.010000 1.655814
1500.000000 2.020000 1.638758
1500.000000 2.030000 1.621594
1500.000000 2.040000 1.604330
1500.000000 2.050000 1.586971
1500.000000 2.060000 1.569527
1500.000000 2.070000 1.552002
1500.000000 2.080000 1.534405
1500.000000 2.090000 1.516742
1500.000000 2.100000 1.499019
1500.000000 2.110000 1.481244
1500.000000 2.120000 1.463423
1500.000000 2.130000 1.445562
1500.000000 2.140000 1.427667
1500.000000 2.150000 1.409746
1500.000000 2.160000 1.391803
1500.000000 2.170000 1.373846
1500.000000 2.180000 1.355879
1500.000000 2.190000 1.337910
1500.000000 2.200000 1.319943
1500.000000 2.210000 1.301984
1500.000000 2.220000 1.284039
1500.000000 2.230000 1.266113
1500.000000 2.240000 1.248211
1500.000000 2.250000 1.230339
1500.000000 2.260000 1.212502
1500.000000 2.270000 1.194705
1500.000000 2.280000 1.176952
1500.000000 2.290000 1.159248
1500.000000 2.300000 1.141599
1500.000000 2.310000 1.124007
1500.000000 2.320000 1.106479
1500.000000 2.330000 1.089019
1500.000000 2.340000 1.071629
1500.000000 2.350000 1.054315
1500.000000 2.360000 1.037081
1500.000000 2.370000 1.019930
1500.000000 2.380000 1.002866
1500.000000 2.390000 0.985893
1500.000000 2.400000 0.969014
1500.000000 2.410000 0.952232
1500.000000 2.420000 0.935552
1500.000000 2.430000 0.918976
1500.000000 2.440000 0.902506
1500.000000 2.450000 0.886148
1500.000000 2.460000 0.869902
1500.000000 2.470000 0.853771
1500.000000 2.480000 0.837760
1500.000000 2.490000 0.821869
1500.000000 2.500000 0.806101
1500.000000 2.510000 0.790459
1500.000000 2.520000 0.774945
1500.000000 2.530000 0.759561
1500.000000 2.540000 0.744309
1500.000000 2.550000 0.729190
1500.000000 2.560000 0.714207
1500.000000 2.570000 0.699362
1500.000000 2.580000 0.684656
1500.000000 2.590000 0.670090
1500.000000 2.600000 0.655665
1500.000000 2.610000 0.641384
1500.000000 2.620000 0.627248
1500.000000 2.630000 0.613257
1500.000000 2.640000 0.599412
1500.000000 2.650000 0.585715
1500.000000 2.660000 0.572167
1500.000000 2.670000 0.558767
1500.000000 2.680000 0.545518
1500.000000 2.690000 0.532419
1500.000000 2.700000 0.519471
1500.000000 2.710000 0.506674
1500.000000 2.720000 0.494029
1500.000000 2.730000 0.481537
1500.000000 2.740000 0.469196
1500.000000 2.750000 0.457008
1500.000000 2.760000 0.444973
1500.000000 2.770000 0.433090
1500.000000 2.780000 0.421360
1500.000000 2.790000 0.409782
1500.000000 2.800000 0.398356
1500.000000 2.810000 0.387082
1500.000000 2.820000 0.375960
1500.000000 2.830000 0.364989
1500.000000 2.840000 0.354168
1500.000000 2.850000 0.343498
1500.000000 2.860000 0.332978
1500.000000 2.870000 0.322606
1500.000000 2.880000 0.312383
1500.000000 2.890000 0.302308
1500.000000 2.900000 0.292380
1500.000000 2.910000 0.282598
1500.000000 2.920000 0.272961
1500.000000 2.930000 0.263469
1500.000000 2.940000 0.254120
1500.000000 2.950000 0.244914
1500.000000 2.960000 0.235849
1500.000000 2.970000 0.226925
1500.000000 2.980000 0.218140
1500.000000 2.990000 0.209494
1500.000000 3.000000 0.200984
1500.000000 3.010000 0.192611
1500.000000 3.020000 0.184372
1500.000000 3.030000 0.176266
1500.000000 3.040000 0.168293
1500.000000 3.050000 0.160451
1500.000000 3.060000 0.152739
1500.000000 3.070000 0.145154
1500.000000 3.080000 0.137697
1500.000000 3.090000 0.130365
1500.000000 3.100000 0.123157
1500.000000 3.110000 0.116072
1500.000000 3.120000 0.109108
1500.000000 3.130000 0.102263
1500.000000 3.140000 0.095538
1500.000000 3.150000 0.088929
1500.000000 3.160000 0.082435
1500.000000 3.170000 0.076055
1500.000000 3.180000 0.069788
1500.000000 3.190000 0.063632
1500.000000 3.200000 0.057584
1500.000000 3.210000 0.051645
1500.000000 3.220000 0.045812
1500.000000 3.230000 0.040084
1500.000000 3.240000 0.034458
1500.000000 3.250000 0.028935
1500.000000 3.260000 0.023511
1500.000000 3.270000 0.018186
1500.000000 3.280000 0.012958
1500.000000 3.290000 0.007826
1500.000000 3.300000 0.002787
1500.000000 3.310000 -0.002160
1500.000000 3.320000 -0.007015
1500.000000 3.330000 -0.011782
1500.000000 3.340000 -0.016461
1500.000000 3.350000 -0.021053
1500.000000 3.360000 -0.025562
1500.000000 3.370000 -0.029987
1500.000000 3.380000 -0.034330
1500.000000 3.390000 -0.038594
1500.000000 3.400000 -0.042779
1500.000000 3.410000 -0.046887
1500.000000 3.420000 -0.050920
1500.000000 3.430000 -0.054878
1500.000000 3.440000 -0.058765
1500.000000 3.450000 -0.062580
1500.000000 3.460000 -0.066325
1500.000000 3.470000 -0.070003
1500.000000 3.480000 -0.073614
1500.000000 3.490000 -0.077160
1500.000000 3.500000 -0.080641
1500.000000 3.510000 -0.084061
1500.000000 3.520000 -0.087420
1500.000000 3.530000 -0.090719
1500.000000 3.540000 -0.093960
1500.000000 3.550000 -0.097145
1500.000000 3.560000 -0.100274
1500.000000 3.570000 -0.103349
1500.000000 3.580000 -0.106372
1500.000000 3.590000 -0.109343
1500.000000 3.600000 -0.112265
1500.000000 3.610000 -0.115138
1500.000000 3.620000 -0.117963
1500.000000 3.630000 -0.120743
1500.000000 3.640000 -0.123478
1500.000000 3.650000 -0.126170
1500.000000 3.660000 -0.128820
1500.000000 3.670000 -0.131429
1500.000000 3.680000 -0.133999
1500.000000 3.690000 -0.136530
1500.000000 3.700000 -0.139024
1500.000000 3.710000 -0.141483
1500.000000 3.720000 -0.143907
1500.000000 3.730000 -0.146297
1500.000000 3.740000 -0.148656
1500.000000 3.750000 -0.150984
1500.000000 3.760000 -0.153281
1500.000000 3.770000 -0.155551
1500.000000 3.780000 -0.157793
1500.000000 3.790000 -0.160009
1500.000000 3.800000 -0.162199
1500.000000 3.810000 -0.164366
1500.000000 3.820000 -0.166510
1500.000000 3.830000 -0.168633
1500.000000 3.840000 -0.170734
1500.000000 3.850000 -0.172817
1500.000000 3.860000 -0.174881
1500.000000 3.870000 -0.176928
1500.000000 3.880000 -0.178959
1500.000000 3.890000 -0.180975
1500.000000 3.900000 -0.182977
1500.000000 3.910000 -0.184966
1500.000000 3.920000 -0.186944
1500.000000 3.930000 -0.188910
1500.000000 3.940000 -0.190867
1500.000000 3.950000 -0.192815
1500.000000 3.960000 -0.194756
1500.000000 3.970000 -0.196690
1500.000000 3.980000 -0.198618
1500.000000 3.990000 -0.200542
1500.000000 4.000000 -0.202463
1500.000000 4.010000 -0.204380
1500.000000 4.020000 -0.206297
1500.000000 4.030000 -0.208212
1500.000000 4.040000 -0.210128
1500.000000 4.050000 -0.212046
1500.000000 4.060000 -0.213965
1500.000000 4.070000 -0.215888
1500.000000 4.080000 -0.217816
1500.000000 4.090000 -0.219748
1500.000000 4.100000 -0.221687
1500.000000 4.110000 -0.223633
1500.000000 4.120000 -0.225587
1500.000000 4.130000 -0.227549
1500.000000 4.140000 -0.229522
1500.000000 4.150000 -0.231505
1500.000000 4.160000 -0.233500
1500.000000 4.170000 -0.235508
1500.000000 4.180000 -0.237529
1500.000000 4.190000 -0.239564
1500.000000 4.200000 -0.241614
1500.000000 4.210000 -0.243681
1500.000000 4.220000 -0.245764
1500.000000 4.230000 -0.247865
1500.000000 4.240000 -0.249985
1500.000000 4.250000 -0.252124
1500.000000 4.260000 -0.254283
1500.000000 4.270000 -0.256464
1500.000000 4.280000 -0.258666
1500.000000 4.290000 -0.260891
1500.000000 4.300000 -0.263140
1500.000000 4.310000 -0.265413
1500.000000 4.320000 -0.267711
1500.000000 4.330000 -0.270035
1500.000000 4.340000 -0.272386
1500.000000 4.350000 -0.274764
1500.000000 4.360000 -0.277170
1500.000000 4.370000 -0.279605
1500.000000 4.380000 -0.282070
1500.000000 4.390000 -0.284565
1500.000000 4.400000 -0.287091
1500.000000 4.410000 -0.289649
1500.000000 4.420000 -0.292240
1500.000000 4.430000 -0.294863
1500.000000 4.440000 -0.297521
1500.000000 4.450000 -0.300213
1500.000000 4.460000 -0.302940
1500.000000 4.470000 -0.305704
1500.000000 4.480000 -0.308504
1500.000000 4.490000 -0.311341
1500.000000 4.500000 -0.314216
1500.000000 4.510000 -0.317129
1500.000000 4.520000 -0.320081
1500.000000 4.530000 -0.323073
1500.000000 4.540000 -0.326106
1500.000000 4.550000 -0.329179
1500.000000 4.560000 -0.332293
1500.000000 4.570000 -0.335450
1500.000000 4.580000 -0.338649
1500.000000 4.590000 -0.341891
1500.000000 4.600000 -0.345177
1500.000000 4.610000 -0.348507
1500.000000 4.620000 -0.351881
1500.000000 4.630000 -0.355301
1500.000000 4.640000 -0.358766
1500.000000 4.650000 -0.362277
1500.000000 4.660000 -0.365835
1500.000000 4.670000 -0.369440
1500.000000 4.680000 -0.373092
1500.000000 4.690000 -0.376792
1500.000000 4.700000 -0.380540
1500.000000 4.710000 -0.384337
1500.000000 4.720000 -0.388183
1500.000000 4.730000 -0.392079
1500.000000 4.740000 -0.396024
1500.000000 4.750000 -0.400019
1500.000000 4.760000 -0.404065
1500.000000 4.770000 -0.408161
1500.000000 4.780000 -0.412309
1500.000000 4.790000 -0.416507
1500.000000 4.800000 -0.420758
1500.000000 4.810000 -0.425060
1500.000000 4.820000 -0.429414
1500.000000 4.830000 -0.433821
1500.000000 4.840000 -0.438280
1500.000000 4.850000 -0.442791
1500.000000 4.860000 -0.447356
1500.000000 4.870000 -0.451973
1500.000000 4.880000 -0.456644
1500.000000 4.890000 -0.461367
1500.000000 4.900000 -0.466144
1500.000000 4.910000 -0.470974
1500.000000 4.920000 -0.475858
1500.000000 4.930000 -0.480795
1500.000000 4.940000 -0.485785
1500.000000 4.950000 -0.490828
1500.000000 4.960000 -0.495924
1500.000000 4.970000 -0.501074
1500.000000 4.980000 -0.506276
1500.000000 4.990000 -0.511531
1500.000000 5.000000 -0.516839
1500.000000 5.010000 -0.522200
1500.000000 5.020000 -0.527612
1500.000000 5.030000 -0.533077
1500.000000 5.040000 -0.538593
1500.000000 5.050000 -0.544160
1500.000000 5.060000 -0.549778
1500.000000 5.070000 -0.555447
1500.000000 5.080000 -0.561166
1500.000000 5.090000 -0.566934
1500.000000 5.100000 -0.572752
1500.000000 5.110000 -0.578618
1500.000000 5.120000 -0.584532
1500.000000 5.130000 -0.590494
1500.000000 5.140000 -0.596502
1500.000000 5.150000 -0.602556
1500.000000 5.160000 -0.608655
1500.000000 5.170000 -0.614799
1500.000000 5.180000 -0.620986
1500.000000 5.190000 -0.627216
1500.000000 5.200000 -0.633488
1500.000000 5.210000 -0.639800
1500.000000 5.220000 -0.646152
1500.000000 5.230000 -0.652542
1500.000000 5.240000 -0.658970
1500.000000 5.250000 -0.665434
1500.000000 5.260000 -0.671933
1500.000000 5.270000 -0.678465
1500.000000 5.280000 -0.685030
1500.000000 5.290000 -0.691626
1500.000000 5.300000 -0.698251
1500.000000 5.310000 -0.704903
1500.000000 5.320000 -0.711582
1500.000000 5.330000 -0.718285
1500.000000 5.340000 -0.725011
1500.000000 5.350000 -0.731758
1500.000000 5.360000 -0.738524
1500.000000 5.370000 -0.745307
1500.000000 5.380000 -0.752105
1500.000000 5.390000 -0.758916
1500.000000 5.400000 -0.765738
1500.000000 5.410000 -0.772569
1500.000000 5.420000 -0.779406
1500.000000 5.430000 -0.786247
1500.000000 5.440000 -0.793089
1500.000000 5.450000 -0.799931
1500.000000 5.460000 -0.806769
1500.000000 5.470000 -0.813601
1500.000000 5.480000 -0.820424
1500.000000 5.490000 -0.827235
1500.000000 5.500000 -0.834032
1500.000000 5.510000 -0.840811
1500.000000 5.520000 -0.847569
1500.000000 5.530000 -0.854304
1500.000000 5.540000 -0.861012
1500.000000 5.550000 -0.867689
1500.000000 5.560000 -0.874333
1500.000000 5.570000 -0.880940
1500.000000 5.580000 -0.887507
1500.000000 5.590000 -0.894029
1500.000000 5.600000 -0.900504
1500.000000 5.610000 -0.906927
1500.000000 5.620000 -0.913295
1500.000000 5.630000 -0.919603
1500.000000 5.640000 -0.925849
1500.000000 5.650000 -0.932027
1500.000000 5.660000 -0.938134
1500.000000 5.670000 -0.944166
1500.000000 5.680000 -0.950117
1500.000000 5.690000 -0.955985
1500.000000 5.700000 -0.961764
1500.000000 5.710000 -0.967450
1500.000000 5.720000 -0.973038
1500.000000 5.730000 -0.978525
1500.000000 5.740000 -0.983904
1500.000000 5.750000 -0.989172
1500.000000 5.760000 -0.994323
1500.000000 5.770000 -0.999353
1500.000000 5.780000 -1.004257
1500.000000 5.790000 -1.009030
1500.000000 5.800000 -1.013666
1500.000000 5.810000 -1.018161
1500.000000 5.820000 -1.022510
1500.000000 5.830000 -1.026707
1500.000000 5.840000 -1.030747
1500.000000 5.850000 -1.034625
1500.000000 5.860000 -1.038335
1500.000000 5.870000 -1.041872
1500.000000 5.880000 -1.045232
1500.000000 5.890000 -1.048407
1500.000000 5.900000 -1.051394
1500.000000 5.910000 -1.054186
1500.000000 5.920000 -1.056777
1500.000000 5.930000 -1.059163
1500.000000 5.940000 -1.061338
1500.000000 5.950000 -1.063297
1500.000000 5.960000 -1.065032
1500.000000 5.970000 -1.066541
1500.000000 5.980000 -1.067815
1500.000000 5.990000 -1.068851
1500.000000 6.000000 -1.069642
1500.000000 6.010000 -1.070184
1500.000000 6.020000 -1.070469
1500.000000 6.030000 -1.070494
1500.000000 6.040000 -1.070252
1500.000000 6.050000 -1.069738
1500.000000 6.060000 -1.068947
1500.000000 6.070000 -1.067873
1500.000000 6.080000 -1.066510
1500.000000 6.090000 -1.064854
1500.000000 6.100000 -1.062900
1500.000000 6.110000 -1.060642
1500.000000 6.120000 -1.058074
1500.000000 6.130000 -1.055193
1500.000000 6.140000 -1.051992
1500.000000 6.150000 -1.048468
1500.000000 6.160000 -1.044614
1500.000000 6.170000 -1.040427
1500.000000 6.180000 -1.035902
1500.000000 6.190000 -1.031033
1500.000000 6.200000 -1.025817
1500.000000 6.210000 -1.020250
1500.000000 6.220000 -1.014326
1500.000000 6.230000 -1.008043
1500.000000 6.240000 -1.001395
1500.000000 6.250000 -0.994379
1500.000000 6.260000 -0.986991
1500.000000 6.270000 -0.979227
1500.000000 6.280000 -0.971084
1500.000000 6.290000 -0.962559
1500.000000 6.300000 -0.953648
1500.000000 6.310000 -0.944348
1500.000000 6.320000 -0.934656
1500.000000 6.330000 -0.924570
1500.000000 6.340000 -0.914087
1500.000000 6.350000 -0.903204
1500.000000 6.360000 -0.891919
1500.000000 6.370000 -0.880231
1500.000000 6.380000 -0.868137
1500.000000 6.390000 -0.855635
1500.000000 6.400000 -0.842724
1500.000000 6.410000 -0.829402
1500.000000 6.420000 -0.815669
1500.000000 6.430000 -0.801524
1500.000000 6.440000 -0.786965
1500.000000 6.450000 -0.771993
1500.000000 6.460000 -0.756607
1500.000000 6.470000 -0.740806
1500.000000 6.480000 -0.724592
1500.000000 6.490000 -0.707963
1500.000000 6.500000 -0.690922
1500.000000 6.510000 -0.673468
1500.000000 6.520000 -0.655603
1500.000000 6.530000 -0.637328
1500.000000 6.540000 -0.618644
1500.000000 6.550000 -0.599553
1500.000000 6.560000 -0.580058
1500.000000 6.570000 -0.560159
1500.000000 6.580000 -0.539860
1500.000000 6.590000 -0.519164
1500.000000 6.600000 -0.498073
1500.000000 6.610000 -0.476590
1500.000000 6.620000 -0.454719
1500.000000 6.630000 -0.432463
1500.000000 6.640000 -0.409827
1500.000000 6.650000 -0.386814
1500.000000 6.660000 -0.363429
1500.000000 6.670000 -0.339676
1500.000000 6.680000 -0.315561
1500.000000 6.690000 -0.291088
1500.000000 6.700000 -0.266263
1500.000000 6.710000 -0.241091
1500.000000 6.720000 -0.215578
1500.000000 6.730000 -0.189731
1500.000000 6.740000 -0.163555
1500.000000 6.750000 -0.137057
1500.000000 6.760000 -0.110244
1500.000000 6.770000 -0.083123
1500.000000 6.780000 -0.055701
1500.000000 6.790000 -0.027986
1500.000000 6.800000 0.000015
1500.000000 6.810000 0.028294
1500.000000 6.820000 0.056842
1500.000000 6.830000 0.085651
1500.000000 6.840000 0.114713
1500.000000 6.850000 0.144020
1500.000000 6.860000 0.173561
1500.000000 6.870000 0.203327
1500.000000 6.880000 0.233310
1500.000000 6.890000 0.263500
1500.000000 6.900000 0.293887
1500.000000 6.910000 0.324461
1500.000000 6.920000 0.355212
1500.000000 6.930000 0.386130
1500.000000 6.940000 0.417204
1500.000000 6.950000 0.448424
1500.000000 6.960000 0.479778
1500.000000 6.970000 0.511257
1500.000000 6.980000 0.542848
1500.000000 6.990000 0.574541
1500.000000 7.000000 0.606324
1500.000000 7.010000 0.638187
1500.000000 7.020000 0.670116
1500.000000 7.030000 0.702101
1500.000000 7.040000 0.734130
1500.000000 7.050000 0.766191
1500.000000 7.060000 0.798272
1500.000000 7.070000 0.830361
1500.000000 7.080000 0.862445
1500.000000 7.090000 0.894513
1500.000000 7.100000 0.926552
1500.000000 7.110000 0.958550
1500.000000 7.120000 0.990494
1500.000000 7.130000 1.022373
1500.000000 7.140000 1.054173
1500.000000 7.150000 1.085882
1500.000000 7.160000 1.117487
1500.000000 7.170000 1.148977
1500.000000 7.180000 1.180338
1500.000000 7.190000 1.211559
1500.000000 7.200000 1.242626
1500.000000 7.210000 1.273526
1500.000000 7.220000 1.304249
1500.000000 7.230000 1.334781
1500.000000 7.240000 1.365109
1500.000000 7.250000 1.395222
1500.000000 7.260000 1.425108
1500.000000 7.270000 1.454753
1500.000000 7.280000 1.484146
1500.000000 7.290000 1.513276
1500.000000 7.300000 1.542129
1500.000000 7.310000 1.570695
1500.000000 7.320000 1.598961
1500.000000 7.330000 1.626915
1500.000000 7.340000 1.654548
1500.000000 7.350000 1.681846
1500.000000 7.360000 1.708799
1500.000000 7.370000 1.735396
1500.000000 7.380000 1.761625
1500.000000 7.390000 1.787476
1500.000000 7.400000 1.812939
1500.000000 7.410000 1.838003
1500.000000 7.420000 1.862657
1500.000000 7.430000 1.886892
1500.000000 7.440000 1.910698
1500.000000 7.450000 1.934064
1500.000000 7.460000 1.956983
1500.000000 7.470000 1.979443
1500.000000 7.480000 2.001437
1500.000000 7.490000 2.022955
1500.000000 7.500000 2.043989
1500.000000 7.510000 2.064530
1500.000000 7.520000 2.084570
1500.000000 7.530000 2.104102
1500.000000 7.540000 2.123117
1500.000000 7.550000 2.141609
1500.000000 7.560000 2.159570
1500.000000 7.570000 2.176993
1500.000000 7.580000 2.193871
1500.000000 7.590000 2.210199
1500.000000 7.600000 2.225970
1500.000000 7.610000 2.241178
1500.000000 7.620000 2.255818
1500.000000 7.630000 2.269885
1500.000000 7.640000 2.283373
1500.000000 7.650000 2.296278
1500.000000 7.660000 2.308596
1500.000000 7.670000 2.320322
1500.000000 7.680000 2.331452
1500.000000 7.690000 2.341984
1500.000000 7.700000 2.351913
1500.000000 7.710000 2.361238
1500.000000 7.720000 2.369954
1500.000000 7.730000 2.378061
1500.000000 7.740000 2.385556
1500.000000 7.750000 2.392437
1500.000000 7.760000 2.398702
1500.000000 7.770000 2.404352
1500.000000 7.780000 2.409384
1500.000000 7.790000 2.413799
1500.000000 7.800000 2.417596
1500.000000 7.810000 2.420775
1500.000000 7.820000 2.423337
1500.000000 7.830000 2.425283
1500.000000 7.840000 2.426612
1500.000000 7.850000 2.427328
1500.000000 7.860000 2.427430
1500.000000 7.870000 2.426922
1500.000000 7.880000 2.425804
1500.000000 7.890000 2.424081
1500.000000 7.900000 2.421753
1500.000000 7.910000 2.418825
1500.000000 7.920000 2.415300
1500.000000 7.930000 2.411181
1500.000000 7.940000 2.406472
1500.000000 7.950000 2.401177
1500.000000 7.960000 2.395300
1500.000000 7.970000 2.388846
1500.000000 7.980000 2.381821
1500.000000 7.990000 2.374228
1500.000000 8.000000 2.366074
1500.000000 8.010000 2.357363
1500.000000 8.020000 2.348103
1500.000000 8.030000 2.338299
1500.000000 8.040000 2.327956
1500.000000 8.050000 2.317083
1500.000000 8.060000 2.305685
1500.000000 8.070000 2.293770
1500.000000 8.080000 2.281344
1500.000000 8.090000 2.268415
1500.000000 8.100000 2.254991
1500.000000 8.110000 2.241080
1500.000000 8.120000 2.226689
1500.000000 8.130000 2.211826
1500.000000 8.140000 2.196500
1500.000000 8.150000 2.180719
1500.000000 8.160000 2.164492
1500.000000 8.170000 2.147827
1500.000000 8.180000 2.130735
1500.000000 8.190000 2.113223
1500.000000 8.200000 2.095300
1500.000000 8.210000 2.076977
1500.000000 8.220000 2.058263
1500.000000 8.230000 2.039167
1500.000000 8.240000 2.019698
1500.000000 8.250000 1.999868
1500.000000 8.260000 1.979685
1500.000000 8.270000 1.959159
1500.000000 8.280000 1.938301
1500.000000 8.290000 1.917121
1500.000000 8.300000 1.895629
1500.000000 8.310000 1.873835
1500.000000 8.320000 1.851749
1500.000000 8.330000 1.829383
1500.000000 8.340000 1.806745
1500.000000 8.350000 1.783848
1500.000000 8.360000 1.760701
1500.000000 8.370000 1.737314
1500.000000 8.380000 1.713699
1500.000000 8.390000 1.689866
1500.000000 8.400000 1.665825
1500.000000 8.410000 1.641587
1500.000000 8.420000 1.617162
1500.000000 8.430000 1.592561
1500.000000 8.440000 1.567795
1500.000000 8.450000 1.542874
1500.000000 8.460000 1.517808
1500.000000 8.470000 1.492608
1500.000000 8.480000 1.467284
1500.000000 8.490000 1.441847
1500.000000 8.500000 1.416307
1500.000000 8.510000 1.390673
1500.000000 8.520000 1.364956
1500.000000 8.530000 1.339167
1500.000000 8.540000 1.313315
1500.000000 8.550000 1.287410
1500.000000 8.560000 1.261461
1500.000000 8.570000 1.235480
1500.000000 8.580000 1.209474
1500.000000 8.590000 1.183455
1500.000000 8.600000 1.157430
1500.000000 8.610000 1.131411
1500.000000 8.620000 1.105405
1500.000000 8.630000 1.079422
1500.000000 8.640000 1.053470
1500.000000 8.650000 1.027560
1500.000000 8.660000 1.001699
1500.000000 8.670000 0.975896
1500.000000 8.680000 0.950160
1500.000000 8.690000 0.924498
1500.000000 8.700000 0.898920
1500.000000 8.710000 0.873432
1500.000000 8.720000 0.848044
1500.000000 8.730000 0.822762
1500.000000 8.740000 0.797594
1500.000000 8.750000 0.772549
1500.000000 8.760000 0.747632
1500.000000 8.770000 0.722851
1500.000000 8.780000 0.698214
1500.000000 8.790000 0.673726
1500.000000 8.800000 0.649395
1500.000000 8.810000 0.625227
1500.000000 8.820000 0.601228
1500.000000 8.830000 0.577405
1500.000000 8.840000 0.553763
1500.000000 8.850000 0.530308
1500.000000 8.860000 0.507045
1500.000000 8.870000 0.483981
1500.000000 8.880000 0.461121
1500.000000 8.890000 0.438468
1500.000000 8.900000 0.416030
1500.000000 8.910000 0.393809
1500.000000 8.920000 0.371811
1500.000000 8.930000 0.350040
1500.000000 8.940000 0.328501
1500.000000 8.950000 0.307197
1500.000000 8.960000 0.286132
1500.000000 8.970000 0.265309
1500.000000 8.980000 0.244734
1500.000000 8.990000 0.224408
1500.000000 9.000000 0.204335
1500.000000 9.010000 0.184517
1500.000000 9.020000 0.164959
1500.000000 9.030000 0.145662
1500.000000 9.040000 0.126628
1500.000000 9.050000 0.107861
1500.000000 9.060000 0.089362
1500.000000 9.070000 0.071134
1500.000000 9.080000 0.053177
1500.000000 9.090000 0.035494
1500.000000 9.100000 0.018086
1500.000000 9.110000 0.000955
1500.000000 9.120000 -0.015898
1500.000000 9.130000 -0.032473
1500.000000 9.140000 -0.048768
1500.000000 9.150000 -0.064782
1500.000000 9.160000 -0.080516
1500.000000 9.170000 -0.095968
1500.000000 9.180000 -0.111139
1500.000000 9.190000 -0.126028
1500.000000 9.200000 -0.140635
1500.000000 9.210000 -0.154960
1500.000000 9.220000 -0.169004
1500.000000 9.230000 -0.182767
1500.000000 9.240000 -0.196250
1500.000000 9.250000 -0.209452
1500.000000 9.260000 -0.222375
1500.000000 9.270000 -0.235020
1500.000000 9.280000 -0.247388
1500.000000 9.290000 -0.259480
1500.000000 9.300000 -0.271297
1500.000000 9.310000 -0.282840
1500.000000 9.320000 -0.294111
1500.000000 9.330000 -0.305112
1500.000000 9.340000 -0.315843
1500.000000 9.350000 -0.326308
1500.000000 9.360000 -0.336507
1500.000000 9.370000 -0.346443
1500.000000 9.380000 -0.356117
1500.000000 9.390000 -0.365533
1500.000000 9.400000 -0.374691
1500.000000 9.410000 -0.383594
1500.000000 9.420000 -0.392245
1500.000000 9.430000 -0.400646
1500.000000 9.440000 -0.408799
1500.000000 9.450000 -0.416707
1500.000000 9.460000 -0.424373
1500.000000 9.470000 -0.431800
1500.000000 9.480000 -0.438989
1500.000000 9.490000 -0.445944
1500.000000 9.500000 -0.452668
1500.000000 9.510000 -0.459164
1500.000000 9.520000 -0.465434
1500.000000 9.530000 -0.471481
1500.000000 9.540000 -0.477309
1500.000000 9.550000 -0.482921
1500.000000 9.560000 -0.488320
1500.000000 9.570000 -0.493509
1500.000000 9.580000 -0.498490
1500.000000 9.590000 -0.503268
1500.000000 9.600000 -0.507846
1500.000000 9.610000 -0.512226
1500.000000 9.620000 -0.516413
1500.000000 9.630000 -0.520408
1500.000000 9.640000 -0.524217
1500.000000 9.650000 -0.527842
1500.000000 9.660000 -0.531286
1500.000000 9.670000 -0.534552
1500.000000 9.680000 -0.537645
1500.000000 9.690000 -0.540567
1500.000000 9.700000 -0.543323
1500.000000 9.710000 -0.545914
1500.000000 9.720000 -0.548345
1500.000000 9.730000 -0.550619
1500.000000 9.740000 -0.552739
1500.000000 9.750000 -0.554709
1500.000000 9.760000 -0.556531
1500.000000 9.770000 -0.558211
1500.000000 9.780000 -0.559749
1500.000000 9.790000 -0.561151
1500.000000 9.800000 -0.562419
1500.000000 9.810000 -0.563557
1500.000000 9.820000 -0.564567
1500.000000 9.830000 -0.565453
1500.000000 9.840000 -0.566219
1500.000000 9.850000 -0.566867
1500.000000 9.860000 -0.567400
1500.000000 9.870000 -0.567822
1500.000000 9.880000 -0.568136
1500.000000 9.890000 -0.568345
1500.000000 9.900000 -0.568452
1500.000000 9.910000 -0.568461
1500.000000 9.920000 -0.568373
1500.000000 9.930000 -0.568192
1500.000000 9.940000 -0.567921
1500.000000 9.950000 -0.567563
1500.000000 9.960000 -0.567121
1500.000000 9.970000 -0.566597
1500.000000 9.980000 -0.565994
1500.000000 9.990000 -0.565316
1500.000000 10.000000 -0.564565
1500.000000 10.010000 -0.563743
1500.000000 10.020000 -0.562853
1500.000000 10.030000 -0.561898
1500.000000 10.040000 -0.560880
1500.000000 10.050000 -0.559802
1500.000000 10.060000 -0.558667
1500.000000 10.070000 -0.557476
1500.000000 10.080000 -0.556233
1500.000000 10.090000 -0.554939
1500.000000 10.100000 -0.553597
1500.000000 10.110000 -0.552209
1500.000000 10.120000 -0.550778
1500.000000 10.130000 -0.549305
1500.000000 10.140000 -0.547793
1500.000000 10.150000 -0.546244
1500.000000 10.160000 -0.544660
1500.000000 10.170000 -0.543043
1500.000000 10.180000 -0.541395
1500.000000 10.190000 -0.539718
1500.000000 10.200000 -0.538014
1500.000000 10.210000 -0.536284
1500.000000 10.220000 -0.534531
1500.000000 10.230000 -0.532757
1500.000000 10.240000 -0.530962
1500.000000 10.250000 -0.529150
1500.000000 10.260000 -0.527321
1500.000000 10.270000 -0.525476
1500.000000 10.280000 -0.523619
1500.000000 10.290000 -0.521750
1500.000000 10.300000 -0.519870
1500.000000 10.310000 -0.517982
1500.000000 10.320000 -0.516086
1500.000000 10.330000 -0.514184
1500.000000 10.340000 -0.512278
1500.000000 10.350000 -0.510368
1500.000000 10.360000 -0.508456
1500.000000 10.370000 -0.506544
1500.000000 10.380000 -0.504631
1500.000000 10.390000 -0.502720
1500.000000 10.400000 -0.500812
1500.000000 10.410000 -0.498907
1500.000000 10.420000 -0.497008
1500.000000 10.430000 -0.495114
1500.000000 10.440000 -0.493227
1500.000000 10.450000 -0.491347
1500.000000 10.460000 -0.489477
1500.000000 10.470000 -0.487615
1500.000000 10.480000 -0.485765
1500.000000 10.490000 -0.483925
1500.000000 10.500000 -0.482098
1500.000000 10.510000 -0.480283
1500.000000 10.520000 -0.478481
1500.000000 10.530000 -0.476694
1500.000000 10.540000 -0.474922
1500.000000 10.550000 -0.473165
1500.000000 10.560000 -0.471424
1500.000000 10.570000 -0.469700
1500.000000 10.580000 -0.467993
1500.000000 10.590000 -0.466304
1500.000000 10.600000 -0.464633
1500.000000 10.610000 -0.462981
1500.000000 10.620000 -0.461348
1500.000000 10.630000 -0.459734
1500.000000 10.640000 -0.458141
1500.000000 10.650000 -0.456567
1500.000000 10.660000 -0.455014
1500.000000 10.670000 -0.453482
1500.000000 10.680000 -0.451971
1500.000000 10.690000 -0.450482
1500.000000 10.700000 -0.449014
1500.000000 10.710000 -0.447568
1500.000000 10.720000 -0.446144
1500.000000 10.730000 -0.444742
1500.000000 10.740000 -0.443362
1500.000000 10.750000 -0.442005
1500.000000 10.760000 -0.440670
1500.000000 10.770000 -0.439358
1500.000000 10.780000 -0.438068
1500.000000 10.790000 -0.436800
1500.000000 10.800000 -0.435555
1500.000000 10.810000 -0.434333
1500.000000 10.820000 -0.433133
1500.000000 10.830000 -0.431955
1500.000000 10.840000 -0.430800
1500.000000 10.850000 -0.429666
1500.000000 10.860000 -0.428555
1500.000000 10.870000 -0.427465
1500.000000 10.880000 -0.426397
1500.000000 10.890000 -0.425350
1500.000000 10.900000 -0.424324
1500.000000 10.910000 -0.423319
1500.000000 10.920000 -0.422334
1500.000000 10.930000 -0.421370
1500.000000 10.940000 -0.420426
1500.000000 10.950000 -0.419501
1500.000000 10.960000 -0.418595
1500.000000 10.970000 -0.417707
1500.000000 10.980000 -0.416838
1500.000000 10.990000 -0.415987
1500.000000 11.000000 -0.415154
1500.000000 11.010000 -0.414337
1500.000000 11.020000 -0.413536
1500.000000 11.030000 -0.412752
1500.000000 11.040000 -0.411982
1500.000000 11.050000 -0.411227
1500.000000 11.060000 -0.410487
1500.000000 11.070000 -0.409760
1500.000000 11.080000 -0.409045
1500.000000 11.090000 -0.408343
1500.000000 11.100000 -0.407652
1500.000000 11.110000 -0.406972
1500.000000 11.120000 -0.406302
1500.000000 11.130000 -0.405642
1500.000000 11.140000 -0.404989
1500.000000 11.150000 -0.404345
1500.000000 11.160000 -0.403708
1500.000000 11.170000 -0.403076
1500.000000 11.180000 -0.402450
1500.000000 11.190000 -0.401828
1500.000000 11.200000 -0.401210
1500.000000 11.210000 -0.400594
1500.000000 11.220000 -0.399979
1500.000000 11.230000 -0.399366
1500.000000 11.240000 -0.398752
1500.000000 11.250000 -0.398137
1500.000000 11.260000 -0.397519
1500.000000 11.270000 -0.396898
1500.000000 11.280000 -0.396272
1500.000000 11.290000 -0.395641
1500.000000 11.300000 -0.395004
1500.000000 11.310000 -0.394358
1500.000000 11.320000 -0.393704
1500.000000 11.330000 -0.393040
1500.000000 11.340000 -0.392365
1500.000000 11.350000 -0.391677
1500.000000 11.360000 -0.390976
1500.000000 11.370000 -0.390260
1500.000000 11.380000 -0.389529
1500.000000 11.390000 -0.388780
1500.000000 11.400000 -0.388013
1500.000000 11.410000 -0.387226
1500.000000 11.420000 -0.386418
1500.000000 11.430000 -0.385589
1500.000000 11.440000 -0.384735
1500.000000 11.450000 -0.383857
1500.000000 11.460000 -0.382953
1500.000000 11.470000 -0.382021
1500.000000 11.480000 -0.381061
1500.000000 11.490000 -0.380070
1500.000000 11.500000 -0.379048
1500.000000 11.510000 -0.377994
1500.000000 11.520000 -0.376905
1500.000000 11.530000 -0.375781
1500.000000 11.540000 -0.374619
1500.000000 11.550000 -0.373420
1500.000000 11.560000 -0.372181
1500.000000 11.570000 -0.370900
1500.000000 11.580000 -0.369578
1500.000000 11.590000 -0.368212
1500.000000 11.600000 -0.366800
1500.000000 11.610000 -0.365342
1500.000000 11.620000 -0.363837
1500.000000 11.630000 -0.362282
1500.000000 11.640000 -0.360676
1500.000000 11.650000 -0.359019
1500.000000 11.660000 -0.357308
1500.000000 11.670000 -0.355543
1500.000000 11.680000 -0.353722
1500.000000 11.690000 -0.351843
1500.000000 11.700000 -0.349906
1500.000000 11.710000 -0.347910
1500.000000 11.720000 -0.345852
1500.000000 11.730000 -0.343732
1500.000000 11.740000 -0.341548
1500.000000 11.750000 -0.339299
1500.000000 11.760000 -0.336985
1500.000000 11.770000 -0.334603
1500.000000 11.780000 -0.332153
1500.000000 11.790000 -0.329634
1500.000000 11.800000 -0.327044
1500.000000 11.810000 -0.324382
1500.000000 11.820000 -0.321647
1500.000000 11.830000 -0.318839
1500.000000 11.840000 -0.315956
1500.000000 11.850000 -0.312997
1500.000000 11.860000 -0.309961
1500.000000 11.870000 -0.306847
1500.000000 11.880000 -0.303656
1500.000000 11.890000 -0.300384
1500.000000 11.900000 -0.297033
1500.000000 11.910000 -0.293600
1500.000000 11.920000 -0.290086
1500.000000 11.930000 -0.286489
1500.000000 11.940000 -0.282809
1500.000000 11.950000 -0.279046
1500.000000 11.960000 -0.275198
1500.000000 11.970000 -0.271265
1500.000000 11.980000 -0.267248
1500.000000 11.990000 -0.263144
1500.000000 12.000000 -0.258954
1500.000000 12.010000 -0.254678
1500.000000 12.020000 -0.250315
1500.000000 12.030000 -0.245864
1500.000000 12.040000 -0.241327
1500.000000 12.050000 -0.236702
1500.000000 12.060000 -0.231989
1500.000000 12.070000 -0.227189
1500.000000 12.080000 -0.222301
1500.000000 12.090000 -0.217326
1500.000000 12.100000 -0.212263
1500.000000 12.110000 -0.207114
1500.000000 12.120000 -0.201877
1500.000000 12.130000 -0.196553
1500.000000 12.140000 -0.191143
1500.000000 12.150000 -0.185647
1500.000000 12.160000 -0.180065
1500.000000 12.170000 -0.174398
1500.000000 12.180000 -0.168647
1500.000000 12.190000 -0.162812
1500.000000 12.200000 -0.156894
1500.000000 12.210000 -0.150893
1500.000000 12.220000 -0.144811
1500.000000 12.230000 -0.138648
1500.000000 12.240000 -0.132405
1500.000000 12.250000 -0.126084
1500.000000 12.260000 -0.119685
1500.000000 12.270000 -0.113209
1500.000000 12.280000 -0.106658
1500.000000 12.290000 -0.100032
1500.000000 12.300000 -0.093334
1500.000000 12.310000 -0.086564
1500.000000 12.320000 -0.079725
1500.000000 12.330000 -0.072816
1500.000000 12.340000 -0.065841
1500.000000 12.350000 -0.058800
1500.000000 12.360000 -0.051696
1500.000000 12.370000 -0.044529
1500.000000 12.380000 -0.037303
1500.000000 12.390000 -0.030018
1500.000000 12.400000 -0.022676
1500.000000 12.410000 -0.015280
1500.000000 12.420000 -0.007831
1500.000000 12.430000 -0.000332
1500.000000 12.440000 0.007215
1500.000000 12.450000 0.014808
1500.000000 12.460000 0.022446
1500.000000 12.470000 0.030125
1500.000000 12.480000 0.037843
1500.000000 12.490000 0.045598
1500.000000 12.500000 0.053387
1500.000000 12.510000 0.061208
1500.000000 12.520000 0.069059
1500.000000 12.530000 0.076937
1500.000000 12.540000 0.084838
1500.000000 12.550000 0.092762
1500.000000 12.560000 0.100704
1500.000000 12.570000 0.108662
1500.000000 12.580000 0.116633
1500.000000 12.590000 0.124615
1500.000000 12.600000 0.132604
1500.000000 12.610000 0.140598
1500.000000 12.620000 0.148594
1500.000000 12.630000 0.156589
1500.000000 12.640000 0.164579
1500.000000 12.650000 0.172562
1500.000000 12.660000 0.180535
1500.000000 12.670000 0.188495
1500.000000 12.680000 0.196438
1500.000000 12.690000 0.204361
1500.000000 12.700000 0.212262
1500.000000 12.710000 0.220137
1500.000000 12.720000 0.227983
1500.000000 12.730000 0.235797
1500.000000 12.740000 0.243575
1500.000000 12.750000 0.251315
1500.000000 12.760000 0.259013
1500.000000 12.770000 0.266666
1500.000000 12.780000 0.274271
1500.000000 12.790000 0.281825
1500.000000 12.800000 0.289323
1500.000000 12.810000 0.296764
1500.000000 12.820000 0.304144
1500.000000 12.830000 0.311460
1500.000000 12.840000 0.318708
1500.000000 12.850000 0.325885
1500.000000 12.860000 0.332989
1500.000000 12.870000 0.340015
1500.000000 12.880000 0.346962
1500.000000 12.890000 0.353825
1500.000000 12.900000 0.360602
1500.000000 12.910000 0.367289
1500.000000 12.920000 0.373884
1500.000000 12.930000 0.380384
1500.000000 12.940000 0.386785
1500.000000 12.950000 0.393084
1500.000000 12.960000 0.399279
1500.000000 12.970000 0.405367
1500.000000 12.980000 0.411345
1500.000000 12.990000 0.417210
1500.000000 13.000000 0.422959
1500.000000 13.010000 0.428590
1500.000000 13.020000 0.434099
1500.000000 13.030000 0.439485
1500.000000 13.040000 0.444744
1500.000000 13.050000 0.449875
1500.000000 13.060000 0.454874
1500.000000 13.070000 0.459740
1500.000000 13.080000 0.464469
1500.000000 13.090000 0.469060
1500.000000 13.100000 0.473510
1500.000000 13.110000 0.477818
1500.000000 13.120000 0.481980
1500.000000 13.130000 0.485995
1500.000000 13.140000 0.489861
1500.000000 13.150000 0.493577
1500.000000 13.160000 0.497139
1500.000000 13.170000 0.500547
1500.000000 13.180000 0.503798
1500.000000 13.190000 0.506891
1500.000000 13.200000 0.509825
1500.000000 13.210000 0.512597
1500.000000 13.220000 0.515207
1500.000000 13.230000 0.517654
1500.000000 13.240000 0.519935
1500.000000 13.250000 0.522050
1500.000000 13.260000 0.523997
1500.000000 13.270000 0.525777
1500.000000 13.280000 0.527387
1500.000000 13.290000 0.528826
1500.000000 13.300000 0.530095
1500.000000 13.310000 0.531192
1500.000000 13.320000 0.532117
1500.000000 13.330000 0.532869
1500.000000 13.340000 0.533448
1500.000000 13.350000 0.533854
1500.000000 13.360000 0.534086
1500.000000 13.370000 0.534143
1500.000000 13.380000 0.534027
1500.000000 13.390000 0.533737
1500.000000 13.400000 0.533273
1500.000000 13.410000 0.532635
1500.000000 13.420000 0.531824
1500.000000 13.430000 0.530839
1500.000000 13.440000 0.529682
1500.000000 13.450000 0.528353
1500.000000 13.460000 0.526852
1500.000000 13.470000 0.525181
1500.000000 13.480000 0.523340
1500.000000 13.490000 0.521329
1500.000000 13.500000 0.519150
1500.000000 13.510000 0.516805
1500.000000 13.520000 0.514293
1500.000000 13.530000 0.511616
1500.000000 13.540000 0.508777
1500.000000 13.550000 0.505775
1500.000000 13.560000 0.502612
1500.000000 13.570000 0.499290
1500.000000 13.580000 0.495811
1500.000000 13.590000 0.492176
1500.000000 13.600000 0.488388
1500.000000 13.610000 0.484447
1500.000000 13.620000 0.480356
1500.000000 13.630000 0.476117
1500.000000 13.640000 0.471731
1500.000000 13.650000 0.467202
1500.000000 13.660000 0.462531
1500.000000 13.670000 0.457720
1500.000000 13.680000 0.452773
1500.000000 13.690000 0.447690
1500.000000 13.700000 0.442476
1500.000000 13.710000 0.437132
1500.000000 13.720000 0.431660
1500.000000 13.730000 0.426065
1500.000000 13.740000 0.420347
1500.000000 13.750000 0.414511
1500.000000 13.760000 0.408559
1500.000000 13.770000 0.402493
1500.000000 13.780000 0.396317
1500.000000 13.790000 0.390034
1500.000000 13.800000 0.383646
1500.000000 13.810000 0.377158
1500.000000 13.820000 0.370571
1500.000000 13.830000 0.363889
1500.000000 13.840000 0.357116
1500.000000 13.850000 0.350253
1500.000000 13.860000 0.343306
1500.000000 13.870000 0.336277
1500.000000 13.880000 0.329169
1500.000000 13.890000 0.321985
1500.000000 13.900000 0.314730
1500.000000 13.910000 0.307406
1500.000000 13.920000 0.300017
1500.000000 13.930000 0.292566
1500.000000 13.940000 0.285057
1500.000000 13.950000 0.277493
1500.000000 13.960000 0.269878
1500.000000 13.970000 0.262215
1500.000000 13.980000 0.254508
1500.000000 13.990000 0.246760
1500.000000 14.000000 0.238974
1500.000000 14.010000 0.231155
1500.000000 14.020000 0.223306
1500.000000 14.030000 0.215430
1500.000000 14.040000 0.207531
1500.000000 14.050000 0.199613
1500.000000 14.060000 0.191678
1500.000000 14.070000 0.183730
1500.000000 14.080000 0.175773
1500.000000 14.090000 0.167811
1500.000000 14.100000 0.159846
1500.000000 14.110000 0.151882
1500.000000 14.120000 0.143923
1500.000000 14.130000 0.135972
1500.000000 14.140000 0.128032
1500.000000 14.150000 0.120106
1500.000000 14.160000 0.112199
1500.000000 14.170000 0.104313
1500.000000 14.180000 0.096451
1500.000000 14.190000 0.088617
1500.000000 14.200000 0.080813
1500.000000 14.210000 0.073044
1500.000000 14.220000 0.065312
1500.000000 14.230000 0.057620
1500.000000 14.240000 0.049971
1500.000000 14.250000 0.042368
1500.000000 14.260000 0.034815
1500.000000 14.270000 0.027313
1500.000000 14.280000 0.019867
1500.000000 14.290000 0.012478
1500.000000 14.300000 0.005149
1500.000000 14.310000 -0.002117
1500.000000 14.320000 -0.009317
1500.000000 14.330000 -0.016448
1500.000000 14.340000 -0.023509
1500.000000 14.350000 -0.030496
1500.000000 14.360000 -0.037408
1500.000000 14.370000 -0.044242
1500.000000 14.380000 -0.050995
1500.000000 14.390000 -0.057666
1500.000000 14.400000 -0.064252
1500.000000 14.410000 -0.070751
1500.000000 14.420000 -0.077161
1500.000000 14.430000 -0.083481
1500.000000 14.440000 -0.089707
1500.000000 14.450000 -0.095839
1500.000000 14.460000 -0.101874
1500.000000 14.470000 -0.107811
1500.000000 14.480000 -0.113649
1500.000000 14.490000 -0.119384
1500.000000 14.500000 -0.125017
1500.000000 14.510000 -0.130546
1500.000000 14.520000 -0.135969
1500.000000 14.530000 -0.141284
1500.000000 14.540000 -0.146491
1500.000000 14.550000 -0.151589
1500.000000 14.560000 -0.156576
1500.000000 14.570000 -0.161452
1500.000000 14.580000 -0.166215
1500.000000 14.590000 -0.170864
1500.000000 14.600000 -0.175399
1500.000000 14.610000 -0.179819
1500.000000 14.620000 -0.184123
1500.000000 14.630000 -0.188311
1500.000000 14.640000 -0.192381
1500.000000 14.650000 -0.196335
1500.000000 14.660000 -0.200170
1500.000000 14.670000 -0.203887
1500.000000 14.680000 -0.207486
1500.000000 14.690000 -0.210966
1500.000000 14.700000 -0.214328
1500.000000 14.710000 -0.217570
1500.000000 14.720000 -0.220693
1500.000000 14.730000 -0.223698
1500.000000 14.740000 -0.226584
1500.000000 14.750000 -0.229351
1500.000000 14.760000 -0.232000
1500.000000 14.770000 -0.234531
1500.000000 14.780000 -0.236944
1500.000000 14.790000 -0.239240
1500.000000 14.800000 -0.241419
1500.000000 14.810000 -0.243482
1500.000000 14.820000 -0.245429
1500.000000 14.830000 -0.247262
1500.000000 14.840000 -0.248980
1500.000000 14.850000 -0.250584
1500.000000 14.860000 -0.252076
1500.000000 14.870000 -0.253457
1500.000000 14.880000 -0.254726
1500.000000 14.890000 -0.255885
1500.000000 14.900000 -0.256936
1500.000000 14.910000 -0.257878
1500.000000 14.920000 -0.258714
1500.000000 14.930000 -0.259445
1500.000000 14.940000 -0.260071
1500.000000 14.950000 -0.260594
1500.000000 14.960000 -0.261016
1500.000000 14.970000 -0.261336
1500.000000 14.980000 -0.261558
1500.000000 14.990000 -0.261682
1500.000000 15.000000 -0.261710
