1500.000000 -10.000000 0.000062
1500.000000 -9.990000 0.000063
1500.000000 -9.980000 0.000063
1500.000000 -9.970000 0.000063
1500.000000 -9.960000 0.000063
1500.000000 -9.950000 0.000062
1500.000000 -9.940000 0.000062
1500.000000 -9.930000 0.000061
1500.000000 -9.920000 0.000060
1500.000000 -9.910000 0.000059
1500.000000 -9.900000 0.000057
1500.000000 -9.890000 0.000055
1500.000000 -9.880000 0.000053
1500.000000 -9.870000 0.000051
1500.000000 -9.860000 0.000048
1500.000000 -9.850000 0.000045
1500.000000 -9.840000 0.000042
1500.000000 -9.830000 0.000038
1500.000000 -9.820000 0.000034
1500.000000 -9.810000 0.000030
1500.000000 -9.800000 0.000025
1500.000000 -9.790000 0.000020
1500.000000 -9.780000 0.000014
1500.000000 -9.770000 0.000008
1500.000000 -9.760000 0.000002
1500.000000 -9.750000 -0.000005
1500.000000 -9.740000 -0.000012
1500.000000 -9.730000 -0.000020
1500.000000 -9.720000 -0.000028
1500.000000 -9.710000 -0.000037
1500.000000 -9.700000 -0.000046
1500.000000 -9.690000 -0.000056
1500.000000 -9.680000 -0.000066
1500.000000 -9.670000 -0.000076
1500.000000 -9.660000 -0.000088
1500.000000 -9.650000 -0.000099
1500.000000 -9.640000 -0.000111
1500.000000 -9.630000 -0.000124
1500.000000 -9.620000 -0.000137
1500.000000 -9.610000 -0.000151
1500.000000 -9.600000 -0.000165
1500.000000 -9.590000 -0.000180
1500.000000 -9.580000 -0.000195
1500.000000 -9.570000 -0.000211
1500.000000 -9.560000 -0.000227
1500.000000 -9.550000 -0.000244
1500.000000 -9.540000 -0.000262
1500.000000 -9.530000 -0.000280
1500.000000 -9.520000 -0.000298
1500.000000 -9.510000 -0.000317
1500.000000 -9.500000 -0.000337
1500.000000 -9.490000 -0.000357
1500.000000 -9.480000 -0.000377
1500.000000 -9.470000 -0.000398
1500.000000 -9.460000 -0.000420
1500.000000 -9.450000 -0.000442
1500.000000 -9.440000 -0.000464
1500.000000 -9.430000 -0.000487
1500.000000 -9.420000 -0.000510
1500.000000 -9.410000 -0.000534
1500.000000 -9.400000 -0.000558
1500.000000 -9.390000 -0.000582
1500.000000 -9.380000 -0.000607
1500.000000 -9.370000 -0.000632
1500.000000 -9.360000 -0.000658
1500.000000 -9.350000 -0.000683
1500.000000 -9.340000 -0.000709
1500.000000 -9.330000 -0.000735
1500.000000 -9.320000 -0.000762
1500.000000 -9.310000 -0.000789
1500.000000 -9.300000 -0.000815
1500.000000 -9.290000 -0.000842
1500.000000 -9.280000 -0.000869
1500.000000 -9.270000 -0.000896
1500.000000 -9.260000 -0.000924
1500.000000 -9.250000 -0.000951
1500.000000 -9.240000 -0.000978
1500.000000 -9.230000 -0.001005
1500.000000 -9.220000 -0.001032
1500.000000 -9.210000 -0.001059
1500.000000 -9.200000 -0.001086
1500.000000 -9.190000 -0.001112
1500.000000 -9.180000 -0.001139
1500.000000 -9.170000 -0.001165
1500.000000 -9.160000 -0.001191
1500.000000 -9.150000 -0.001216
1500.000000 -9.140000 -0.001241
1500.000000 -9.130000 -0.001265
1500.000000 -9.120000 -0.001289
1500.000000 -9.110000 -0.001313
1500.000000 -9.100000 -0.001336
1500.000000 -9.090000 -0.001358
1500.000000 -9.080000 -0.001380
1500.000000 -9.070000 -0.001401
1500.000000 -9.060000 -0.001421
1500.000000 -9.050000 -0.001441
1500.000000 -9.040000 -0.001459
1500.000000 -9.030000 -0.001477
1500.000000 -9.020000 -0.001494
1500.000000 -9.010000 -0.001510
1500.000000 -9.000000 -0.001525
1500.000000 -8.990000 -0.001538
1500.000000 -8.980000 -0.001551
1500.000000 -8.970000 -0.001562
1500.000000 -8.960000 -0.001573
1500.000000 -8.950000 -0.001581
1500.000000 -8.940000 -0.001589
1500.000000 -8.930000 -0.001595
1500.000000 -8.920000 -0.001600
1500.000000 -8.910000 -0.001603
1500.000000 -8.900000 -0.001605
1500.000000 -8.890000 -0.001605
1500.000000 -8.880000 -0.001603
1500.000000 -8.870000 -0.001600
1500.000000 -8.860000 -0.001594
1500.000000 -8.850000 -0.001587
1500.000000 -8.840000 -0.001578
1500.000000 -8.830000 -0.001568
1500.000000 -8.820000 -0.001555
1500.000000 -8.810000 -0.001540
1500.000000 -8.800000 -0.001522
1500.000000 -8.790000 -0.001503
1500.000000 -8.780000 -0.001481
1500.000000 -8.770000 -0.001457
1500.000000 -8.760000 -0.001430
1500.000000 -8.750000 -0.001401
1500.000000 -8.740000 -0.001369
1500.000000 -8.730000 -0.001334
1500.000000 -8.720000 -0.001297
1500.000000 -8.710000 -0.001257
1500.000000 -8.700000 -0.001213
1500.000000 -8.690000 -0.001167
1500.000000 -8.680000 -0.001118
1500.000000 -8.670000 -0.001065
1500.000000 -8.660000 -0.001009
1500.000000 -8.650000 -0.000949
1500.000000 -8.640000 -0.000886
1500.000000 -8.630000 -0.000819
1500.000000 -8.620000 -0.000748
1500.000000 -8.610000 -0.000673
1500.000000 -8.600000 -0.000594
1500.000000 -8.590000 -0.000511
1500.000000 -8.580000 -0.000424
1500.000000 -8.570000 -0.000331
1500.000000 -8.560000 -0.000235
1500.000000 -8.550000 -0.000133
1500.000000 -8.540000 -0.000026
1500.000000 -8.530000 0.000085
1500.000000 -8.520000 0.000203
1500.000000 -8.510000 0.000326
1500.000000 -8.500000 0.000454
1500.000000 -8.490000 0.000589
1500.000000 -8.480000 0.000729
1500.000000 -8.470000 0.000876
1500.000000 -8.460000 0.001030
1500.000000 -8.450000 0.001190
1500.000000 -8.440000 0.001358
1500.000000 -8.430000 0.001533
1500.000000 -8.420000 0.001715
1500.000000 -8.410000 0.001906
1500.000000 -8.400000 0.002104
1500.000000 -8.390000 0.002311
1500.000000 -8.380000 0.002527
1500.000000 -8.370000 0.002751
1500.000000 -8.360000 0.002985
1500.000000 -8.350000 0.003228
1500.000000 -8.340000 0.003482
1500.000000 -8.330000 0.003745
1500.000000 -8.320000 0.004020
1500.000000 -8.310000 0.004305
1500.000000 -8.300000 0.004602
1500.000000 -8.290000 0.004910
1500.000000 -8.280000 0.005231
1500.000000 -8.270000 0.005564
1500.000000 -8.260000 0.005910
1500.000000 -8.250000 0.006269
1500.000000 -8.240000 0.006642
1500.000000 -8.230000 0.007029
1500.000000 -8.220000 0.007431
1500.000000 -8.210000 0.007848
1500.000000 -8.200000 0.008280
1500.000000 -8.190000 0.008728
1500.000000 -8.180000 0.009193
1500.000000 -8.170000 0.009675
1500.000000 -8.160000 0.010174
1500.000000 -8.150000 0.010692
1500.000000 -8.140000 0.011227
1500.000000 -8.130000 0.011782
1500.000000 -8.120000 0.012356
1500.000000 -8.110000 0.012950
1500.000000 -8.100000 0.013565
1500.000000 -8.090000 0.014200
1500.000000 -8.080000 0.014858
1500.000000 -8.070000 0.015537
1500.000000 -8.060000 0.016239
1500.000000 -8.050000 0.016965
1500.000000 -8.040000 0.017714
1500.000000 -8.030000 0.018487
1500.000000 -8.020000 0.019286
1500.000000 -8.010000 0.020110
1500.000000 -8.000000 0.020960
1500.000000 -7.990000 0.021837
1500.000000 -7.980000 0.022740
1500.000000 -7.970000 0.023672
1500.000000 -7.960000 0.024632
1500.000000 -7.950000 0.025620
1500.000000 -7.940000 0.026638
1500.000000 -7.930000 0.027686
1500.000000 -7.920000 0.028765
1500.000000 -7.910000 0.029874
1500.000000 -7.900000 0.031015
1500.000000 -7.890000 0.032188
1500.000000 -7.880000 0.033394
1500.000000 -7.870000 0.034633
1500.000000 -7.860000 0.035905
1500.000000 -7.850000 0.037211
1500.000000 -7.840000 0.038552
1500.000000 -7.830000 0.039928
1500.000000 -7.820000 0.041339
1500.000000 -7.810000 0.042786
1500.000000 -7.800000 0.044269
1500.000000 -7.790000 0.045789
1500.000000 -7.780000 0.047346
1500.000000 -7.770000 0.048941
1500.000000 -7.760000 0.050573
1500.000000 -7.750000 0.052243
1500.000000 -7.740000 0.053952
1500.000000 -7.730000 0.055699
1500.000000 -7.720000 0.057485
1500.000000 -7.710000 0.059310
1500.000000 -7.700000 0.061175
1500.000000 -7.690000 0.063079
1500.000000 -7.680000 0.065023
1500.000000 -7.670000 0.067006
1500.000000 -7.660000 0.069030
1500.000000 -7.650000 0.071093
1500.000000 -7.640000 0.073197
1500.000000 -7.630000 0.075341
1500.000000 -7.620000 0.077524
1500.000000 -7.610000 0.079748
1500.000000 -7.600000 0.082011
1500.000000 -7.590000 0.084314
1500.000000 -7.580000 0.086657
1500.000000 -7.570000 0.089040
1500.000000 -7.560000 0.091461
1500.000000 -7.550000 0.093922
1500.000000 -7.540000 0.096421
1500.000000 -7.530000 0.098958
1500.000000 -7.520000 0.101534
1500.000000 -7.510000 0.104147
1500.000000 -7.500000 0.106797
1500.000000 -7.490000 0.109484
1500.000000 -7.480000 0.112207
1500.000000 -7.470000 0.114965
1500.000000 -7.460000 0.117758
1500.000000 -7.450000 0.120586
1500.000000 -7.440000 0.123447
1500.000000 -7.430000 0.126342
1500.000000 -7.420000 0.129268
1500.000000 -7.410000 0.132226
1500.000000 -7.400000 0.135214
1500.000000 -7.390000 0.138232
1500.000000 -7.380000 0.141278
1500.000000 -7.370000 0.144353
1500.000000 -7.360000 0.147454
1500.000000 -7.350000 0.150580
1500.000000 -7.340000 0.153732
1500.000000 -7.330000 0.156906
1500.000000 -7.320000 0.160103
1500.000000 -7.310000 0.163322
1500.000000 -7.300000 0.166560
1500.000000 -7.290000 0.169816
1500.000000 -7.280000 0.173090
1500.000000 -7.270000 0.176380
1500.000000 -7.260000 0.179684
1500.000000 -7.250000 0.183002
1500.000000 -7.240000 0.186331
1500.000000 -7.230000 0.189670
1500.000000 -7.220000 0.193018
1500.000000 -7.210000 0.196373
1500.000000 -7.200000 0.199733
1500.000000 -7.190000 0.203098
1500.000000 -7.180000 0.206464
1500.000000 -7.170000 0.209831
1500.000000 -7.160000 0.213197
1500.000000 -7.150000 0.216560
1500.000000 -7.140000 0.219919
1500.000000 -7.130000 0.223271
1500.000000 -7.120000 0.226615
1500.000000 -7.110000 0.229949
1500.000000 -7.100000 0.233271
1500.000000 -7.090000 0.236580
1500.000000 -7.080000 0.239872
1500.000000 -7.070000 0.243148
1500.000000 -7.060000 0.246404
1500.000000 -7.050000 0.249639
1500.000000 -7.040000 0.252850
1500.000000 -7.030000 0.256036
1500.000000 -7.020000 0.259196
1500.000000 -7.010000 0.262326
1500.000000 -7.000000 0.265425
1500.000000 -6.990000 0.268491
1500.000000 -6.980000 0.271523
1500.000000 -6.970000 0.274517
1500.000000 -6.960000 0.277473
1500.000000 -6.950000 0.280388
1500.000000 -6.940000 0.283260
1500.000000 -6.930000 0.286087
1500.000000 -6.920000 0.288868
1500.000000 -6.910000 0.291600
1500.000000 -6.900000 0.294282
1500.000000 -6.890000 0.296911
1500.000000 -6.880000 0.299486
1500.000000 -6.870000 0.302005
1500.000000 -6.860000 0.304465
1500.000000 -6.850000 0.306866
1500.000000 -6.840000 0.309206
1500.000000 -6.830000 0.311482
1500.000000 -6.820000 0.313692
1500.000000 -6.810000 0.315836
1500.000000 -6.800000 0.317911
1500.000000 -6.790000 0.319916
1500.000000 -6.780000 0.321848
1500.000000 -6.770000 0.323707
1500.000000 -6.760000 0.325491
1500.000000 -6.750000 0.327198
1500.000000 -6.740000 0.328827
1500.000000 -6.730000 0.330376
1500.000000 -6.720000 0.331850
1500.000000 -6.710000 0.333253
1500.000000 -6.700000 0.334584
1500.000000 -6.690000 0.335841
1500.000000 -6.680000 0.337024
1500.000000 -6.670000 0.338132
1500.000000 -6.660000 0.339163
1500.000000 -6.650000 0.340117
1500.000000 -6.640000 0.340991
1500.000000 -6.630000 0.341786
1500.000000 -6.620000 0.342500
1500.000000 -6.610000 0.343133
1500.000000 -6.600000 0.343683
1500.000000 -6.590000 0.344149
1500.000000 -6.580000 0.344532
1500.000000 -6.570000 0.344829
1500.000000 -6.560000 0.345040
1500.000000 -6.550000 0.345165
1500.000000 -6.540000 0.345203
1500.000000 -6.530000 0.345152
1500.000000 -6.520000 0.345014
1500.000000 -6.510000 0.344786
1500.000000 -6.500000 0.344468
1500.000000 -6.490000 0.344061
1500.000000 -6.480000 0.343563
1500.000000 -6.470000 0.342974
1500.000000 -6.460000 0.342293
1500.000000 -6.450000 0.341521
1500.000000 -6.440000 0.340657
1500.000000 -6.430000 0.339701
1500.000000 -6.420000 0.338653
1500.000000 -6.410000 0.337512
1500.000000 -6.400000 0.336278
1500.000000 -6.390000 0.334952
1500.000000 -6.380000 0.333533
1500.000000 -6.370000 0.332021
1500.000000 -6.360000 0.330416
1500.000000 -6.350000 0.328719
1500.000000 -6.340000 0.326930
1500.000000 -6.330000 0.325048
1500.000000 -6.320000 0.323074
1500.000000 -6.310000 0.321009
1500.000000 -6.300000 0.318852
1500.000000 -6.290000 0.316604
1500.000000 -6.280000 0.314266
1500.000000 -6.270000 0.311837
1500.000000 -6.260000 0.309319
1500.000000 -6.250000 0.306712
1500.000000 -6.240000 0.304015
1500.000000 -6.230000 0.301231
1500.000000 -6.220000 0.298360
1500.000000 -6.210000 0.295402
1500.000000 -6.200000 0.292358
1500.000000 -6.190000 0.289229
1500.000000 -6.180000 0.286016
1500.000000 -6.170000 0.282719
1500.000000 -6.160000 0.279340
1500.000000 -6.150000 0.275880
1500.000000 -6.140000 0.272338
1500.000000 -6.130000 0.268718
1500.000000 -6.120000 0.265018
1500.000000 -6.110000 0.261242
1500.000000 -6.100000 0.257389
1500.000000 -6.090000 0.253460
1500.000000 -6.080000 0.249458
1500.000000 -6.070000 0.245384
1500.000000 -6.060000 0.241237
1500.000000 -6.050000 0.237021
1500.000000 -6.040000 0.232736
1500.000000 -6.030000 0.228384
1500.000000 -6.020000 0.223965
1500.000000 -6.010000 0.219482
1500.000000 -6.000000 0.214936
1500.000000 -5.990000 0.210329
1500.000000 -5.980000 0.205661
1500.000000 -5.970000 0.200934
1500.000000 -5.960000 0.196151
1500.000000 -5.950000 0.191313
1500.000000 -5.940000 0.186420
1500.000000 -5.930000 0.181476
1500.000000 -5.920000 0.176481
1500.000000 -5.910000 0.171438
1500.000000 -5.900000 0.166347
1500.000000 -5.890000 0.161211
1500.000000 -5.880000 0.156032
1500.000000 -5.870000 0.150812
1500.000000 -5.860000 0.145551
1500.000000 -5.850000 0.140253
1500.000000 -5.840000 0.134918
1500.000000 -5.830000 0.129549
1500.000000 -5.820000 0.124147
1500.000000 -5.810000 0.118715
1500.000000 -5.800000 0.113254
1500.000000 -5.790000 0.107767
1500.000000 -5.780000 0.102255
1500.000000 -5.770000 0.096719
1500.000000 -5.760000 0.091163
1500.000000 -5.750000 0.085588
1500.000000 -5.740000 0.079996
1500.000000 -5.730000 0.074389
1500.000000 -5.720000 0.068769
1500.000000 -5.710000 0.063138
1500.000000 -5.700000 0.057497
1500.000000 -5.690000 0.051850
1500.000000 -5.680000 0.046197
1500.000000 -5.670000 0.040542
1500.000000 -5.660000 0.034885
1500.000000 -5.650000 0.029229
1500.000000 -5.640000 0.023576
1500.000000 -5.630000 0.017927
1500.000000 -5.620000 0.012286
1500.000000 -5.610000 0.006653
1500.000000 -5.600000 0.001031
1500.000000 -5.590000 -0.004579
1500.000000 -5.580000 -0.010174
1500.000000 -5.570000 -0.015752
1500.000000 -5.560000 -0.021312
1500.000000 -5.550000 -0.026851
1500.000000 -5.540000 -0.032368
1500.000000 -5.530000 -0.037861
1500.000000 -5.520000 -0.043328
1500.000000 -5.510000 -0.048767
1500.000000 -5.500000 -0.054176
1500.000000 -5.490000 -0.059554
1500.000000 -5.480000 -0.064898
1500.000000 -5.470000 -0.070207
1500.000000 -5.460000 -0.075479
1500.000000 -5.450000 -0.080713
1500.000000 -5.440000 -0.085906
1500.000000 -5.430000 -0.091057
1500.000000 -5.420000 -0.096164
1500.000000 -5.410000 -0.101226
1500.000000 -5.400000 -0.106240
1500.000000 -5.390000 -0.111207
1500.000000 -5.380000 -0.116122
1500.000000 -5.370000 -0.120987
1500.000000 -5.360000 -0.125797
1500.000000 -5.350000 -0.130554
1500.000000 -5.340000 -0.135254
1500.000000 -5.330000 -0.139896
1500.000000 -5.320000 -0.144479
1500.000000 -5.310000 -0.149002
1500.000000 -5.300000 -0.153464
1500.000000 -5.290000 -0.157862
1500.000000 -5.280000 -0.162197
1500.000000 -5.270000 -0.166466
1500.000000 -5.260000 -0.170668
1500.000000 -5.250000 -0.174803
1500.000000 -5.240000 -0.178869
1500.000000 -5.230000 -0.182866
1500.000000 -5.220000 -0.186791
1500.000000 -5.210000 -0.190645
1500.000000 -5.200000 -0.194426
1500.000000 -5.190000 -0.198133
1500.000000 -5.180000 -0.201766
1500.000000 -5.170000 -0.205323
1500.000000 -5.160000 -0.208805
1500.000000 -5.150000 -0.212209
1500.000000 -5.140000 -0.215537
1500.000000 -5.130000 -0.218786
1500.000000 -5.120000 -0.221956
1500.000000 -5.110000 -0.225047
1500.000000 -5.100000 -0.228058
1500.000000 -5.090000 -0.230989
1500.000000 -5.080000 -0.233839
1500.000000 -5.070000 -0.236608
1500.000000 -5.060000 -0.239296
1500.000000 -5.050000 -0.241902
1500.000000 -5.040000 -0.244426
1500.000000 -5.030000 -0.246868
1500.000000 -5.020000 -0.249228
1500.000000 -5.010000 -0.251505
1500.000000 -5.000000 -0.253700
1500.000000 -4.990000 -0.255812
1500.000000 -4.980000 -0.257842
1500.000000 -4.970000 -0.259790
1500.000000 -4.960000 -0.261655
1500.000000 -4.950000 -0.263437
1500.000000 -4.940000 -0.265138
1500.000000 -4.930000 -0.266757
1500.000000 -4.920000 -0.268295
1500.000000 -4.910000 -0.269751
1500.000000 -4.900000 -0.271127
1500.000000 -4.890000 -0.272422
1500.000000 -4.880000 -0.273637
1500.000000 -4.870000 -0.274773
1500.000000 -4.860000 -0.275830
1500.000000 -4.850000 -0.276808
1500.000000 -4.840000 -0.277708
1500.000000 -4.830000 -0.278531
1500.000000 -4.820000 -0.279278
1500.000000 -4.810000 -0.279948
1500.000000 -4.800000 -0.280544
1500.000000 -4.790000 -0.281065
1500.000000 -4.780000 -0.281513
1500.000000 -4.770000 -0.281888
1500.000000 -4.760000 -0.282191
1500.000000 -4.750000 -0.282423
1500.000000 -4.740000 -0.282585
1500.000000 -4.730000 -0.282677
1500.000000 -4.720000 -0.282702
1500.000000 -4.710000 -0.282660
1500.000000 -4.700000 -0.282551
1500.000000 -4.690000 -0.282378
1500.000000 -4.680000 -0.282140
1500.000000 -4.670000 -0.281840
1500.000000 -4.660000 -0.281478
1500.000000 -4.650000 -0.281055
1500.000000 -4.640000 -0.280573
1500.000000 -4.630000 -0.280033
1500.000000 -4.620000 -0.279435
1500.000000 -4.610000 -0.278782
1500.000000 -4.600000 -0.278074
1500.000000 -4.590000 -0.277313
1500.000000 -4.580000 -0.276500
1500.000000 -4.570000 -0.275635
1500.000000 -4.560000 -0.274722
1500.000000 -4.550000 -0.273760
1500.000000 -4.540000 -0.272750
1500.000000 -4.530000 -0.271696
1500.000000 -4.520000 -0.270596
1500.000000 -4.510000 -0.269454
1500.000000 -4.500000 -0.268270
1500.000000 -4.490000 -0.267045
1500.000000 -4.480000 -0.265781
1500.000000 -4.470000 -0.264480
1500.000000 -4.460000 -0.263141
1500.000000 -4.450000 -0.261768
1500.000000 -4.440000 -0.260360
1500.000000 -4.430000 -0.258920
1500.000000 -4.420000 -0.257448
1500.000000 -4.410000 -0.255946
1500.000000 -4.400000 -0.254416
1500.000000 -4.390000 -0.252857
1500.000000 -4.380000 -0.251273
1500.000000 -4.370000 -0.249663
1500.000000 -4.360000 -0.248029
1500.000000 -4.350000 -0.246373
1500.000000 -4.340000 -0.244695
1500.000000 -4.330000 -0.242997
1500.000000 -4.320000 -0.241280
1500.000000 -4.310000 -0.239544
1500.000000 -4.300000 -0.237792
1500.000000 -4.290000 -0.236024
1500.000000 -4.280000 -0.234241
1500.000000 -4.270000 -0.232445
1500.000000 -4.260000 -0.230636
1500.000000 -4.250000 -0.228816
1500.000000 -4.240000 -0.226985
1500.000000 -4.230000 -0.225144
1500.000000 -4.220000 -0.223295
1500.000000 -4.210000 -0.221438
1500.000000 -4.200000 -0.219575
1500.000000 -4.190000 -0.217705
1500.000000 -4.180000 -0.215830
1500.000000 -4.170000 -0.213952
1500.000000 -4.160000 -0.212069
1500.000000 -4.150000 -0.210184
1500.000000 -4.140000 -0.208297
1500.000000 -4.130000 -0.206409
1500.000000 -4.120000 -0.204520
1500.000000 -4.110000 -0.202632
1500.000000 -4.100000 -0.200744
1500.000000 -4.090000 -0.198858
1500.000000 -4.080000 -0.196973
1500.000000 -4.070000 -0.195091
1500.000000 -4.060000 -0.193212
1500.000000 -4.050000 -0.191336
1500.000000 -4.040000 -0.189465
1500.000000 -4.030000 -0.187598
1500.000000 -4.020000 -0.185735
1500.000000 -4.010000 -0.183878
1500.000000 -4.000000 -0.182027
1500.000000 -3.990000 -0.180181
1500.000000 -3.980000 -0.178341
1500.000000 -3.970000 -0.176508
1500.000000 -3.960000 -0.174681
1500.000000 -3.950000 -0.172862
1500.000000 -3.940000 -0.171049
1500.000000 -3.930000 -0.169244
1500.000000 -3.920000 -0.167446
1500.000000 -3.910000 -0.165656
1500.000000 -3.900000 -0.163873
1500.000000 -3.890000 -0.162099
1500.000000 -3.880000 -0.160331
1500.000000 -3.870000 -0.158572
1500.000000 -3.860000 -0.156821
1500.000000 -3.850000 -0.155077
1500.000000 -3.840000 -0.153341
1500.000000 -3.830000 -0.151613
1500.000000 -3.820000 -0.149892
1500.000000 -3.810000 -0.148180
1500.000000 -3.800000 -0.146474
1500.000000 -3.790000 -0.144776
1500.000000 -3.780000 -0.143086
1500.000000 -3.770000 -0.141403
1500.000000 -3.760000 -0.139726
1500.000000 -3.750000 -0.138057
1500.000000 -3.740000 -0.136394
1500.000000 -3.730000 -0.134737
1500.000000 -3.720000 -0.133087
1500.000000 -3.710000 -0.131444
1500.000000 -3.700000 -0.129806
1500.000000 -3.690000 -0.128173
1500.000000 -3.680000 -0.126547
1500.000000 -3.670000 -0.124925
1500.000000 -3.660000 -0.123308
1500.000000 -3.650000 -0.121697
1500.000000 -3.640000 -0.120089
1500.000000 -3.630000 -0.118487
1500.000000 -3.620000 -0.116888
1500.000000 -3.610000 -0.115293
1500.000000 -3.600000 -0.113701
1500.000000 -3.590000 -0.112113
1500.000000 -3.580000 -0.110528
1500.000000 -3.570000 -0.108946
1500.000000 -3.560000 -0.107367
1500.000000 -3.550000 -0.105790
1500.000000 -3.540000 -0.104215
1500.000000 -3.530000 -0.102642
1500.000000 -3.520000 -0.101071
1500.000000 -3.510000 -0.099502
1500.000000 -3.500000 -0.097934
1500.000000 -3.490000 -0.096367
1500.000000 -3.480000 -0.094801
1500.000000 -3.470000 -0.093235
1500.000000 -3.460000 -0.091671
1500.000000 -3.450000 -0.090107
1500.000000 -3.440000 -0.088543
1500.000000 -3.430000 -0.086979
1500.000000 -3.420000 -0.085415
1500.000000 -3.410000 -0.083851
1500.000000 -3.400000 -0.082287
1500.000000 -3.390000 -0.080722
1500.000000 -3.380000 -0.079157
1500.000000 -3.370000 -0.077592
1500.000000 -3.360000 -0.076025
1500.000000 -3.350000 -0.074458
1500.000000 -3.340000 -0.072891
1500.000000 -3.330000 -0.071322
1500.000000 -3.320000 -0.069752
1500.000000 -3.310000 -0.068182
1500.000000 -3.300000 -0.066611
1500.000000 -3.290000 -0.065038
1500.000000 -3.280000 -0.063465
1500.000000 -3.270000 -0.061890
1500.000000 -3.260000 -0.060315
1500.000000 -3.250000 -0.058738
1500.000000 -3.240000 -0.057161
1500.000000 -3.230000 -0.055583
1500.000000 -3.220000 -0.054003
1500.000000 -3.210000 -0.052423
1500.000000 -3.200000 -0.050841
1500.000000 -3.190000 -0.049259
1500.000000 -3.180000 -0.047676
1500.000000 -3.170000 -0.046092
1500.000000 -3.160000 -0.044508
1500.000000 -3.150000 -0.042922
1500.000000 -3.140000 -0.041336
1500.000000 -3.130000 -0.039749
1500.000000 -3.120000 -0.038162
1500.000000 -3.110000 -0.036574
1500.000000 -3.100000 -0.034985
1500.000000 -3.090000 -0.033395
1500.000000 -3.080000 -0.031805
1500.000000 -3.070000 -0.030215
1500.000000 -3.060000 -0.028623
1500.000000 -3.050000 -0.027031
1500.000000 -3.040000 -0.025439
1500.000000 -3.030000 -0.023845
1500.000000 -3.020000 -0.022251
1500.000000 -3.010000 -0.020656
1500.000000 -3.000000 -0.019060
1500.000000 -2.990000 -0.017462
1500.000000 -2.980000 -0.015864
1500.000000 -2.970000 -0.014264
1500.000000 -2.960000 -0.012663
1500.000000 -2.950000 -0.011060
1500.000000 -2.940000 -0.009455
1500.000000 -2.930000 -0.007848
1500.000000 -2.920000 -0.006238
1500.000000 -2.910000 -0.004626
1500.000000 -2.900000 -0.003011
1500.000000 -2.890000 -0.001392
1500.000000 -2.880000 0.000230
1500.000000 -2.870000 0.001856
1500.000000 -2.860000 0.003487
1500.000000 -2.850000 0.005122
1500.000000 -2.840000 0.006763
1500.000000 -2.830000 0.008410
1500.000000 -2.820000 0.010063
1500.000000 -2.810000 0.011724
1500.000000 -2.800000 0.013392
1500.000000 -2.790000 0.015068
1500.000000 -2.780000 0.016754
1500.000000 -2.770000 0.018449
1500.000000 -2.760000 0.020154
1500.000000 -2.750000 0.021871
1500.000000 -2.740000 0.023600
1500.000000 -2.730000 0.025342
1500.000000 -2.720000 0.027098
1500.000000 -2.710000 0.028868
1500.000000 -2.700000 0.030655
1500.000000 -2.690000 0.032458
1500.000000 -2.680000 0.034280
1500.000000 -2.670000 0.036120
1500.000000 -2.660000 0.037981
1500.000000 -2.650000 0.039863
1500.000000 -2.640000 0.041767
1500.000000 -2.630000 0.043696
1500.000000 -2.620000 0.045649
1500.000000 -2.610000 0.047630
1500.000000 -2.600000 0.049638
1500.000000 -2.590000 0.051675
1500.000000 -2.580000 0.053744
1500.000000 -2.570000 0.055844
1500.000000 -2.560000 0.057979
1500.000000 -2.550000 0.060149
1500.000000 -2.540000 0.062356
1500.000000 -2.530000 0.064602
1500.000000 -2.520000 0.066888
1500.000000 -2.510000 0.069216
1500.000000 -2.500000 0.071587
1500.000000 -2.490000 0.074005
1500.000000 -2.480000 0.076469
1500.000000 -2.470000 0.078983
1500.000000 -2.460000 0.081548
1500.000000 -2.450000 0.084165
1500.000000 -2.440000 0.086838
1500.000000 -2.430000 0.089567
1500.000000 -2.420000 0.092354
1500.000000 -2.410000 0.095202
1500.000000 -2.400000 0.098113
1500.000000 -2.390000 0.101088
1500.000000 -2.380000 0.104129
1500.000000 -2.370000 0.107239
1500.000000 -2.360000 0.110420
1500.000000 -2.350000 0.113672
1500.000000 -2.340000 0.117000
1500.000000 -2.330000 0.120404
1500.000000 -2.320000 0.123886
1500.000000 -2.310000 0.127449
1500.000000 -2.300000 0.131095
1500.000000 -2.290000 0.134825
1500.000000 -2.280000 0.138641
1500.000000 -2.270000 0.142546
1500.000000 -2.260000 0.146542
1500.000000 -2.250000 0.150630
1500.000000 -2.240000 0.154813
1500.000000 -2.230000 0.159092
1500.000000 -2.220000 0.163469
1500.000000 -2.210000 0.167946
1500.000000 -2.200000 0.172525
1500.000000 -2.190000 0.177208
1500.000000 -2.180000 0.181996
1500.000000 -2.170000 0.186892
1500.000000 -2.160000 0.191896
1500.000000 -2.150000 0.197010
1500.000000 -2.140000 0.202237
1500.000000 -2.130000 0.207578
1500.000000 -2.120000 0.213033
1500.000000 -2.110000 0.218605
1500.000000 -2.100000 0.224295
1500.000000 -2.090000 0.230104
1500.000000 -2.080000 0.236034
1500.000000 -2.070000 0.242085
1500.000000 -2.060000 0.248260
1500.000000 -2.050000 0.254558
1500.000000 -2.040000 0.260980
1500.000000 -2.030000 0.267529
1500.000000 -2.020000 0.274204
1500.000000 -2.010000 0.281007
1500.000000 -2.000000 0.287937
1500.000000 -1.990000 0.294996
1500.000000 -1.980000 0.302184
1500.000000 -1.970000 0.309502
1500.000000 -1.960000 0.316949
1500.000000 -1.950000 0.324526
1500.000000 -1.940000 0.332233
1500.000000 -1.930000 0.340070
1500.000000 -1.920000 0.348037
1500.000000 -1.910000 0.356134
1500.000000 -1.900000 0.364361
1500.000000 -1.890000 0.372716
1500.000000 -1.880000 0.381200
1500.000000 -1.870000 0.389812
1500.000000 -1.860000 0.398551
1500.000000 -1.850000 0.407417
1500.000000 -1.840000 0.416408
1500.000000 -1.830000 0.425523
1500.000000 -1.820000 0.434761
1500.000000 -1.810000 0.444121
1500.000000 -1.800000 0.453601
1500.000000 -1.790000 0.463201
1500.000000 -1.780000 0.472917
1500.000000 -1.770000 0.482748
1500.000000 -1.760000 0.492693
1500.000000 -1.750000 0.502750
1500.000000 -1.740000 0.512915
1500.000000 -1.730000 0.523187
1500.000000 -1.720000 0.533564
1500.000000 -1.710000 0.544043
1500.000000 -1.700000 0.554620
1500.000000 -1.690000 0.565295
1500.000000 -1.680000 0.576062
1500.000000 -1.670000 0.586920
1500.000000 -1.660000 0.597866
1500.000000 -1.650000 0.608895
1500.000000 -1.640000 0.620005
1500.000000 -1.630000 0.631192
1500.000000 -1.620000 0.642453
1500.000000 -1.610000 0.653783
1500.000000 -1.600000 0.665179
1500.000000 -1.590000 0.676636
1500.000000 -1.580000 0.688151
1500.000000 -1.570000 0.699719
1500.000000 -1.560000 0.711336
1500.000000 -1.550000 0.722998
1500.000000 -1.540000 0.734700
1500.000000 -1.530000 0.746436
1500.000000 -1.520000 0.758204
1500.000000 -1.510000 0.769996
1500.000000 -1.500000 0.781810
1500.000000 -1.490000 0.793638
1500.000000 -1.480000 0.805477
1500.000000 -1.470000 0.817321
1500.000000 -1.460000 0.829165
1500.000000 -1.450000 0.841003
1500.000000 -1.440000 0.852829
1500.000000 -1.430000 0.864638
1500.000000 -1.420000 0.876424
1500.000000 -1.410000 0.888182
1500.000000 -1.400000 0.899905
1500.000000 -1.390000 0.911588
1500.000000 -1.380000 0.923225
1500.000000 -1.370000 0.934809
1500.000000 -1.360000 0.946335
1500.000000 -1.350000 0.957795
1500.000000 -1.340000 0.969185
1500.000000 -1.330000 0.980498
1500.000000 -1.320000 0.991727
1500.000000 -1.310000 1.002867
1500.000000 -1.300000 1.013910
1500.000000 -1.290000 1.024850
1500.000000 -1.280000 1.035681
1500.000000 -1.270000 1.046397
1500.000000 -1.260000 1.056990
1500.000000 -1.250000 1.067455
1500.000000 -1.240000 1.077784
1500.000000 -1.230000 1.087972
1500.000000 -1.220000 1.098012
1500.000000 -1.210000 1.107897
1500.000000 -1.200000 1.117621
1500.000000 -1.190000 1.127177
1500.000000 -1.180000 1.136559
1500.000000 -1.170000 1.145760
1500.000000 -1.160000 1.154774
1500.000000 -1.150000 1.163594
1500.000000 -1.140000 1.172215
1500.000000 -1.130000 1.180629
1500.000000 -1.120000 1.188831
1500.000000 -1.110000 1.196814
1500.000000 -1.100000 1.204572
1500.000000 -1.090000 1.212099
1500.000000 -1.080000 1.219389
1500.000000 -1.070000 1.226436
1500.000000 -1.060000 1.233234
1500.000000 -1.050000 1.239776
1500.000000 -1.040000 1.246058
1500.000000 -1.030000 1.252074
1500.000000 -1.020000 1.257818
1500.000000 -1.010000 1.263284
1500.000000 -1.000000 1.268467
1500.000000 -0.990000 1.273362
1500.000000 -0.980000 1.277964
1500.000000 -0.970000 1.282267
1500.000000 -0.960000 1.286266
1500.000000 -0.950000 1.289958
1500.000000 -0.940000 1.293336
1500.000000 -0.930000 1.296397
1500.000000 -0.920000 1.299136
1500.000000 -0.910000 1.301548
1500.000000 -0.900000 1.303629
1500.000000 -0.890000 1.305376
1500.000000 -0.880000 1.306784
1500.000000 -0.870000 1.307850
1500.000000 -0.860000 1.308570
1500.000000 -0.850000 1.308940
1500.000000 -0.840000 1.308957
1500.000000 -0.830000 1.308618
1500.000000 -0.820000 1.307921
1500.000000 -0.810000 1.306861
1500.000000 -0.800000 1.305437
1500.000000 -0.790000 1.303647
1500.000000 -0.780000 1.301486
1500.000000 -0.770000 1.298955
1500.000000 -0.760000 1.296050
1500.000000 -0.750000 1.292770
1500.000000 -0.740000 1.289114
1500.000000 -0.730000 1.285079
1500.000000 -0.720000 1.280665
1500.000000 -0.710000 1.275870
1500.000000 -0.700000 1.270694
1500.000000 -0.690000 1.265136
1500.000000 -0.680000 1.259196
1500.000000 -0.670000 1.252873
1500.000000 -0.660000 1.246167
1500.000000 -0.650000 1.239078
1500.000000 -0.640000 1.231607
1500.000000 -0.630000 1.223753
1500.000000 -0.620000 1.215519
1500.000000 -0.610000 1.206904
1500.000000 -0.600000 1.197910
1500.000000 -0.590000 1.188537
1500.000000 -0.580000 1.178788
1500.000000 -0.570000 1.168664
1500.000000 -0.560000 1.158166
1500.000000 -0.550000 1.147298
1500.000000 -0.540000 1.136060
1500.000000 -0.530000 1.124456
1500.000000 -0.520000 1.112487
1500.000000 -0.510000 1.100158
1500.000000 -0.500000 1.087470
1500.000000 -0.490000 1.074427
1500.000000 -0.480000 1.061033
1500.000000 -0.470000 1.047290
1500.000000 -0.460000 1.033203
1500.000000 -0.450000 1.018775
1500.000000 -0.440000 1.004011
1500.000000 -0.430000 0.988914
1500.000000 -0.420000 0.973489
1500.000000 -0.410000 0.957741
1500.000000 -0.400000 0.941674
1500.000000 -0.390000 0.925294
1500.000000 -0.380000 0.908605
1500.000000 -0.370000 0.891612
1500.000000 -0.360000 0.874321
1500.000000 -0.350000 0.856738
1500.000000 -0.340000 0.838868
1500.000000 -0.330000 0.820717
1500.000000 -0.320000 0.802291
1500.000000 -0.310000 0.783596
1500.000000 -0.300000 0.764638
1500.000000 -0.290000 0.745425
1500.000000 -0.280000 0.725961
1500.000000 -0.270000 0.706254
1500.000000 -0.260000 0.686311
1500.000000 -0.250000 0.666138
1500.000000 -0.240000 0.645742
1500.000000 -0.230000 0.625132
1500.000000 -0.220000 0.604313
1500.000000 -0.210000 0.583293
1500.000000 -0.200000 0.562079
1500.000000 -0.190000 0.540680
1500.000000 -0.180000 0.519102
1500.000000 -0.170000 0.497353
1500.000000 -0.160000 0.475441
1500.000000 -0.150000 0.453374
1500.000000 -0.140000 0.431159
1500.000000 -0.130000 0.408805
1500.000000 -0.120000 0.386319
1500.000000 -0.110000 0.363711
1500.000000 -0.100000 0.340986
1500.000000 -0.090000 0.318155
1500.000000 -0.080000 0.295225
1500.000000 -0.070000 0.272204
1500.000000 -0.060000 0.249101
1500.000000 -0.050000 0.225924
1500.000000 -0.040000 0.202681
1500.000000 -0.030000 0.179381
1500.000000 -0.020000 0.156031
1500.000000 -0.010000 0.132641
1500.000000 -0.000000 0.109219
1500.000000 0.010000 0.085773
1500.000000 0.020000 0.062311
1500.000000 0.030000 0.038841
1500.000000 0.040000 0.015373
1500.000000 0.050000 -0.008086
1500.000000 0.060000 -0.031527
1500.000000 0.070000 -0.054942
1500.000000 0.080000 -0.078323
1500.000000 0.090000 -0.101661
1500.000000 0.100000 -0.124949
1500.000000 0.110000 -0.148178
1500.000000 0.120000 -0.171341
1500.000000 0.130000 -0.194429
1500.000000 0.140000 -0.217434
1500.000000 0.150000 -0.240349
1500.000000 0.160000 -0.263166
1500.000000 0.170000 -0.285876
1500.000000 0.180000 -0.308473
1500.000000 0.190000 -0.330948
1500.000000 0.200000 -0.353295
1500.000000 0.210000 -0.375506
1500.000000 0.220000 -0.397573
1500.000000 0.230000 -0.419489
1500.000000 0.240000 -0.441247
1500.000000 0.250000 -0.462840
1500.000000 0.260000 -0.484262
1500.000000 0.270000 -0.505505
1500.000000 0.280000 -0.526562
1500.000000 0.290000 -0.547428
1500.000000 0.300000 -0.568095
1500.000000 0.310000 -0.588557
1500.000000 0.320000 -0.608809
1500.000000 0.330000 -0.628843
1500.000000 0.340000 -0.648654
1500.000000 0.350000 -0.668236
1500.000000 0.360000 -0.687584
1500.000000 0.370000 -0.706691
1500.000000 0.380000 -0.725553
1500.000000 0.390000 -0.744163
1500.000000 0.400000 -0.762518
1500.000000 0.410000 -0.780612
1500.000000 0.420000 -0.798439
1500.000000 0.430000 -0.815996
1500.000000 0.440000 -0.833278
1500.000000 0.450000 -0.850280
1500.000000 0.460000 -0.866998
1500.000000 0.470000 -0.883427
1500.000000 0.480000 -0.899565
1500.000000 0.490000 -0.915407
1500.000000 0.500000 -0.930950
1500.000000 0.510000 -0.946190
1500.000000 0.520000 -0.961123
1500.000000 0.530000 -0.975747
1500.000000 0.540000 -0.990059
1500.000000 0.550000 -1.004055
1500.000000 0.560000 -1.017733
1500.000000 0.570000 -1.031091
1500.000000 0.580000 -1.044126
1500.000000 0.590000 -1.056836
1500.000000 0.600000 -1.069219
1500.000000 0.610000 -1.081273
1500.000000 0.620000 -1.092996
1500.000000 0.630000 -1.104387
1500.000000 0.640000 -1.115445
1500.000000 0.650000 -1.126167
1500.000000 0.660000 -1.136554
1500.000000 0.670000 -1.146603
1500.000000 0.680000 -1.156315
1500.000000 0.690000 -1.165689
1500.000000 0.700000 -1.174724
1500.000000 0.710000 -1.183420
1500.000000 0.720000 -1.191777
1500.000000 0.730000 -1.199794
1500.000000 0.740000 -1.207473
1500.000000 0.750000 -1.214813
1500.000000 0.760000 -1.221815
1500.000000 0.770000 -1.228479
1500.000000 0.780000 -1.234806
1500.000000 0.790000 -1.240797
1500.000000 0.800000 -1.246454
1500.000000 0.810000 -1.251776
1500.000000 0.820000 -1.256766
1500.000000 0.830000 -1.261425
1500.000000 0.840000 -1.265754
1500.000000 0.850000 -1.269756
1500.000000 0.860000 -1.273432
1500.000000 0.870000 -1.276784
1500.000000 0.880000 -1.279813
1500.000000 0.890000 -1.282524
1500.000000 0.900000 -1.284916
1500.000000 0.910000 -1.286994
1500.000000 0.920000 -1.288759
1500.000000 0.930000 -1.290215
1500.000000 0.940000 -1.291364
1500.000000 0.950000 -1.292209
1500.000000 0.960000 -1.292752
1500.000000 0.970000 -1.292998
1500.000000 0.980000 -1.292949
1500.000000 0.990000 -1.292608
1500.000000 1.000000 -1.291979
1500.000000 1.010000 -1.291066
1500.000000 1.020000 -1.289871
1500.000000 1.030000 -1.288399
1500.000000 1.040000 -1.286653
1500.000000 1.050000 -1.284637
1500.000000 1.060000 -1.282355
1500.000000 1.070000 -1.279811
1500.000000 1.080000 -1.277009
1500.000000 1.090000 -1.273952
1500.000000 1.100000 -1.270646
1500.000000 1.110000 -1.267094
1500.000000 1.120000 -1.263300
1500.000000 1.130000 -1.259269
1500.000000 1.140000 -1.255006
1500.000000 1.150000 -1.250514
1500.000000 1.160000 -1.245798
1500.000000 1.170000 -1.240863
1500.000000 1.180000 -1.235713
1500.000000 1.190000 -1.230352
1500.000000 1.200000 -1.224786
1500.000000 1.210000 -1.219019
1500.000000 1.220000 -1.213055
1500.000000 1.230000 -1.206900
1500.000000 1.240000 -1.200558
1500.000000 1.250000 -1.194034
1500.000000 1.260000 -1.187332
1500.000000 1.270000 -1.180457
1500.000000 1.280000 -1.173414
1500.000000 1.290000 -1.166209
1500.000000 1.300000 -1.158845
1500.000000 1.310000 -1.151327
1500.000000 1.320000 -1.143661
1500.000000 1.330000 -1.135851
1500.000000 1.340000 -1.127901
1500.000000 1.350000 -1.119817
1500.000000 1.360000 -1.111604
1500.000000 1.370000 -1.103266
1500.000000 1.380000 -1.094807
1500.000000 1.390000 -1.086234
1500.000000 1.400000 -1.077549
1500.000000 1.410000 -1.068759
1500.000000 1.420000 -1.059867
1500.000000 1.430000 -1.050879
1500.000000 1.440000 -1.041799
1500.000000 1.450000 -1.032631
1500.000000 1.460000 -1.023380
1500.000000 1.470000 -1.014051
1500.000000 1.480000 -1.004648
1500.000000 1.490000 -0.995175
1500.000000 1.500000 -0.985637
1500.000000 1.510000 -0.976039
1500.000000 1.520000 -0.966384
1500.000000 1.530000 -0.956677
1500.000000 1.540000 -0.946922
1500.000000 1.550000 -0.937123
1500.000000 1.560000 -0.927285
1500.000000 1.570000 -0.917411
1500.000000 1.580000 -0.907505
1500.000000 1.590000 -0.897573
1500.000000 1.600000 -0.887616
1500.000000 1.610000 -0.877640
1500.000000 1.620000 -0.867647
1500.000000 1.630000 -0.857643
1500.000000 1.640000 -0.847630
1500.000000 1.650000 -0.837612
1500.000000 1.660000 -0.827592
1500.000000 1.670000 -0.817575
1500.000000 1.680000 -0.807564
1500.000000 1.690000 -0.797561
1500.000000 1.700000 -0.787571
1500.000000 1.710000 -0.777596
1500.000000 1.720000 -0.767640
1500.000000 1.730000 -0.757706
1500.000000 1.740000 -0.747797
1500.000000 1.750000 -0.737915
1500.000000 1.760000 -0.728065
1500.000000 1.770000 -0.718248
1500.000000 1.780000 -0.708467
1500.000000 1.790000 -0.698725
1500.000000 1.800000 -0.689026
1500.000000 1.810000 -0.679370
1500.000000 1.820000 -0.669762
1500.000000 1.830000 -0.660203
1500.000000 1.840000 -0.650695
1500.000000 1.850000 -0.641241
1500.000000 1.860000 -0.631844
1500.000000 1.870000 -0.622505
1500.000000 1.880000 -0.613226
1500.000000 1.890000 -0.604010
1500.000000 1.900000 -0.594859
1500.000000 1.910000 -0.585773
1500.000000 1.920000 -0.576756
1500.000000 1.930000 -0.567809
1500.000000 1.940000 -0.558933
1500.000000 1.950000 -0.550130
1500.000000 1.960000 -0.541403
1500.000000 1.970000 -0.532751
1500.000000 1.980000 -0.524177
1500.000000 1.990000 -0.515683
1500.000000 2.000000 -0.507269
1500.000000 2.010000 -0.498936
1500.000000 2.020000 -0.490686
1500.000000 2.030000 -0.482520
1500.000000 2.040000 -0.474439
1500.000000 2.050000 -0.466444
1500.000000 2.060000 -0.458536
1500.000000 2.070000 -0.450716
1500.000000 2.080000 -0.442984
1500.000000 2.090000 -0.435341
1500.000000 2.100000 -0.427789
1500.000000 2.110000 -0.420328
1500.000000 2.120000 -0.412957
1500.000000 2.130000 -0.405679
1500.000000 2.140000 -0.398493
1500.000000 2.150000 -0.391400
1500.000000 2.160000 -0.384400
1500.000000 2.170000 -0.377494
1500.000000 2.180000 -0.370681
1500.000000 2.190000 -0.363963
1500.000000 2.200000 -0.357339
1500.000000 2.210000 -0.350809
1500.000000 2.220000 -0.344374
1500.000000 2.230000 -0.338034
1500.000000 2.240000 -0.331788
1500.000000 2.250000 -0.325636
1500.000000 2.260000 -0.319580
1500.000000 2.270000 -0.313617
1500.000000 2.280000 -0.307749
1500.000000 2.290000 -0.301976
1500.000000 2.300000 -0.296296
1500.000000 2.310000 -0.290710
1500.000000 2.320000 -0.285217
1500.000000 2.330000 -0.279817
1500.000000 2.340000 -0.274510
1500.000000 2.350000 -0.269296
1500.000000 2.360000 -0.264173
1500.000000 2.370000 -0.259142
1500.000000 2.380000 -0.254202
1500.000000 2.390000 -0.249352
1500.000000 2.400000 -0.244593
1500.000000 2.410000 -0.239923
1500.000000 2.420000 -0.235341
1500.000000 2.430000 -0.230849
1500.000000 2.440000 -0.226443
1500.000000 2.450000 -0.222125
1500.000000 2.460000 -0.217894
1500.000000 2.470000 -0.213747
1500.000000 2.480000 -0.209686
1500.000000 2.490000 -0.205710
1500.000000 2.500000 -0.201816
1500.000000 2.510000 -0.198006
1500.000000 2.520000 -0.194277
1500.000000 2.530000 -0.190630
1500.000000 2.540000 -0.187063
1500.000000 2.550000 -0.183576
1500.000000 2.560000 -0.180168
1500.000000 2.570000 -0.176838
1500.000000 2.580000 -0.173584
1500.000000 2.590000 -0.170407
1500.000000 2.600000 -0.167306
1500.000000 2.610000 -0.164279
1500.000000 2.620000 -0.161326
1500.000000 2.630000 -0.158445
1500.000000 2.640000 -0.155637
1500.000000 2.650000 -0.152899
1500.000000 2.660000 -0.150232
1500.000000 2.670000 -0.147634
1500.000000 2.680000 -0.145104
1500.000000 2.690000 -0.142642
1500.000000 2.700000 -0.140246
1500.000000 2.710000 -0.137916
1500.000000 2.720000 -0.135650
1500.000000 2.730000 -0.133449
1500.000000 2.740000 -0.131310
1500.000000 2.750000 -0.129233
1500.000000 2.760000 -0.127217
1500.000000 2.770000 -0.125262
1500.000000 2.780000 -0.123366
1500.000000 2.790000 -0.121528
1500.000000 2.800000 -0.119748
1500.000000 2.810000 -0.118024
1500.000000 2.820000 -0.116356
1500.000000 2.830000 -0.114744
1500.000000 2.840000 -0.113185
1500.000000 2.850000 -0.111679
1500.000000 2.860000 -0.110226
1500.000000 2.870000 -0.108824
1500.000000 2.880000 -0.107473
1500.000000 2.890000 -0.106171
1500.000000 2.900000 -0.104919
1500.000000 2.910000 -0.103715
1500.000000 2.920000 -0.102558
1500.000000 2.930000 -0.101448
1500.000000 2.940000 -0.100383
1500.000000 2.950000 -0.099364
1500.000000 2.960000 -0.098389
1500.000000 2.970000 -0.097458
1500.000000 2.980000 -0.096569
1500.000000 2.990000 -0.095723
1500.000000 3.000000 -0.094917
1500.000000 3.010000 -0.094153
1500.000000 3.020000 -0.093428
1500.000000 3.030000 -0.092743
1500.000000 3.040000 -0.092096
1500.000000 3.050000 -0.091488
1500.000000 3.060000 -0.090916
1500.000000 3.070000 -0.090382
1500.000000 3.080000 -0.089883
1500.000000 3.090000 -0.089420
1500.000000 3.100000 -0.088992
1500.000000 3.110000 -0.088598
1500.000000 3.120000 -0.088238
1500.000000 3.130000 -0.087911
1500.000000 3.140000 -0.087617
1500.000000 3.150000 -0.087355
1500.000000 3.160000 -0.087125
1500.000000 3.170000 -0.086926
1500.000000 3.180000 -0.086757
1500.000000 3.190000 -0.086619
1500.000000 3.200000 -0.086510
1500.000000 3.210000 -0.086431
1500.000000 3.220000 -0.086381
1500.000000 3.230000 -0.086359
1500.000000 3.240000 -0.086366
1500.000000 3.250000 -0.086400
1500.000000 3.260000 -0.086462
1500.000000 3.270000 -0.086550
1500.000000 3.280000 -0.086665
1500.000000 3.290000 -0.086807
1500.000000 3.300000 -0.086975
1500.000000 3.310000 -0.087168
1500.000000 3.320000 -0.087387
1500.000000 3.330000 -0.087631
1500.000000 3.340000 -0.087900
1500.000000 3.350000 -0.088194
1500.000000 3.360000 -0.088512
1500.000000 3.370000 -0.088855
1500.000000 3.380000 -0.089221
1500.000000 3.390000 -0.089611
1500.000000 3.400000 -0.090025
1500.000000 3.410000 -0.090463
1500.000000 3.420000 -0.090924
1500.000000 3.430000 -0.091407
1500.000000 3.440000 -0.091915
1500.000000 3.450000 -0.092444
1500.000000 3.460000 -0.092997
1500.000000 3.470000 -0.093573
1500.000000 3.480000 -0.094171
1500.000000 3.490000 -0.094792
1500.000000 3.500000 -0.095435
1500.000000 3.510000 -0.096100
1500.000000 3.520000 -0.096788
1500.000000 3.530000 -0.097498
1500.000000 3.540000 -0.098231
1500.000000 3.550000 -0.098986
1500.000000 3.560000 -0.099763
1500.000000 3.570000 -0.100562
1500.000000 3.580000 -0.101384
1500.000000 3.590000 -0.102228
1500.000000 3.600000 -0.103094
1500.000000 3.610000 -0.103983
1500.000000 3.620000 -0.104894
1500.000000 3.630000 -0.105828
1500.000000 3.640000 -0.106784
1500.000000 3.650000 -0.107762
1500.000000 3.660000 -0.108764
1500.000000 3.670000 -0.109788
1500.000000 3.680000 -0.110835
1500.000000 3.690000 -0.111904
1500.000000 3.700000 -0.112997
1500.000000 3.710000 -0.114113
1500.000000 3.720000 -0.115252
1500.000000 3.730000 -0.116414
1500.000000 3.740000 -0.117600
1500.000000 3.750000 -0.118809
1500.000000 3.760000 -0.120043
1500.000000 3.770000 -0.121300
1500.000000 3.780000 -0.122580
1500.000000 3.790000 -0.123885
1500.000000 3.800000 -0.125215
1500.000000 3.810000 -0.126568
1500.000000 3.820000 -0.127947
1500.000000 3.830000 -0.129350
1500.000000 3.840000 -0.130778
1500.000000 3.850000 -0.132231
1500.000000 3.860000 -0.133709
1500.000000 3.870000 -0.135212
1500.000000 3.880000 -0.136742
1500.000000 3.890000 -0.138297
1500.000000 3.900000 -0.139877
1500.000000 3.910000 -0.141484
1500.000000 3.920000 -0.143118
1500.000000 3.930000 -0.144777
1500.000000 3.940000 -0.146464
1500.000000 3.950000 -0.148177
1500.000000 3.960000 -0.149917
1500.000000 3.970000 -0.151685
1500.000000 3.980000 -0.153479
1500.000000 3.990000 -0.155302
1500.000000 4.000000 -0.157152
1500.000000 4.010000 -0.159030
1500.000000 4.020000 -0.160937
1500.000000 4.030000 -0.162872
1500.000000 4.040000 -0.164835
1500.000000 4.050000 -0.166827
1500.000000 4.060000 -0.168848
1500.000000 4.070000 -0.170898
1500.000000 4.080000 -0.172978
1500.000000 4.090000 -0.175087
1500.000000 4.100000 -0.177226
1500.000000 4.110000 -0.179395
1500.000000 4.120000 -0.181593
1500.000000 4.130000 -0.183823
1500.000000 4.140000 -0.186082
1500.000000 4.150000 -0.188372
1500.000000 4.160000 -0.190693
1500.000000 4.170000 -0.193045
1500.000000 4.180000 -0.195429
1500.000000 4.190000 -0.197843
1500.000000 4.200000 -0.200290
1500.000000 4.210000 -0.202767
1500.000000 4.220000 -0.205277
1500.000000 4.230000 -0.207819
1500.000000 4.240000 -0.210393
1500.000000 4.250000 -0.212999
1500.000000 4.260000 -0.215638
1500.000000 4.270000 -0.218310
1500.000000 4.280000 -0.221014
1500.000000 4.290000 -0.223751
1500.000000 4.300000 -0.226521
1500.000000 4.310000 -0.229325
1500.000000 4.320000 -0.232161
1500.000000 4.330000 -0.235032
1500.000000 4.340000 -0.237935
1500.000000 4.350000 -0.240873
1500.000000 4.360000 -0.243844
1500.000000 4.370000 -0.246849
1500.000000 4.380000 -0.249887
1500.000000 4.390000 -0.252960
1500.000000 4.400000 -0.256067
1500.000000 4.410000 -0.259207
1500.000000 4.420000 -0.262382
1500.000000 4.430000 -0.265591
1500.000000 4.440000 -0.268834
1500.000000 4.450000 -0.272112
1500.000000 4.460000 -0.275423
1500.000000 4.470000 -0.278768
1500.000000 4.480000 -0.282148
1500.000000 4.490000 -0.285562
1500.000000 4.500000 -0.289009
1500.000000 4.510000 -0.292491
1500.000000 4.520000 -0.296006
1500.000000 4.530000 -0.299555
1500.000000 4.540000 -0.303138
1500.000000 4.550000 -0.306754
1500.000000 4.560000 -0.310403
1500.000000 4.570000 -0.314085
1500.000000 4.580000 -0.317801
1500.000000 4.590000 -0.321549
1500.000000 4.600000 -0.325329
1500.000000 4.610000 -0.329142
1500.000000 4.620000 -0.332986
1500.000000 4.630000 -0.336862
1500.000000 4.640000 -0.340770
1500.000000 4.650000 -0.344708
1500.000000 4.660000 -0.348677
1500.000000 4.670000 -0.352675
1500.000000 4.680000 -0.356704
1500.000000 4.690000 -0.360761
1500.000000 4.700000 -0.364848
1500.000000 4.710000 -0.368962
1500.000000 4.720000 -0.373104
1500.000000 4.730000 -0.377273
1500.000000 4.740000 -0.381469
1500.000000 4.750000 -0.385690
1500.000000 4.760000 -0.389936
1500.000000 4.770000 -0.394207
1500.000000 4.780000 -0.398501
1500.000000 4.790000 -0.402818
1500.000000 4.800000 -0.407156
1500.000000 4.810000 -0.411516
1500.000000 4.820000 -0.415896
1500.000000 4.830000 -0.420295
1500.000000 4.840000 -0.424712
1500.000000 4.850000 -0.429146
1500.000000 4.860000 -0.433597
1500.000000 4.870000 -0.438062
1500.000000 4.880000 -0.442541
1500.000000 4.890000 -0.447032
1500.000000 4.900000 -0.451535
1500.000000 4.910000 -0.456048
1500.000000 4.920000 -0.460569
1500.000000 4.930000 -0.465097
1500.000000 4.940000 -0.469631
1500.000000 4.950000 -0.474170
1500.000000 4.960000 -0.478711
1500.000000 4.970000 -0.483253
1500.000000 4.980000 -0.487794
1500.000000 4.990000 -0.492333
1500.000000 5.000000 -0.496868
1500.000000 5.010000 -0.501397
1500.000000 5.020000 -0.505919
1500.000000 5.030000 -0.510431
1500.000000 5.040000 -0.514931
1500.000000 5.050000 -0.519417
1500.000000 5.060000 -0.523888
1500.000000 5.070000 -0.528341
1500.000000 5.080000 -0.532773
1500.000000 5.090000 -0.537184
1500.000000 5.100000 -0.541570
1500.000000 5.110000 -0.545929
1500.000000 5.120000 -0.550258
1500.000000 5.130000 -0.554556
1500.000000 5.140000 -0.558819
1500.000000 5.150000 -0.563046
1500.000000 5.160000 -0.567233
1500.000000 5.170000 -0.571378
1500.000000 5.180000 -0.575478
1500.000000 5.190000 -0.579530
1500.000000 5.200000 -0.583532
1500.000000 5.210000 -0.587481
1500.000000 5.220000 -0.591373
1500.000000 5.230000 -0.595206
1500.000000 5.240000 -0.598977
1500.000000 5.250000 -0.602683
1500.000000 5.260000 -0.606320
1500.000000 5.270000 -0.609885
1500.000000 5.280000 -0.613376
1500.000000 5.290000 -0.616789
1500.000000 5.300000 -0.620120
1500.000000 5.310000 -0.623367
1500.000000 5.320000 -0.626525
1500.000000 5.330000 -0.629592
1500.000000 5.340000 -0.632565
1500.000000 5.350000 -0.635439
1500.000000 5.360000 -0.638211
1500.000000 5.370000 -0.640877
1500.000000 5.380000 -0.643435
1500.000000 5.390000 -0.645880
1500.000000 5.400000 -0.648210
1500.000000 5.410000 -0.650419
1500.000000 5.420000 -0.652505
1500.000000 5.430000 -0.654463
1500.000000 5.440000 -0.656291
1500.000000 5.450000 -0.657985
1500.000000 5.460000 -0.659540
1500.000000 5.470000 -0.660953
1500.000000 5.480000 -0.662220
1500.000000 5.490000 -0.663338
1500.000000 5.500000 -0.664303
1500.000000 5.510000 -0.665110
1500.000000 5.520000 -0.665757
1500.000000 5.530000 -0.666240
1500.000000 5.540000 -0.666554
1500.000000 5.550000 -0.666697
1500.000000 5.560000 -0.666664
1500.000000 5.570000 -0.666451
1500.000000 5.580000 -0.666056
1500.000000 5.590000 -0.665474
1500.000000 5.600000 -0.664702
1500.000000 5.610000 -0.663737
1500.000000 5.620000 -0.662574
1500.000000 5.630000 -0.661210
1500.000000 5.640000 -0.659642
1500.000000 5.650000 -0.657866
1500.000000 5.660000 -0.655879
1500.000000 5.670000 -0.653678
1500.000000 5.680000 -0.651259
1500.000000 5.690000 -0.648619
1500.000000 5.700000 -0.645756
1500.000000 5.710000 -0.642665
1500.000000 5.720000 -0.639344
1500.000000 5.730000 -0.635789
1500.000000 5.740000 -0.631999
1500.000000 5.750000 -0.627969
1500.000000 5.760000 -0.623699
1500.000000 5.770000 -0.619183
1500.000000 5.780000 -0.614421
1500.000000 5.790000 -0.609410
1500.000000 5.800000 -0.604147
1500.000000 5.810000 -0.598630
1500.000000 5.820000 -0.592857
1500.000000 5.830000 -0.586825
1500.000000 5.840000 -0.580533
1500.000000 5.850000 -0.573979
1500.000000 5.860000 -0.567161
1500.000000 5.870000 -0.560077
1500.000000 5.880000 -0.552726
1500.000000 5.890000 -0.545107
1500.000000 5.900000 -0.537218
1500.000000 5.910000 -0.529057
1500.000000 5.920000 -0.520625
1500.000000 5.930000 -0.511919
1500.000000 5.940000 -0.502940
1500.000000 5.950000 -0.493686
1500.000000 5.960000 -0.484158
1500.000000 5.970000 -0.474353
1500.000000 5.980000 -0.464274
1500.000000 5.990000 -0.453918
1500.000000 6.000000 -0.443287
1500.000000 6.010000 -0.432380
1500.000000 6.020000 -0.421199
1500.000000 6.030000 -0.409742
1500.000000 6.040000 -0.398012
1500.000000 6.050000 -0.386009
1500.000000 6.060000 -0.373733
1500.000000 6.070000 -0.361187
1500.000000 6.080000 -0.348370
1500.000000 6.090000 -0.335286
1500.000000 6.100000 -0.321934
1500.000000 6.110000 -0.308318
1500.000000 6.120000 -0.294439
1500.000000 6.130000 -0.280298
1500.000000 6.140000 -0.265900
1500.000000 6.150000 -0.251244
1500.000000 6.160000 -0.236336
1500.000000 6.170000 -0.221176
1500.000000 6.180000 -0.205768
1500.000000 6.190000 -0.190115
1500.000000 6.200000 -0.174221
1500.000000 6.210000 -0.158088
1500.000000 6.220000 -0.141720
1500.000000 6.230000 -0.125122
1500.000000 6.240000 -0.108296
1500.000000 6.250000 -0.091247
1500.000000 6.260000 -0.073979
1500.000000 6.270000 -0.056497
1500.000000 6.280000 -0.038804
1500.000000 6.290000 -0.020906
1500.000000 6.300000 -0.002808
1500.000000 6.310000 0.015486
1500.000000 6.320000 0.033971
1500.000000 6.330000 0.052640
1500.000000 6.340000 0.071490
1500.000000 6.350000 0.090513
1500.000000 6.360000 0.109705
1500.000000 6.370000 0.129060
1500.000000 6.380000 0.148572
1500.000000 6.390000 0.168234
1500.000000 6.400000 0.188040
1500.000000 6.410000 0.207984
1500.000000 6.420000 0.228060
1500.000000 6.430000 0.248261
1500.000000 6.440000 0.268580
1500.000000 6.450000 0.289010
1500.000000 6.460000 0.309544
1500.000000 6.470000 0.330176
1500.000000 6.480000 0.350898
1500.000000 6.490000 0.371702
1500.000000 6.500000 0.392583
1500.000000 6.510000 0.413531
1500.000000 6.520000 0.434540
1500.000000 6.530000 0.455602
1500.000000 6.540000 0.476709
1500.000000 6.550000 0.497853
1500.000000 6.560000 0.519027
1500.000000 6.570000 0.540223
1500.000000 6.580000 0.561432
1500.000000 6.590000 0.582648
1500.000000 6.600000 0.603860
1500.000000 6.610000 0.625063
1500.000000 6.620000 0.646247
1500.000000 6.630000 0.667404
1500.000000 6.640000 0.688526
1500.000000 6.650000 0.709605
1500.000000 6.660000 0.730632
1500.000000 6.670000 0.751600
1500.000000 6.680000 0.772500
1500.000000 6.690000 0.793323
1500.000000 6.700000 0.814061
1500.000000 6.710000 0.834707
1500.000000 6.720000 0.855251
1500.000000 6.730000 0.875686
1500.000000 6.740000 0.896003
1500.000000 6.750000 0.916194
1500.000000 6.760000 0.936251
1500.000000 6.770000 0.956165
1500.000000 6.780000 0.975929
1500.000000 6.790000 0.995535
1500.000000 6.800000 1.014974
1500.000000 6.810000 1.034239
1500.000000 6.820000 1.053321
1500.000000 6.830000 1.072213
1500.000000 6.840000 1.090908
1500.000000 6.850000 1.109396
1500.000000 6.860000 1.127672
1500.000000 6.870000 1.145727
1500.000000 6.880000 1.163553
1500.000000 6.890000 1.181145
1500.000000 6.900000 1.198493
1500.000000 6.910000 1.215592
1500.000000 6.920000 1.232435
1500.000000 6.930000 1.249013
1500.000000 6.940000 1.265321
1500.000000 6.950000 1.281352
1500.000000 6.960000 1.297100
1500.000000 6.970000 1.312557
1500.000000 6.980000 1.327719
1500.000000 6.990000 1.342578
1500.000000 7.000000 1.357129
1500.000000 7.010000 1.371366
1500.000000 7.020000 1.385283
1500.000000 7.030000 1.398874
1500.000000 7.040000 1.412135
1500.000000 7.050000 1.425061
1500.000000 7.060000 1.437645
1500.000000 7.070000 1.449884
1500.000000 7.080000 1.461772
1500.000000 7.090000 1.473305
1500.000000 7.100000 1.484479
1500.000000 7.110000 1.495290
1500.000000 7.120000 1.505733
1500.000000 7.130000 1.515805
1500.000000 7.140000 1.525502
1500.000000 7.150000 1.534821
1500.000000 7.160000 1.543758
1500.000000 7.170000 1.552310
1500.000000 7.180000 1.560475
1500.000000 7.190000 1.568250
1500.000000 7.200000 1.575632
1500.000000 7.210000 1.582620
1500.000000 7.220000 1.589210
1500.000000 7.230000 1.595401
1500.000000 7.240000 1.601192
1500.000000 7.250000 1.606581
1500.000000 7.260000 1.611566
1500.000000 7.270000 1.616147
1500.000000 7.280000 1.620322
1500.000000 7.290000 1.624092
1500.000000 7.300000 1.627455
1500.000000 7.310000 1.630410
1500.000000 7.320000 1.632959
1500.000000 7.330000 1.635101
1500.000000 7.340000 1.636837
1500.000000 7.350000 1.638166
1500.000000 7.360000 1.639090
1500.000000 7.370000 1.639609
1500.000000 7.380000 1.639724
1500.000000 7.390000 1.639438
1500.000000 7.400000 1.638751
1500.000000 7.410000 1.637664
1500.000000 7.420000 1.636180
1500.000000 7.430000 1.634301
1500.000000 7.440000 1.632029
1500.000000 7.450000 1.629366
1500.000000 7.460000 1.626315
1500.000000 7.470000 1.622878
1500.000000 7.480000 1.619059
1500.000000 7.490000 1.614860
1500.000000 7.500000 1.610285
1500.000000 7.510000 1.605337
1500.000000 7.520000 1.600019
1500.000000 7.530000 1.594337
1500.000000 7.540000 1.588292
1500.000000 7.550000 1.581890
1500.000000 7.560000 1.575134
1500.000000 7.570000 1.568029
1500.000000 7.580000 1.560579
1500.000000 7.590000 1.552789
1500.000000 7.600000 1.544664
1500.000000 7.610000 1.536208
1500.000000 7.620000 1.527427
1500.000000 7.630000 1.518325
1500.000000 7.640000 1.508908
1500.000000 7.650000 1.499182
1500.000000 7.660000 1.489151
1500.000000 7.670000 1.478822
1500.000000 7.680000 1.468200
1500.000000 7.690000 1.457290
1500.000000 7.700000 1.446099
1500.000000 7.710000 1.434633
1500.000000 7.720000 1.422898
1500.000000 7.730000 1.410900
1500.000000 7.740000 1.398644
1500.000000 7.750000 1.386139
1500.000000 7.760000 1.373389
1500.000000 7.770000 1.360401
1500.000000 7.780000 1.347183
1500.000000 7.790000 1.333739
1500.000000 7.800000 1.320078
1500.000000 7.810000 1.306205
1500.000000 7.820000 1.292128
1500.000000 7.830000 1.277853
1500.000000 7.840000 1.263386
1500.000000 7.850000 1.248736
1500.000000 7.860000 1.233908
1500.000000 7.870000 1.218910
1500.000000 7.880000 1.203748
1500.000000 7.890000 1.188429
1500.000000 7.900000 1.172961
1500.000000 7.910000 1.157350
1500.000000 7.920000 1.141603
1500.000000 7.930000 1.125727
1500.000000 7.940000 1.109729
1500.000000 7.950000 1.093616
1500.000000 7.960000 1.077395
1500.000000 7.970000 1.061072
1500.000000 7.980000 1.044655
1500.000000 7.990000 1.028151
1500.000000 8.000000 1.011565
1500.000000 8.010000 0.994906
1500.000000 8.020000 0.978179
1500.000000 8.030000 0.961392
1500.000000 8.040000 0.944551
1500.000000 8.050000 0.927662
1500.000000 8.060000 0.910733
1500.000000 8.070000 0.893770
1500.000000 8.080000 0.876779
1500.000000 8.090000 0.859767
1500.000000 8.100000 0.842740
1500.000000 8.110000 0.825704
1500.000000 8.120000 0.808665
1500.000000 8.130000 0.791630
1500.000000 8.140000 0.774605
1500.000000 8.150000 0.757595
1500.000000 8.160000 0.740607
1500.000000 8.170000 0.723647
1500.000000 8.180000 0.706719
1500.000000 8.190000 0.689831
1500.000000 8.200000 0.672987
1500.000000 8.210000 0.656192
1500.000000 8.220000 0.639453
1500.000000 8.230000 0.622775
1500.000000 8.240000 0.606162
1500.000000 8.250000 0.589620
1500.000000 8.260000 0.573154
1500.000000 8.270000 0.556768
1500.000000 8.280000 0.540469
1500.000000 8.290000 0.524259
1500.000000 8.300000 0.508144
1500.000000 8.310000 0.492129
1500.000000 8.320000 0.476217
1500.000000 8.330000 0.460413
1500.000000 8.340000 0.444721
1500.000000 8.350000 0.429146
1500.000000 8.360000 0.413690
1500.000000 8.370000 0.398359
1500.000000 8.380000 0.383155
1500.000000 8.390000 0.368082
1500.000000 8.400000 0.353144
1500.000000 8.410000 0.338344
1500.000000 8.420000 0.323686
1500.000000 8.430000 0.309172
1500.000000 8.440000 0.294805
1500.000000 8.450000 0.280589
1500.000000 8.460000 0.266527
1500.000000 8.470000 0.252620
1500.000000 8.480000 0.238872
1500.000000 8.490000 0.225284
1500.000000 8.500000 0.211860
1500.000000 8.510000 0.198602
1500.000000 8.520000 0.185511
1500.000000 8.530000 0.172590
1500.000000 8.540000 0.159841
1500.000000 8.550000 0.147265
1500.000000 8.560000 0.134864
1500.000000 8.570000 0.122640
1500.000000 8.580000 0.110594
1500.000000 8.590000 0.098728
1500.000000 8.600000 0.087042
1500.000000 8.610000 0.075538
1500.000000 8.620000 0.064217
1500.000000 8.630000 0.053080
1500.000000 8.640000 0.042128
1500.000000 8.650000 0.031361
1500.000000 8.660000 0.020781
1500.000000 8.670000 0.010387
1500.000000 8.680000 0.000180
1500.000000 8.690000 -0.009840
1500.000000 8.700000 -0.019671
1500.000000 8.710000 -0.029315
1500.000000 8.720000 -0.038771
1500.000000 8.730000 -0.048039
1500.000000 8.740000 -0.057118
1500.000000 8.750000 -0.066011
1500.000000 8.760000 -0.074715
1500.000000 8.770000 -0.083233
1500.000000 8.780000 -0.091564
1500.000000 8.790000 -0.099709
1500.000000 8.800000 -0.107668
1500.000000 8.810000 -0.115442
1500.000000 8.820000 -0.123032
1500.000000 8.830000 -0.130439
1500.000000 8.840000 -0.137663
1500.000000 8.850000 -0.144706
1500.000000 8.860000 -0.151568
1500.000000 8.870000 -0.158250
1500.000000 8.880000 -0.164754
1500.000000 8.890000 -0.171081
1500.000000 8.900000 -0.177232
1500.000000 8.910000 -0.183209
1500.000000 8.920000 -0.189012
1500.000000 8.930000 -0.194643
1500.000000 8.940000 -0.200104
1500.000000 8.950000 -0.205396
1500.000000 8.960000 -0.210520
1500.000000 8.970000 -0.215479
1500.000000 8.980000 -0.220274
1500.000000 8.990000 -0.224906
1500.000000 9.000000 -0.229378
1500.000000 9.010000 -0.233691
1500.000000 9.020000 -0.237847
1500.000000 9.030000 -0.241847
1500.000000 9.040000 -0.245695
1500.000000 9.050000 -0.249390
1500.000000 9.060000 -0.252937
1500.000000 9.070000 -0.256335
1500.000000 9.080000 -0.259589
1500.000000 9.090000 -0.262698
1500.000000 9.100000 -0.265666
1500.000000 9.110000 -0.268495
1500.000000 9.120000 -0.271186
1500.000000 9.130000 -0.273742
1500.000000 9.140000 -0.276164
1500.000000 9.150000 -0.278456
1500.000000 9.160000 -0.280619
1500.000000 9.170000 -0.282654
1500.000000 9.180000 -0.284565
1500.000000 9.190000 -0.286354
1500.000000 9.200000 -0.288022
1500.000000 9.210000 -0.289572
1500.000000 9.220000 -0.291007
1500.000000 9.230000 -0.292327
1500.000000 9.240000 -0.293536
1500.000000 9.250000 -0.294635
1500.000000 9.260000 -0.295627
1500.000000 9.270000 -0.296514
1500.000000 9.280000 -0.297298
1500.000000 9.290000 -0.297981
1500.000000 9.300000 -0.298566
1500.000000 9.310000 -0.299054
1500.000000 9.320000 -0.299448
1500.000000 9.330000 -0.299750
1500.000000 9.340000 -0.299962
1500.000000 9.350000 -0.300086
1500.000000 9.360000 -0.300124
1500.000000 9.370000 -0.300078
1500.000000 9.380000 -0.299951
1500.000000 9.390000 -0.299744
1500.000000 9.400000 -0.299460
1500.000000 9.410000 -0.299100
1500.000000 9.420000 -0.298667
1500.000000 9.430000 -0.298162
1500.000000 9.440000 -0.297588
1500.000000 9.450000 -0.296946
1500.000000 9.460000 -0.296239
1500.000000 9.470000 -0.295468
1500.000000 9.480000 -0.294635
1500.000000 9.490000 -0.293742
1500.000000 9.500000 -0.292791
1500.000000 9.510000 -0.291783
1500.000000 9.520000 -0.290721
1500.000000 9.530000 -0.289607
1500.000000 9.540000 -0.288441
1500.000000 9.550000 -0.287226
1500.000000 9.560000 -0.285964
1500.000000 9.570000 -0.284656
1500.000000 9.580000 -0.283303
1500.000000 9.590000 -0.281908
1500.000000 9.600000 -0.280472
1500.000000 9.610000 -0.278996
1500.000000 9.620000 -0.277483
1500.000000 9.630000 -0.275933
1500.000000 9.640000 -0.274348
1500.000000 9.650000 -0.272729
1500.000000 9.660000 -0.271079
1500.000000 9.670000 -0.269398
1500.000000 9.680000 -0.267687
1500.000000 9.690000 -0.265949
1500.000000 9.700000 -0.264184
1500.000000 9.710000 -0.262394
1500.000000 9.720000 -0.260579
1500.000000 9.730000 -0.258742
1500.000000 9.740000 -0.256883
1500.000000 9.750000 -0.255003
1500.000000 9.760000 -0.253104
1500.000000 9.770000 -0.251187
1500.000000 9.780000 -0.249253
1500.000000 9.790000 -0.247302
1500.000000 9.800000 -0.245337
1500.000000 9.810000 -0.243357
1500.000000 9.820000 -0.241365
1500.000000 9.830000 -0.239360
1500.000000 9.840000 -0.237344
1500.000000 9.850000 -0.235317
1500.000000 9.860000 -0.233281
1500.000000 9.870000 -0.231237
1500.000000 9.880000 -0.229185
1500.000000 9.890000 -0.227125
1500.000000 9.900000 -0.225060
1500.000000 9.910000 -0.222989
1500.000000 9.920000 -0.220913
1500.000000 9.930000 -0.218833
1500.000000 9.940000 -0.216749
1500.000000 9.950000 -0.214663
1500.000000 9.960000 -0.212574
1500.000000 9.970000 -0.210484
1500.000000 9.980000 -0.208393
1500.000000 9.990000 -0.206302
1500.000000 10.000000 -0.204210
1500.000000 10.010000 -0.202119
1500.000000 10.020000 -0.200029
1500.000000 10.030000 -0.197941
1500.000000 10.040000 -0.195854
1500.000000 10.050000 -0.193770
1500.000000 10.060000 -0.191689
1500.000000 10.070000 -0.189611
1500.000000 10.080000 -0.187536
1500.000000 10.090000 -0.185466
1500.000000 10.100000 -0.183399
1500.000000 10.110000 -0.181338
1500.000000 10.120000 -0.179281
1500.000000 10.130000 -0.177229
1500.000000 10.140000 -0.175183
1500.000000 10.150000 -0.173142
1500.000000 10.160000 -0.171107
1500.000000 10.170000 -0.169079
1500.000000 10.180000 -0.167057
1500.000000 10.190000 -0.165041
1500.000000 10.200000 -0.163032
1500.000000 10.210000 -0.161031
1500.000000 10.220000 -0.159036
1500.000000 10.230000 -0.157049
1500.000000 10.240000 -0.155069
1500.000000 10.250000 -0.153097
1500.000000 10.260000 -0.151132
1500.000000 10.270000 -0.149175
1500.000000 10.280000 -0.147227
1500.000000 10.290000 -0.145286
1500.000000 10.300000 -0.143353
1500.000000 10.310000 -0.141429
1500.000000 10.320000 -0.139514
1500.000000 10.330000 -0.137606
1500.000000 10.340000 -0.135708
1500.000000 10.350000 -0.133817
1500.000000 10.360000 -0.131936
1500.000000 10.370000 -0.130064
1500.000000 10.380000 -0.128200
1500.000000 10.390000 -0.126345
1500.000000 10.400000 -0.124499
1500.000000 10.410000 -0.122663
1500.000000 10.420000 -0.120835
1500.000000 10.430000 -0.119017
1500.000000 10.440000 -0.117207
1500.000000 10.450000 -0.115408
1500.000000 10.460000 -0.113617
1500.000000 10.470000 -0.111836
1500.000000 10.480000 -0.110065
1500.000000 10.490000 -0.108303
1500.000000 10.500000 -0.106551
1500.000000 10.510000 -0.104809
1500.000000 10.520000 -0.103077
1500.000000 10.530000 -0.101354
1500.000000 10.540000 -0.099642
1500.000000 10.550000 -0.097940
1500.000000 10.560000 -0.096248
1500.000000 10.570000 -0.094567
1500.000000 10.580000 -0.092896
1500.000000 10.590000 -0.091235
1500.000000 10.600000 -0.089586
1500.000000 10.610000 -0.087947
1500.000000 10.620000 -0.086319
1500.000000 10.630000 -0.084703
1500.000000 10.640000 -0.083098
1500.000000 10.650000 -0.081504
1500.000000 10.660000 -0.079923
1500.000000 10.670000 -0.078353
1500.000000 10.680000 -0.076795
1500.000000 10.690000 -0.075250
1500.000000 10.700000 -0.073717
1500.000000 10.710000 -0.072197
1500.000000 10.720000 -0.070690
1500.000000 10.730000 -0.069197
1500.000000 10.740000 -0.067717
1500.000000 10.750000 -0.066250
1500.000000 10.760000 -0.064798
1500.000000 10.770000 -0.063360
1500.000000 10.780000 -0.061936
1500.000000 10.790000 -0.060525
1500.000000 10.800000 -0.059127
1500.000000 10.810000 -0.057742
1500.000000 10.820000 -0.056373
1500.000000 10.830000 -0.055017
1500.000000 10.840000 -0.053678
1500.000000 10.850000 -0.052354
1500.000000 10.860000 -0.051046
1500.000000 10.870000 -0.049755
1500.000000 10.880000 -0.048482
1500.000000 10.890000 -0.047226
1500.000000 10.900000 -0.045989
1500.000000 10.910000 -0.044770
1500.000000 10.920000 -0.043571
1500.000000 10.930000 -0.042392
1500.000000 10.940000 -0.041234
1500.000000 10.950000 -0.040096
1500.000000 10.960000 -0.038981
1500.000000 10.970000 -0.037887
1500.000000 10.980000 -0.036817
1500.000000 10.990000 -0.035769
1500.000000 11.000000 -0.034746
1500.000000 11.010000 -0.033746
1500.000000 11.020000 -0.032772
1500.000000 11.030000 -0.031824
1500.000000 11.040000 -0.030901
1500.000000 11.050000 -0.030005
1500.000000 11.060000 -0.029137
1500.000000 11.070000 -0.028296
1500.000000 11.080000 -0.027483
1500.000000 11.090000 -0.026700
1500.000000 11.100000 -0.025945
1500.000000 11.110000 -0.025221
1500.000000 11.120000 -0.024527
1500.000000 11.130000 -0.023864
1500.000000 11.140000 -0.023233
1500.000000 11.150000 -0.022633
1500.000000 11.160000 -0.022066
1500.000000 11.170000 -0.021532
1500.000000 11.180000 -0.021032
1500.000000 11.190000 -0.020565
1500.000000 11.200000 -0.020133
1500.000000 11.210000 -0.019736
1500.000000 11.220000 -0.019374
1500.000000 11.230000 -0.019048
1500.000000 11.240000 -0.018757
1500.000000 11.250000 -0.018504
1500.000000 11.260000 -0.018287
1500.000000 11.270000 -0.018107
1500.000000 11.280000 -0.017965
1500.000000 11.290000 -0.017861
1500.000000 11.300000 -0.017795
1500.000000 11.310000 -0.017767
1500.000000 11.320000 -0.017778
1500.000000 11.330000 -0.017828
1500.000000 11.340000 -0.017918
1500.000000 11.350000 -0.018047
1500.000000 11.360000 -0.018215
1500.000000 11.370000 -0.018423
1500.000000 11.380000 -0.018672
1500.000000 11.390000 -0.018960
1500.000000 11.400000 -0.019288
1500.000000 11.410000 -0.019657
1500.000000 11.420000 -0.020066
1500.000000 11.430000 -0.020515
1500.000000 11.440000 -0.021004
1500.000000 11.450000 -0.021534
1500.000000 11.460000 -0.022103
1500.000000 11.470000 -0.022713
1500.000000 11.480000 -0.023363
1500.000000 11.490000 -0.024053
1500.000000 11.500000 -0.024783
1500.000000 11.510000 -0.025552
1500.000000 11.520000 -0.026360
1500.000000 11.530000 -0.027207
1500.000000 11.540000 -0.028094
1500.000000 11.550000 -0.029018
1500.000000 11.560000 -0.029981
1500.000000 11.570000 -0.030981
1500.000000 11.580000 -0.032019
1500.000000 11.590000 -0.033094
1500.000000 11.600000 -0.034206
1500.000000 11.610000 -0.035353
1500.000000 11.620000 -0.036536
1500.000000 11.630000 -0.037755
1500.000000 11.640000 -0.039007
1500.000000 11.650000 -0.040294
1500.000000 11.660000 -0.041614
1500.000000 11.670000 -0.042966
1500.000000 11.680000 -0.044350
1500.000000 11.690000 -0.045766
1500.000000 11.700000 -0.047212
1500.000000 11.710000 -0.048689
1500.000000 11.720000 -0.050194
1500.000000 11.730000 -0.051727
1500.000000 11.740000 -0.053288
1500.000000 11.750000 -0.054875
1500.000000 11.760000 -0.056489
1500.000000 11.770000 -0.058127
1500.000000 11.780000 -0.059788
1500.000000 11.790000 -0.061473
1500.000000 11.800000 -0.063180
1500.000000 11.810000 -0.064908
1500.000000 11.820000 -0.066656
1500.000000 11.830000 -0.068423
1500.000000 11.840000 -0.070208
1500.000000 11.850000 -0.072010
1500.000000 11.860000 -0.073827
1500.000000 11.870000 -0.075660
1500.000000 11.880000 -0.077506
1500.000000 11.890000 -0.079364
1500.000000 11.900000 -0.081234
1500.000000 11.910000 -0.083115
1500.000000 11.920000 -0.085004
1500.000000 11.930000 -0.086901
1500.000000 11.940000 -0.088805
1500.000000 11.950000 -0.090714
1500.000000 11.960000 -0.092628
1500.000000 11.970000 -0.094545
1500.000000 11.980000 -0.096464
1500.000000 11.990000 -0.098383
1500.000000 12.000000 -0.100302
1500.000000 12.010000 -0.102220
1500.000000 12.020000 -0.104134
1500.000000 12.030000 -0.106044
1500.000000 12.040000 -0.107948
1500.000000 12.050000 -0.109846
1500.000000 12.060000 -0.111736
1500.000000 12.070000 -0.113616
1500.000000 12.080000 -0.115487
1500.000000 12.090000 -0.117345
1500.000000 12.100000 -0.119191
1500.000000 12.110000 -0.121023
1500.000000 12.120000 -0.122840
1500.000000 12.130000 -0.124640
1500.000000 12.140000 -0.126422
1500.000000 12.150000 -0.128186
1500.000000 12.160000 -0.129930
1500.000000 12.170000 -0.131653
1500.000000 12.180000 -0.133353
1500.000000 12.190000 -0.135030
1500.000000 12.200000 -0.136683
1500.000000 12.210000 -0.138310
1500.000000 12.220000 -0.139911
1500.000000 12.230000 -0.141484
1500.000000 12.240000 -0.143028
1500.000000 12.250000 -0.144543
1500.000000 12.260000 -0.146026
1500.000000 12.270000 -0.147479
1500.000000 12.280000 -0.148898
1500.000000 12.290000 -0.150284
1500.000000 12.300000 -0.151636
1500.000000 12.310000 -0.152952
1500.000000 12.320000 -0.154232
1500.000000 12.330000 -0.155475
1500.000000 12.340000 -0.156680
1500.000000 12.350000 -0.157847
1500.000000 12.360000 -0.158974
1500.000000 12.369999 -0.160061
1500.000000 12.379999 -0.161108
1500.000000 12.389999 -0.162113
1500.000000 12.399999 -0.163076
1500.000000 12.409999 -0.163997
1500.000000 12.419999 -0.164874
1500.000000 12.429999 -0.165708
1500.000000 12.439999 -0.166497
1500.000000 12.449999 -0.167242
1500.000000 12.459999 -0.167942
1500.000000 12.469999 -0.168596
1500.000000 12.479999 -0.169204
1500.000000 12.489999 -0.169766
1500.000000 12.499999 -0.170282
1500.000000 12.509999 -0.170750
1500.000000 12.519999 -0.171172
1500.000000 12.529999 -0.171546
1500.000000 12.539999 -0.171873
1500.000000 12.549999 -0.172153
1500.000000 12.559999 -0.172384
1500.000000 12.569999 -0.172568
1500.000000 12.579999 -0.172704
1500.000000 12.589999 -0.172792
1500.000000 12.599999 -0.172833
1500.000000 12.609999 -0.172826
1500.000000 12.619999 -0.172771
1500.000000 12.629999 -0.172668
1500.000000 12.639999 -0.172519
1500.000000 12.649999 -0.172322
1500.000000 12.659999 -0.172078
1500.000000 12.669999 -0.171787
1500.000000 12.679999 -0.171450
1500.000000 12.689999 -0.171068
1500.000000 12.699999 -0.170639
1500.000000 12.709999 -0.170165
1500.000000 12.719999 -0.169646
1500.000000 12.729999 -0.169082
1500.000000 12.739999 -0.168475
1500.000000 12.749999 -0.167823
1500.000000 12.759999 -0.167129
1500.000000 12.769999 -0.166392
1500.000000 12.779999 -0.165614
1500.000000 12.789999 -0.164794
1500.000000 12.799999 -0.163933
1500.000000 12.809999 -0.163032
1500.000000 12.819999 -0.162091
1500.000000 12.829999 -0.161112
1500.000000 12.839999 -0.160095
1500.000000 12.849999 -0.159041
1500.000000 12.859999 -0.157950
1500.000000 12.869999 -0.156823
1500.000000 12.879999 -0.155661
1500.000000 12.889999 -0.154465
1500.000000 12.899999 -0.153236
1500.000000 12.909999 -0.151974
1500.000000 12.919999 -0.150681
1500.000000 12.929999 -0.149356
1500.000000 12.939999 -0.148002
1500.000000 12.949999 -0.146619
1500.000000 12.959999 -0.145208
1500.000000 12.969999 -0.143769
1500.000000 12.979999 -0.142305
1500.000000 12.989999 -0.140815
1500.000000 12.999999 -0.139300
1500.000000 13.009999 -0.137763
1500.000000 13.019999 -0.136203
1500.000000 13.029999 -0.134621
1500.000000 13.039999 -0.133019
1500.000000 13.049999 -0.131398
1500.000000 13.059999 -0.129758
1500.000000 13.069999 -0.128101
1500.000000 13.079999 -0.126427
1500.000000 13.089999 -0.124738
1500.000000 13.099999 -0.123034
1500.000000 13.109999 -0.121317
1500.000000 13.119999 -0.119588
1500.000000 13.129999 -0.117846
1500.000000 13.139999 -0.116095
1500.000000 13.149999 -0.114334
1500.000000 13.159999 -0.112564
1500.000000 13.169999 -0.110787
1500.000000 13.179999 -0.109003
1500.000000 13.189999 -0.107214
1500.000000 13.199999 -0.105420
1500.000000 13.209999 -0.103623
1500.000000 13.219999 -0.101823
1500.000000 13.229999 -0.100021
1500.000000 13.239999 -0.098218
1500.000000 13.249999 -0.096415
1500.000000 13.259999 -0.094613
1500.000000 13.269999 -0.092813
1500.000000 13.279999 -0.091016
1500.000000 13.289999 -0.089223
1500.000000 13.299999 -0.087434
1500.000000 13.309999 -0.085651
1500.000000 13.319999 -0.083873
1500.000000 13.329999 -0.082103
1500.000000 13.339999 -0.080341
1500.000000 13.349999 -0.078587
1500.000000 13.359999 -0.076842
1500.000000 13.369999 -0.075108
1500.000000 13.379999 -0.073384
1500.000000 13.389999 -0.071673
1500.000000 13.399999 -0.069973
1500.000000 13.409999 -0.068287
1500.000000 13.419999 -0.066614
1500.000000 13.429999 -0.064955
1500.000000 13.439999 -0.063311
1500.000000 13.449999 -0.061683
1500.000000 13.459999 -0.060071
1500.000000 13.469999 -0.058476
1500.000000 13.479999 -0.056898
1500.000000 13.489999 -0.055338
1500.000000 13.499999 -0.053796
1500.000000 13.509999 -0.052273
1500.000000 13.519999 -0.050769
1500.000000 13.529999 -0.049285
1500.000000 13.539999 -0.047821
1500.000000 13.549999 -0.046378
1500.000000 13.559999 -0.044955
1500.000000 13.569999 -0.043554
1500.000000 13.579999 -0.042175
1500.000000 13.589999 -0.040818
1500.000000 13.599999 -0.039483
1500.000000 13.609999 -0.038170
1500.000000 13.619999 -0.036881
1500.000000 13.629999 -0.035614
1500.000000 13.639999 -0.034371
1500.000000 13.649999 -0.033151
1500.000000 13.659999 -0.031955
1500.000000 13.669999 -0.030783
1500.000000 13.679999 -0.029635
1500.000000 13.689999 -0.028511
1500.000000 13.699999 -0.027412
1500.000000 13.709999 -0.026336
1500.000000 13.719999 -0.025285
1500.000000 13.729999 -0.024259
1500.000000 13.739999 -0.023256
1500.000000 13.749999 -0.022279
1500.000000 13.759999 -0.021325
1500.000000 13.769999 -0.020396
1500.000000 13.779999 -0.019492
1500.000000 13.789999 -0.018612
1500.000000 13.799999 -0.017756
1500.000000 13.809999 -0.016924
1500.000000 13.819999 -0.016116
1500.000000 13.829999 -0.015331
1500.000000 13.839999 -0.014571
1500.000000 13.849999 -0.013834
1500.000000 13.859999 -0.013120
1500.000000 13.869999 -0.012430
1500.000000 13.879999 -0.011762
1500.000000 13.889999 -0.011117
1500.000000 13.899999 -0.010495
1500.000000 13.909999 -0.009894
1500.000000 13.919999 -0.009316
1500.000000 13.929999 -0.008759
1500.000000 13.939999 -0.008224
1500.000000 13.949999 -0.007710
1500.000000 13.959999 -0.007216
1500.000000 13.969999 -0.006743
1500.000000 13.979999 -0.006290
1500.000000 13.989999 -0.005857
1500.000000 13.999999 -0.005442
1500.000000 14.009999 -0.005047
1500.000000 14.019999 -0.004671
1500.000000 14.029999 -0.004313
1500.000000 14.039999 -0.003972
1500.000000 14.049999 -0.003649
1500.000000 14.059999 -0.003344
1500.000000 14.069999 -0.003054
1500.000000 14.079999 -0.002781
1500.000000 14.089999 -0.002524
1500.000000 14.099999 -0.002282
1500.000000 14.109999 -0.002055
1500.000000 14.119999 -0.001842
1500.000000 14.129999 -0.001643
1500.000000 14.139999 -0.001458
1500.000000 14.149999 -0.001286
1500.000000 14.159999 -0.001126
1500.000000 14.169999 -0.000979
1500.000000 14.179999 -0.000844
1500.000000 14.189999 -0.000720
1500.000000 14.199999 -0.000606
1500.000000 14.209999 -0.000503
1500.000000 14.219999 -0.000410
1500.000000 14.229999 -0.000326
1500.000000 14.239999 -0.000251
1500.000000 14.249999 -0.000185
1500.000000 14.259999 -0.000126
1500.000000 14.269999 -0.000076
1500.000000 14.279999 -0.000032
1500.000000 14.289999 0.000005
1500.000000 14.299999 0.000036
1500.000000 14.309999 0.000061
1500.000000 14.319999 0.000081
1500.000000 14.329999 0.000096
1500.000000 14.339999 0.000106
1500.000000 14.349999 0.000112
1500.000000 14.359999 0.000115
1500.000000 14.369999 0.000115
1500.000000 14.379999 0.000112
1500.000000 14.389999 0.000107
1500.000000 14.399999 0.000099
1500.000000 14.409999 0.000091
1500.000000 14.419999 0.000081
1500.000000 14.429999 0.000070
1500.000000 14.439999 0.000059
1500.000000 14.449999 0.000048
1500.000000 14.459999 0.000037
1500.000000 14.469999 0.000027
1500.000000 14.479999 0.000018
1500.000000 14.489999 0.000011
1500.000000 14.499999 0.000005
1500.000000 14.509999 0.000001
1500.000000 14.519999 0.000000
1500.000000 14.529999 0.000000
1500.000000 14.539999 0.000000
1500.000000 14.549999 0.000000
1500.000000 14.559999 0.000001
1500.000000 14.569999 0.000001
1500.000000 14.579999 0.000001
1500.000000 14.589999 0.000002
1500.000000 14.599999 0.000003
1500.000000 14.609999 0.000004
1500.000000 14.619999 0.000004
1500.000000 14.629999 0.000005
1500.000000 14.639999 0.000007
1500.000000 14.649999 0.000008
1500.000000 14.659999 0.000009
1500.000000 14.669999 0.000010
1500.000000 14.679999 0.000012
1500.000000 14.689999 0.000013
1500.000000 14.699999 0.000015
1500.000000 14.709999 0.000016
1500.000000 14.719999 0.000018
1500.000000 14.729999 0.000019
1500.000000 14.739999 0.000021
1500.000000 14.749999 0.000023
1500.000000 14.759999 0.000025
1500.000000 14.769999 0.000026
1500.000000 14.779999 0.000028
1500.000000 14.789999 0.000030
1500.000000 14.799999 0.000032
1500.000000 14.809999 0.000034
1500.000000 14.819999 0.000036
1500.000000 14.829999 0.000038
1500.000000 14.839999 0.000039
1500.000000 14.849999 0.000041
1500.000000 14.859999 0.000043
1500.000000 14.869999 0.000045
1500.000000 14.879999 0.000047
1500.000000 14.889999 0.000048
1500.000000 14.899999 0.000050
1500.000000 14.909999 0.000052
1500.000000 14.919999 0.000053
1500.000000 14.929999 0.000055
1500.000000 14.939999 0.000056
1500.000000 14.949999 0.000057
1500.000000 14.959999 0.000058
1500.000000 14.969999 0.000059
1500.000000 14.979999 0.000060
1500.000000 14.989999 0.000061
1500.000000 14.999999 0.000062
