1500.000000 -10.000000 0.003485
1500.000000 -9.990000 0.003449
1500.000000 -9.980000 0.003414
1500.000000 -9.970000 0.003378
1500.000000 -9.960000 0.003343
1500.000000 -9.950000 0.003308
1500.000000 -9.940000 0.003272
1500.000000 -9.930000 0.003237
1500.000000 -9.920000 0.003202
1500.000000 -9.910000 0.003167
1500.000000 -9.900000 0.003132
1500.000000 -9.890000 0.003097
1500.000000 -9.880000 0.003061
1500.000000 -9.870000 0.003026
1500.000000 -9.860000 0.002991
1500.000000 -9.850000 0.002955
1500.000000 -9.840000 0.002920
1500.000000 -9.830000 0.002884
1500.000000 -9.820000 0.002848
1500.000000 -9.810000 0.002812
1500.000000 -9.800000 0.002776
1500.000000 -9.790000 0.002739
1500.000000 -9.780000 0.002702
1500.000000 -9.770000 0.002665
1500.000000 -9.760000 0.002628
1500.000000 -9.750000 0.002590
1500.000000 -9.740000 0.002552
1500.000000 -9.730000 0.002513
1500.000000 -9.720000 0.002474
1500.000000 -9.710000 0.002434
1500.000000 -9.700000 0.002395
1500.000000 -9.690000 0.002354
1500.000000 -9.680000 0.002313
1500.000000 -9.670000 0.002272
1500.000000 -9.660000 0.002229
1500.000000 -9.650000 0.002187
1500.000000 -9.640000 0.002143
1500.000000 -9.630000 0.002099
1500.000000 -9.620000 0.002055
1500.000000 -9.610000 0.002009
1500.000000 -9.600000 0.001963
1500.000000 -9.590000 0.001916
1500.000000 -9.580000 0.001869
1500.000000 -9.570000 0.001820
1500.000000 -9.560000 0.001771
1500.000000 -9.550000 0.001721
1500.000000 -9.540000 0.001670
1500.000000 -9.530000 0.001618
1500.000000 -9.520000 0.001566
1500.000000 -9.510000 0.001512
1500.000000 -9.500000 0.001457
1500.000000 -9.490000 0.001402
1500.000000 -9.480000 0.001346
1500.000000 -9.470000 0.001289
1500.000000 -9.460000 0.001230
1500.000000 -9.450000 0.001171
1500.000000 -9.440000 0.001111
1500.000000 -9.430000 0.001050
1500.000000 -9.420000 0.000988
1500.000000 -9.410000 0.000925
1500.000000 -9.400000 0.000861
1500.000000 -9.390000 0.000796
1500.000000 -9.380000 0.000730
1500.000000 -9.370000 0.000663
1500.000000 -9.360000 0.000595
1500.000000 -9.350000 0.000526
1500.000000 -9.340000 0.000456
1500.000000 -9.330000 0.000386
1500.000000 -9.320000 0.000314
1500.000000 -9.310000 0.000242
1500.000000 -9.300000 0.000168
1500.000000 -9.290000 0.000094
1500.000000 -9.280000 0.000019
1500.000000 -9.270000 -0.000057
1500.000000 -9.260000 -0.000134
1500.000000 -9.250000 -0.000211
1500.000000 -9.240000 -0.000289
1500.000000 -9.230000 -0.000368
1500.000000 -9.220000 -0.000448
1500.000000 -9.210000 -0.000528
1500.000000 -9.200000 -0.000608
1500.000000 -9.190000 -0.000690
1500.000000 -9.180000 -0.000772
1500.000000 -9.170000 -0.000854
1500.000000 -9.160000 -0.000937
1500.000000 -9.150000 -0.001020
1500.000000 -9.140000 -0.001103
1500.000000 -9.130000 -0.001187
1500.000000 -9.120000 -0.001271
1500.000000 -9.110000 -0.001355
1500.000000 -9.100000 -0.001440
1500.000000 -9.090000 -0.001524
1500.000000 -9.080000 -0.001609
1500.000000 -9.070000 -0.001693
1500.000000 -9.060000 -0.001778
1500.000000 -9.050000 -0.001862
1500.000000 -9.040000 -0.001946
1500.000000 -9.030000 -0.002030
1500.000000 -9.020000 -0.002114
1500.000000 -9.010000 -0.002197
1500.000000 -9.000000 -0.002280
1500.000000 -8.990000 -0.002362
1500.000000 -8.980000 -0.002444
1500.000000 -8.970000 -0.002525
1500.000000 -8.960000 -0.002606
1500.000000 -8.950000 -0.002685
1500.000000 -8.940000 -0.002764
1500.000000 -8.930000 -0.002842
1500.000000 -8.920000 -0.002919
1500.000000 -8.910000 -0.002995
1500.000000 -8.900000 -0.003070
1500.000000 -8.890000 -0.003144
1500.000000 -8.880000 -0.003217
1500.000000 -8.870000 -0.003288
1500.000000 -8.860000 -0.003358
1500.000000 -8.850000 -0.003426
1500.000000 -8.840000 -0.003493
1500.000000 -8.830000 -0.003559
1500.000000 -8.820000 -0.003623
1500.000000 -8.810000 -0.003685
1500.000000 -8.800000 -0.003746
1500.000000 -8.790000 -0.003805
1500.000000 -8.780000 -0.003862
1500.000000 -8.770000 -0.003917
1500.000000 -8.760000 -0.003970
1500.000000 -8.750000 -0.004021
1500.000000 -8.740000 -0.004070
1500.000000 -8.730000 -0.004116
1500.000000 -8.720000 -0.004161
1500.000000 -8.710000 -0.004203
1500.000000 -8.700000 -0.004243
1500.000000 -8.690000 -0.004281
1500.000000 -8.680000 -0.004316
1500.000000 -8.670000 -0.004349
1500.000000 -8.660000 -0.004380
1500.000000 -8.650000 -0.004407
1500.000000 -8.640000 -0.004433
1500.000000 -8.630000 -0.004455
1500.000000 -8.620000 -0.004475
1500.000000 -8.610000 -0.004492
1500.000000 -8.600000 -0.004507
1500.000000 -8.590000 -0.004518
1500.000000 -8.580000 -0.004527
1500.000000 -8.570000 -0.004533
1500.000000 -8.560000 -0.004535
1500.000000 -8.550000 -0.004535
1500.000000 -8.540000 -0.004532
1500.000000 -8.530000 -0.004526
1500.000000 -8.520000 -0.004517
1500.000000 -8.510000 -0.004505
1500.000000 -8.500000 -0.004489
1500.000000 -8.490000 -0.004470
1500.000000 -8.480000 -0.004449
1500.000000 -8.470000 -0.004424
1500.000000 -8.460000 -0.004395
1500.000000 -8.450000 -0.004364
1500.000000 -8.440000 -0.004329
1500.000000 -8.430000 -0.004290
1500.000000 -8.420000 -0.004249
1500.000000 -8.410000 -0.004203
1500.000000 -8.400000 -0.004155
1500.000000 -8.390000 -0.004103
1500.000000 -8.380000 -0.004047
1500.000000 -8.370000 -0.003987
1500.000000 -8.360000 -0.003925
1500.000000 -8.350000 -0.003858
1500.000000 -8.340000 -0.003788
1500.000000 -8.330000 -0.003714
1500.000000 -8.320000 -0.003636
1500.000000 -8.310000 -0.003554
1500.000000 -8.300000 -0.003469
1500.000000 -8.290000 -0.003379
1500.000000 -8.280000 -0.003286
1500.000000 -8.270000 -0.003188
1500.000000 -8.260000 -0.003086
1500.000000 -8.250000 -0.002980
1500.000000 -8.240000 -0.002870
1500.000000 -8.230000 -0.002756
1500.000000 -8.220000 -0.002637
1500.000000 -8.210000 -0.002513
1500.000000 -8.200000 -0.002385
1500.000000 -8.190000 -0.002252
1500.000000 -8.180000 -0.002115
1500.000000 -8.170000 -0.001973
1500.000000 -8.160000 -0.001825
1500.000000 -8.150000 -0.001673
1500.000000 -8.140000 -0.001515
1500.000000 -8.130000 -0.001352
1500.000000 -8.120000 -0.001184
1500.000000 -8.110000 -0.001010
1500.000000 -8.100000 -0.000830
1500.000000 -8.090000 -0.000644
1500.000000 -8.080000 -0.000452
1500.000000 -8.070000 -0.000254
1500.000000 -8.060000 -0.000050
1500.000000 -8.050000 0.000161
1500.000000 -8.040000 0.000379
1500.000000 -8.030000 0.000603
1500.000000 -8.020000 0.000835
1500.000000 -8.010000 0.001074
1500.000000 -8.000000 0.001321
1500.000000 -7.990000 0.001575
1500.000000 -7.980000 0.001837
1500.000000 -7.970000 0.002108
1500.000000 -7.960000 0.002387
1500.000000 -7.950000 0.002675
1500.000000 -7.940000 0.002972
1500.000000 -7.930000 0.003278
1500.000000 -7.920000 0.003594
1500.000000 -7.910000 0.003920
1500.000000 -7.900000 0.004256
1500.000000 -7.890000 0.004602
1500.000000 -7.880000 0.004959
1500.000000 -7.870000 0.005327
1500.000000 -7.860000 0.005707
1500.000000 -7.850000 0.006098
1500.000000 -7.840000 0.006502
1500.000000 -7.830000 0.006918
1500.000000 -7.820000 0.007347
1500.000000 -7.810000 0.007789
1500.000000 -7.800000 0.008244
1500.000000 -7.790000 0.008714
1500.000000 -7.780000 0.009198
1500.000000 -7.770000 0.009696
1500.000000 -7.760000 0.010210
1500.000000 -7.750000 0.010739
1500.000000 -7.740000 0.011285
1500.000000 -7.730000 0.011846
1500.000000 -7.720000 0.012425
1500.000000 -7.710000 0.013021
1500.000000 -7.700000 0.013634
1500.000000 -7.690000 0.014266
1500.000000 -7.680000 0.014916
1500.000000 -7.670000 0.015585
1500.000000 -7.660000 0.016274
1500.000000 -7.650000 0.016983
1500.000000 -7.640000 0.017712
1500.000000 -7.630000 0.018462
1500.000000 -7.620000 0.019233
1500.000000 -7.610000 0.020026
1500.000000 -7.600000 0.020841
1500.000000 -7.590000 0.021679
1500.000000 -7.580000 0.022541
1500.000000 -7.570000 0.023426
1500.000000 -7.560000 0.024335
1500.000000 -7.550000 0.025268
1500.000000 -7.540000 0.026227
1500.000000 -7.530000 0.027211
1500.000000 -7.520000 0.028221
1500.000000 -7.510000 0.029257
1500.000000 -7.500000 0.030320
1500.000000 -7.490000 0.031411
1500.000000 -7.480000 0.032529
1500.000000 -7.470000 0.033675
1500.000000 -7.460000 0.034850
1500.000000 -7.450000 0.036054
1500.000000 -7.440000 0.037287
1500.000000 -7.430000 0.038550
1500.000000 -7.420000 0.039843
1500.000000 -7.410000 0.041166
1500.000000 -7.400000 0.042521
1500.000000 -7.390000 0.043906
1500.000000 -7.380000 0.045323
1500.000000 -7.370000 0.046772
1500.000000 -7.360000 0.048253
1500.000000 -7.350000 0.049767
1500.000000 -7.340000 0.051313
1500.000000 -7.330000 0.052892
1500.000000 -7.320000 0.054505
1500.000000 -7.310000 0.056151
1500.000000 -7.300000 0.057830
1500.000000 -7.290000 0.059544
1500.000000 -7.280000 0.061292
1500.000000 -7.270000 0.063073
1500.000000 -7.260000 0.064890
1500.000000 -7.250000 0.066740
1500.000000 -7.240000 0.068625
1500.000000 -7.230000 0.070545
1500.000000 -7.220000 0.072500
1500.000000 -7.210000 0.074489
1500.000000 -7.200000 0.076513
1500.000000 -7.190000 0.078571
1500.000000 -7.180000 0.080664
1500.000000 -7.170000 0.082792
1500.000000 -7.160000 0.084954
1500.000000 -7.150000 0.087151
1500.000000 -7.140000 0.089382
1500.000000 -7.130000 0.091646
1500.000000 -7.120000 0.093945
1500.000000 -7.110000 0.096277
1500.000000 -7.100000 0.098643
1500.000000 -7.090000 0.101041
1500.000000 -7.080000 0.103472
1500.000000 -7.070000 0.105936
1500.000000 -7.060000 0.108432
1500.000000 -7.050000 0.110959
1500.000000 -7.040000 0.113517
1500.000000 -7.030000 0.116106
1500.000000 -7.020000 0.118726
1500.000000 -7.010000 0.121374
1500.000000 -7.000000 0.124053
1500.000000 -6.990000 0.126759
1500.000000 -6.980000 0.129494
1500.000000 -6.970000 0.132256
1500.000000 -6.960000 0.135044
1500.000000 -6.950000 0.137858
1500.000000 -6.940000 0.140698
1500.000000 -6.930000 0.143562
1500.000000 -6.920000 0.146449
1500.000000 -6.910000 0.149360
1500.000000 -6.900000 0.152292
1500.000000 -6.890000 0.155245
1500.000000 -6.880000 0.158219
1500.000000 -6.870000 0.161211
1500.000000 -6.860000 0.164222
1500.000000 -6.850000 0.167250
1500.000000 -6.840000 0.170295
1500.000000 -6.830000 0.173354
1500.000000 -6.820000 0.176427
1500.000000 -6.810000 0.179514
1500.000000 -6.800000 0.182612
1500.000000 -6.790000 0.185721
1500.000000 -6.780000 0.188839
1500.000000 -6.770000 0.191966
1500.000000 -6.760000 0.195100
1500.000000 -6.750000 0.198239
1500.000000 -6.740000 0.201383
1500.000000 -6.730000 0.204530
1500.000000 -6.720000 0.207679
1500.000000 -6.710000 0.210829
1500.000000 -6.700000 0.213977
1500.000000 -6.690000 0.217124
1500.000000 -6.680000 0.220266
1500.000000 -6.670000 0.223404
1500.000000 -6.660000 0.226535
1500.000000 -6.650000 0.229658
1500.000000 -6.640000 0.232772
1500.000000 -6.630000 0.235875
1500.000000 -6.620000 0.238965
1500.000000 -6.610000 0.242042
1500.000000 -6.600000 0.245103
1500.000000 -6.590000 0.248147
1500.000000 -6.580000 0.251173
1500.000000 -6.570000 0.254178
1500.000000 -6.560000 0.257162
1500.000000 -6.550000 0.260123
1500.000000 -6.540000 0.263058
1500.000000 -6.530000 0.265968
1500.000000 -6.520000 0.268849
1500.000000 -6.510000 0.271701
1500.000000 -6.500000 0.274522
1500.000000 -6.490000 0.277310
1500.000000 -6.480000 0.280064
1500.000000 -6.470000 0.282782
1500.000000 -6.460000 0.285463
1500.000000 -6.450000 0.288104
1500.000000 -6.440000 0.290705
1500.000000 -6.430000 0.293264
1500.000000 -6.420000 0.295779
1500.000000 -6.410000 0.298248
1500.000000 -6.400000 0.300671
1500.000000 -6.390000 0.303046
1500.000000 -6.380000 0.305370
1500.000000 -6.370000 0.307643
1500.000000 -6.360000 0.309863
1500.000000 -6.350000 0.312029
1500.000000 -6.340000 0.314138
1500.000000 -6.330000 0.316191
1500.000000 -6.320000 0.318184
1500.000000 -6.310000 0.320118
1500.000000 -6.300000 0.321989
1500.000000 -6.290000 0.323798
1500.000000 -6.280000 0.325543
1500.000000 -6.270000 0.327221
1500.000000 -6.260000 0.328833
1500.000000 -6.250000 0.330376
1500.000000 -6.240000 0.331850
1500.000000 -6.230000 0.333253
1500.000000 -6.220000 0.334584
1500.000000 -6.210000 0.335841
1500.000000 -6.200000 0.337024
1500.000000 -6.190000 0.338132
1500.000000 -6.180000 0.339163
1500.000000 -6.170000 0.340117
1500.000000 -6.160000 0.340991
1500.000000 -6.150000 0.341786
1500.000000 -6.140000 0.342500
1500.000000 -6.130000 0.343133
1500.000000 -6.120000 0.343683
1500.000000 -6.110000 0.344149
1500.000000 -6.100000 0.344532
1500.000000 -6.090000 0.344829
1500.000000 -6.080000 0.345040
1500.000000 -6.070000 0.345165
1500.000000 -6.060000 0.345203
1500.000000 -6.050000 0.345152
1500.000000 -6.040000 0.345014
1500.000000 -6.030000 0.344786
1500.000000 -6.020000 0.344468
1500.000000 -6.010000 0.344061
1500.000000 -6.000000 0.343563
1500.000000 -5.990000 0.342973
1500.000000 -5.980000 0.342293
1500.000000 -5.970000 0.341521
1500.000000 -5.960000 0.340657
1500.000000 -5.950000 0.339701
1500.000000 -5.940000 0.338653
1500.000000 -5.930000 0.337512
1500.000000 -5.920000 0.336278
1500.000000 -5.910000 0.334952
1500.000000 -5.900000 0.333532
1500.000000 -5.890000 0.332021
1500.000000 -5.880000 0.330416
1500.000000 -5.870000 0.328719
1500.000000 -5.860000 0.326930
1500.000000 -5.850000 0.325048
1500.000000 -5.840000 0.323074
1500.000000 -5.830000 0.321009
1500.000000 -5.820000 0.318852
1500.000000 -5.810000 0.316604
1500.000000 -5.800000 0.314266
1500.000000 -5.790000 0.311837
1500.000000 -5.780000 0.309319
1500.000000 -5.770000 0.306712
1500.000000 -5.760000 0.304015
1500.000000 -5.750000 0.301231
1500.000000 -5.740000 0.298360
1500.000000 -5.730000 0.295402
1500.000000 -5.720000 0.292358
1500.000000 -5.710000 0.289229
1500.000000 -5.700000 0.286016
1500.000000 -5.690000 0.282719
1500.000000 -5.680000 0.279340
1500.000000 -5.670000 0.275880
1500.000000 -5.660000 0.272338
1500.000000 -5.650000 0.268718
1500.000000 -5.640000 0.265018
1500.000000 -5.630000 0.261242
1500.000000 -5.620000 0.257389
1500.000000 -5.610000 0.253460
1500.000000 -5.600000 0.249458
1500.000000 -5.590000 0.245384
1500.000000 -5.580000 0.241237
1500.000000 -5.570000 0.237021
1500.000000 -5.560000 0.232736
1500.000000 -5.550000 0.228384
1500.000000 -5.540000 0.223965
1500.000000 -5.530000 0.219482
1500.000000 -5.520000 0.214936
1500.000000 -5.510000 0.210329
1500.000000 -5.500000 0.205661
1500.000000 -5.490000 0.200934
1500.000000 -5.480000 0.196151
1500.000000 -5.470000 0.191313
1500.000000 -5.460000 0.186420
1500.000000 -5.450000 0.181476
1500.000000 -5.440000 0.176481
1500.000000 -5.430000 0.171438
1500.000000 -5.420000 0.166347
1500.000000 -5.410000 0.161211
1500.000000 -5.400000 0.156032
1500.000000 -5.390000 0.150812
1500.000000 -5.380000 0.145551
1500.000000 -5.370000 0.140253
1500.000000 -5.360000 0.134918
1500.000000 -5.350000 0.129549
1500.000000 -5.340000 0.124147
1500.000000 -5.330000 0.118715
1500.000000 -5.320000 0.113254
1500.000000 -5.310000 0.107767
1500.000000 -5.300000 0.102255
1500.000000 -5.290000 0.096719
1500.000000 -5.280000 0.091163
1500.000000 -5.270000 0.085588
1500.000000 -5.260000 0.079996
1500.000000 -5.250000 0.074389
1500.000000 -5.240000 0.068769
1500.000000 -5.230000 0.063138
1500.000000 -5.220000 0.057497
1500.000000 -5.210000 0.051850
1500.000000 -5.200000 0.046197
1500.000000 -5.190000 0.040542
1500.000000 -5.180000 0.034885
1500.000000 -5.170000 0.029229
1500.000000 -5.160000 0.023576
1500.000000 -5.150000 0.017927
1500.000000 -5.140000 0.012286
1500.000000 -5.130000 0.006653
1500.000000 -5.120000 0.001031
1500.000000 -5.110000 -0.004579
1500.000000 -5.100000 -0.010174
1500.000000 -5.090000 -0.015752
1500.000000 -5.080000 -0.021312
1500.000000 -5.070000 -0.026851
1500.000000 -5.060000 -0.032368
1500.000000 -5.050000 -0.037861
1500.000000 -5.040000 -0.043328
1500.000000 -5.030000 -0.048767
1500.000000 -5.020000 -0.054176
1500.000000 -5.010000 -0.059554
1500.000000 -5.000000 -0.064898
1500.000000 -4.990000 -0.070207
1500.000000 -4.980000 -0.075479
1500.000000 -4.970000 -0.080713
1500.000000 -4.960000 -0.085906
1500.000000 -4.950000 -0.091057
1500.000000 -4.940000 -0.096164
1500.000000 -4.930000 -0.101226
1500.000000 -4.920000 -0.106240
1500.000000 -4.910000 -0.111207
1500.000000 -4.900000 -0.116122
1500.000000 -4.890000 -0.120987
1500.000000 -4.880000 -0.125797
1500.000000 -4.870000 -0.130554
1500.000000 -4.860000 -0.135254
1500.000000 -4.850000 -0.139896
1500.000000 -4.840000 -0.144479
1500.000000 -4.830000 -0.149002
1500.000000 -4.820000 -0.153464
1500.000000 -4.810000 -0.157862
1500.000000 -4.800000 -0.162197
1500.000000 -4.790000 -0.166466
1500.000000 -4.780000 -0.170668
1500.000000 -4.770000 -0.174803
1500.000000 -4.760000 -0.178869
1500.000000 -4.750000 -0.182866
1500.000000 -4.740000 -0.186791
1500.000000 -4.730000 -0.190645
1500.000000 -4.720000 -0.194426
1500.000000 -4.710000 -0.198133
1500.000000 -4.700000 -0.201766
1500.000000 -4.690000 -0.205323
1500.000000 -4.680000 -0.208805
1500.000000 -4.670000 -0.212209
1500.000000 -4.660000 -0.215537
1500.000000 -4.650000 -0.218786
1500.000000 -4.640000 -0.221956
1500.000000 -4.630000 -0.225047
1500.000000 -4.620000 -0.228058
1500.000000 -4.610000 -0.230989
1500.000000 -4.600000 -0.233839
1500.000000 -4.590000 -0.236608
1500.000000 -4.580000 -0.239296
1500.000000 -4.570000 -0.241902
1500.000000 -4.560000 -0.244426
1500.000000 -4.550000 -0.246868
1500.000000 -4.540000 -0.249228
1500.000000 -4.530000 -0.251505
1500.000000 -4.520000 -0.253700
1500.000000 -4.510000 -0.255812
1500.000000 -4.500000 -0.257842
1500.000000 -4.490000 -0.259790
1500.000000 -4.480000 -0.261655
1500.000000 -4.470000 -0.263437
1500.000000 -4.460000 -0.265138
1500.000000 -4.450000 -0.266757
1500.000000 -4.440000 -0.268295
1500.000000 -4.430000 -0.269751
1500.000000 -4.420000 -0.271127
1500.000000 -4.410000 -0.272422
1500.000000 -4.400000 -0.273637
1500.000000 -4.390000 -0.274773
1500.000000 -4.380000 -0.275830
1500.000000 -4.370000 -0.276808
1500.000000 -4.360000 -0.277708
1500.000000 -4.350000 -0.278531
1500.000000 -4.340000 -0.279278
1500.000000 -4.330000 -0.279948
1500.000000 -4.320000 -0.280544
1500.000000 -4.310000 -0.281065
1500.000000 -4.300000 -0.281513
1500.000000 -4.290000 -0.281888
1500.000000 -4.280000 -0.282191
1500.000000 -4.270000 -0.282423
1500.000000 -4.260000 -0.282585
1500.000000 -4.250000 -0.282677
1500.000000 -4.240000 -0.282702
1500.000000 -4.230000 -0.282660
1500.000000 -4.220000 -0.282551
1500.000000 -4.210000 -0.282378
1500.000000 -4.200000 -0.282140
1500.000000 -4.190000 -0.281840
1500.000000 -4.180000 -0.281478
1500.000000 -4.170000 -0.281055
1500.000000 -4.160000 -0.280573
1500.000000 -4.150000 -0.280033
1500.000000 -4.140000 -0.279435
1500.000000 -4.130000 -0.278782
1500.000000 -4.120000 -0.278074
1500.000000 -4.110000 -0.277313
1500.000000 -4.100000 -0.276500
1500.000000 -4.090000 -0.275635
1500.000000 -4.080000 -0.274722
1500.000000 -4.070000 -0.273760
1500.000000 -4.060000 -0.272750
1500.000000 -4.050000 -0.271696
1500.000000 -4.040000 -0.270596
1500.000000 -4.030000 -0.269454
1500.000000 -4.020000 -0.268270
1500.000000 -4.010000 -0.267045
1500.000000 -4.000000 -0.265781
1500.000000 -3.990000 -0.264480
1500.000000 -3.980000 -0.263141
1500.000000 -3.970000 -0.261768
1500.000000 -3.960000 -0.260360
1500.000000 -3.950000 -0.258920
1500.000000 -3.940000 -0.257448
1500.000000 -3.930000 -0.255946
1500.000000 -3.920000 -0.254416
1500.000000 -3.910000 -0.252857
1500.000000 -3.900000 -0.251273
1500.000000 -3.890000 -0.249663
1500.000000 -3.880000 -0.248029
1500.000000 -3.870000 -0.246373
1500.000000 -3.860000 -0.244695
1500.000000 -3.850000 -0.242997
1500.000000 -3.840000 -0.241280
1500.000000 -3.830000 -0.239544
1500.000000 -3.820000 -0.237792
1500.000000 -3.810000 -0.236024
1500.000000 -3.800000 -0.234241
1500.000000 -3.790000 -0.232445
1500.000000 -3.780000 -0.230636
1500.000000 -3.770000 -0.228816
1500.000000 -3.760000 -0.226985
1500.000000 -3.750000 -0.225144
1500.000000 -3.740000 -0.223295
1500.000000 -3.730000 -0.221438
1500.000000 -3.720000 -0.219575
1500.000000 -3.710000 -0.217705
1500.000000 -3.700000 -0.215830
1500.000000 -3.690000 -0.213952
1500.000000 -3.680000 -0.212069
1500.000000 -3.670000 -0.210184
1500.000000 -3.660000 -0.208297
1500.000000 -3.650000 -0.206409
1500.000000 -3.640000 -0.204520
1500.000000 -3.630000 -0.202632
1500.000000 -3.620000 -0.200744
1500.000000 -3.610000 -0.198858
1500.000000 -3.600000 -0.196973
1500.000000 -3.590000 -0.195091
1500.000000 -3.580000 -0.193212
1500.000000 -3.570000 -0.191336
1500.000000 -3.560000 -0.189465
1500.000000 -3.550000 -0.187598
1500.000000 -3.540000 -0.185735
1500.000000 -3.530000 -0.183878
1500.000000 -3.520000 -0.182027
1500.000000 -3.510000 -0.180181
1500.000000 -3.500000 -0.178341
1500.000000 -3.490000 -0.176508
1500.000000 -3.480000 -0.174681
1500.000000 -3.470000 -0.172862
1500.000000 -3.460000 -0.171049
1500.000000 -3.450000 -0.169244
1500.000000 -3.440000 -0.167446
1500.000000 -3.430000 -0.165656
1500.000000 -3.420000 -0.163873
1500.000000 -3.410000 -0.162099
1500.000000 -3.400000 -0.160331
1500.000000 -3.390000 -0.158572
1500.000000 -3.380000 -0.156821
1500.000000 -3.370000 -0.155077
1500.000000 -3.360000 -0.153341
1500.000000 -3.350000 -0.151613
1500.000000 -3.340000 -0.149892
1500.000000 -3.330000 -0.148180
1500.000000 -3.320000 -0.146474
1500.000000 -3.310000 -0.144776
1500.000000 -3.300000 -0.143086
1500.000000 -3.290000 -0.141403
1500.000000 -3.280000 -0.139726
1500.000000 -3.270000 -0.138057
1500.000000 -3.260000 -0.136394
1500.000000 -3.250000 -0.134737
1500.000000 -3.240000 -0.133087
1500.000000 -3.230000 -0.131444
1500.000000 -3.220000 -0.129806
1500.000000 -3.210000 -0.128173
1500.000000 -3.200000 -0.126547
1500.000000 -3.190000 -0.124925
1500.000000 -3.180000 -0.123308
1500.000000 -3.170000 -0.121697
1500.000000 -3.160000 -0.120089
1500.000000 -3.150000 -0.118487
1500.000000 -3.140000 -0.116888
1500.000000 -3.130000 -0.115293
1500.000000 -3.120000 -0.113701
1500.000000 -3.110000 -0.112113
1500.000000 -3.100000 -0.110528
1500.000000 -3.090000 -0.108946
1500.000000 -3.080000 -0.107367
1500.000000 -3.070000 -0.105790
1500.000000 -3.060000 -0.104215
1500.000000 -3.050000 -0.102642
1500.000000 -3.040000 -0.101071
1500.000000 -3.030000 -0.099502
1500.000000 -3.020000 -0.097934
1500.000000 -3.010000 -0.096367
1500.000000 -3.000000 -0.094801
1500.000000 -2.990000 -0.093235
1500.000000 -2.980000 -0.091671
1500.000000 -2.970000 -0.090107
1500.000000 -2.960000 -0.088543
1500.000000 -2.950000 -0.086979
1500.000000 -2.940000 -0.085415
1500.000000 -2.930000 -0.083851
1500.000000 -2.920000 -0.082287
1500.000000 -2.910000 -0.080722
1500.000000 -2.900000 -0.079157
1500.000000 -2.890000 -0.077592
1500.000000 -2.880000 -0.076025
1500.000000 -2.870000 -0.074458
1500.000000 -2.860000 -0.072891
1500.000000 -2.850000 -0.071322
1500.000000 -2.840000 -0.069752
1500.000000 -2.830000 -0.068182
1500.000000 -2.820000 -0.066611
1500.000000 -2.810000 -0.065038
1500.000000 -2.800000 -0.063465
1500.000000 -2.790000 -0.061890
1500.000000 -2.780000 -0.060315
1500.000000 -2.770000 -0.058738
1500.000000 -2.760000 -0.057161
1500.000000 -2.750000 -0.055583
1500.000000 -2.740000 -0.054003
1500.000000 -2.730000 -0.052423
1500.000000 -2.720000 -0.050841
1500.000000 -2.710000 -0.049259
1500.000000 -2.700000 -0.047676
1500.000000 -2.690000 -0.046092
1500.000000 -2.680000 -0.044508
1500.000000 -2.670000 -0.042922
1500.000000 -2.660000 -0.041336
1500.000000 -2.650000 -0.039749
1500.000000 -2.640000 -0.038162
1500.000000 -2.630000 -0.036574
1500.000000 -2.620000 -0.034985
1500.000000 -2.610000 -0.033395
1500.000000 -2.600000 -0.031805
1500.000000 -2.590000 -0.030215
1500.000000 -2.580000 -0.028623
1500.000000 -2.570000 -0.027031
1500.000000 -2.560000 -0.025439
1500.000000 -2.550000 -0.023845
1500.000000 -2.540000 -0.022251
1500.000000 -2.530000 -0.020656
1500.000000 -2.520000 -0.019060
1500.000000 -2.510000 -0.017462
1500.000000 -2.500000 -0.015864
1500.000000 -2.490000 -0.014264
1500.000000 -2.480000 -0.012663
1500.000000 -2.470000 -0.011060
1500.000000 -2.460000 -0.009455
1500.000000 -2.450000 -0.007848
1500.000000 -2.440000 -0.006238
1500.000000 -2.430000 -0.004626
1500.000000 -2.420000 -0.003011
1500.000000 -2.410000 -0.001392
1500.000000 -2.400000 0.000230
1500.000000 -2.390000 0.001856
1500.000000 -2.380000 0.003487
1500.000000 -2.370000 0.005122
1500.000000 -2.360000 0.006763
1500.000000 -2.350000 0.008410
1500.000000 -2.340000 0.010063
1500.000000 -2.330000 0.011724
1500.000000 -2.320000 0.013392
1500.000000 -2.310000 0.015068
1500.000000 -2.300000 0.016754
1500.000000 -2.290000 0.018449
1500.000000 -2.280000 0.020154
1500.000000 -2.270000 0.021871
1500.000000 -2.260000 0.023600
1500.000000 -2.250000 0.025342
1500.000000 -2.240000 0.027098
1500.000000 -2.230000 0.028868
1500.000000 -2.220000 0.030655
1500.000000 -2.210000 0.032458
1500.000000 -2.200000 0.034280
1500.000000 -2.190000 0.036120
1500.000000 -2.180000 0.037981
1500.000000 -2.170000 0.039863
1500.000000 -2.160000 0.041767
1500.000000 -2.150000 0.043696
1500.000000 -2.140000 0.045649
1500.000000 -2.130000 0.047630
1500.000000 -2.120000 0.049638
1500.000000 -2.110000 0.051675
1500.000000 -2.100000 0.053744
1500.000000 -2.090000 0.055844
1500.000000 -2.080000 0.057979
1500.000000 -2.070000 0.060149
1500.000000 -2.060000 0.062356
1500.000000 -2.050000 0.064602
1500.000000 -2.040000 0.066888
1500.000000 -2.030000 0.069216
1500.000000 -2.020000 0.071587
1500.000000 -2.010000 0.074005
1500.000000 -2.000000 0.076469
1500.000000 -1.990000 0.078983
1500.000000 -1.980000 0.081548
1500.000000 -1.970000 0.084165
1500.000000 -1.960000 0.086838
1500.000000 -1.950000 0.089567
1500.000000 -1.940000 0.092354
1500.000000 -1.930000 0.095202
1500.000000 -1.920000 0.098113
1500.000000 -1.910000 0.101088
1500.000000 -1.900000 0.104129
1500.000000 -1.890000 0.107239
1500.000000 -1.880000 0.110420
1500.000000 -1.870000 0.113672
1500.000000 -1.860000 0.117000
1500.000000 -1.850000 0.120404
1500.000000 -1.840000 0.123886
1500.000000 -1.830000 0.127449
1500.000000 -1.820000 0.131095
1500.000000 -1.810000 0.134825
1500.000000 -1.800000 0.138641
1500.000000 -1.790000 0.142546
1500.000000 -1.780000 0.146542
1500.000000 -1.770000 0.150630
1500.000000 -1.760000 0.154813
1500.000000 -1.750000 0.159092
1500.000000 -1.740000 0.163469
1500.000000 -1.730000 0.167946
1500.000000 -1.720000 0.172525
1500.000000 -1.710000 0.177208
1500.000000 -1.700000 0.181996
1500.000000 -1.690000 0.186892
1500.000000 -1.680000 0.191896
1500.000000 -1.670000 0.197010
1500.000000 -1.660000 0.202237
1500.000000 -1.650000 0.207578
1500.000000 -1.640000 0.213033
1500.000000 -1.630000 0.218605
1500.000000 -1.620000 0.224295
1500.000000 -1.610000 0.230104
1500.000000 -1.600000 0.236034
1500.000000 -1.590000 0.242085
1500.000000 -1.580000 0.248260
1500.000000 -1.570000 0.254558
1500.000000 -1.560000 0.260980
1500.000000 -1.550000 0.267529
1500.000000 -1.540000 0.274204
1500.000000 -1.530000 0.281007
1500.000000 -1.520000 0.287937
1500.000000 -1.510000 0.294996
1500.000000 -1.500000 0.302184
1500.000000 -1.490000 0.309502
1500.000000 -1.480000 0.316949
1500.000000 -1.470000 0.324526
1500.000000 -1.460000 0.332233
1500.000000 -1.450000 0.340070
1500.000000 -1.440000 0.348037
1500.000000 -1.430000 0.356134
1500.000000 -1.420000 0.364361
1500.000000 -1.410000 0.372716
1500.000000 -1.400000 0.381200
1500.000000 -1.390000 0.389812
1500.000000 -1.380000 0.398551
1500.000000 -1.370000 0.407417
1500.000000 -1.360000 0.416408
1500.000000 -1.350000 0.425523
1500.000000 -1.340000 0.434761
1500.000000 -1.330000 0.444121
1500.000000 -1.320000 0.453601
1500.000000 -1.310000 0.463201
1500.000000 -1.300000 0.472917
1500.000000 -1.290000 0.482748
1500.000000 -1.280000 0.492693
1500.000000 -1.270000 0.502750
1500.000000 -1.260000 0.512915
1500.000000 -1.250000 0.523187
1500.000000 -1.240000 0.533564
1500.000000 -1.230000 0.544043
1500.000000 -1.220000 0.554620
1500.000000 -1.210000 0.565295
1500.000000 -1.200000 0.576062
1500.000000 -1.190000 0.586920
1500.000000 -1.180000 0.597866
1500.000000 -1.170000 0.608895
1500.000000 -1.160000 0.620005
1500.000000 -1.150000 0.631192
1500.000000 -1.140000 0.642453
1500.000000 -1.130000 0.653783
1500.000000 -1.120000 0.665179
1500.000000 -1.110000 0.676636
1500.000000 -1.100000 0.688151
1500.000000 -1.090000 0.699719
1500.000000 -1.080000 0.711336
1500.000000 -1.070000 0.722998
1500.000000 -1.060000 0.734700
1500.000000 -1.050000 0.746436
1500.000000 -1.040000 0.758204
1500.000000 -1.030000 0.769996
1500.000000 -1.020000 0.781810
1500.000000 -1.010000 0.793638
1500.000000 -1.000000 0.805477
1500.000000 -0.990000 0.817321
1500.000000 -0.980000 0.829165
1500.000000 -0.970000 0.841002
1500.000000 -0.960000 0.852829
1500.000000 -0.950000 0.864638
1500.000000 -0.940000 0.876424
1500.000000 -0.930000 0.888182
1500.000000 -0.920000 0.899905
1500.000000 -0.910000 0.911588
1500.000000 -0.900000 0.923225
1500.000000 -0.890000 0.934809
1500.000000 -0.880000 0.946335
1500.000000 -0.870000 0.957795
1500.000000 -0.860000 0.969185
1500.000000 -0.850000 0.980498
1500.000000 -0.840000 0.991727
1500.000000 -0.830000 1.002867
1500.000000 -0.820000 1.013910
1500.000000 -0.810000 1.024850
1500.000000 -0.800000 1.035681
1500.000000 -0.790000 1.046397
1500.000000 -0.780000 1.056990
1500.000000 -0.770000 1.067455
1500.000000 -0.760000 1.077784
1500.000000 -0.750000 1.087972
1500.000000 -0.740000 1.098012
1500.000000 -0.730000 1.107897
1500.000000 -0.720000 1.117621
1500.000000 -0.710000 1.127177
1500.000000 -0.700000 1.136559
1500.000000 -0.690000 1.145760
1500.000000 -0.680000 1.154774
1500.000000 -0.670000 1.163594
1500.000000 -0.660000 1.172215
1500.000000 -0.650000 1.180629
1500.000000 -0.640000 1.188831
1500.000000 -0.630000 1.196814
1500.000000 -0.620000 1.204572
1500.000000 -0.610000 1.212099
1500.000000 -0.600000 1.219389
1500.000000 -0.590000 1.226436
1500.000000 -0.580000 1.233234
1500.000000 -0.570000 1.239776
1500.000000 -0.560000 1.246058
1500.000000 -0.550000 1.252074
1500.000000 -0.540000 1.257818
1500.000000 -0.530000 1.263284
1500.000000 -0.520000 1.268467
1500.000000 -0.510000 1.273362
1500.000000 -0.500000 1.277964
1500.000000 -0.490000 1.282267
1500.000000 -0.480000 1.286267
1500.000000 -0.470000 1.289958
1500.000000 -0.460000 1.293336
1500.000000 -0.450000 1.296397
1500.000000 -0.440000 1.299136
1500.000000 -0.430000 1.301548
1500.000000 -0.420000 1.303629
1500.000000 -0.410000 1.305376
1500.000000 -0.400000 1.306784
1500.000000 -0.390000 1.307850
1500.000000 -0.380000 1.308570
1500.000000 -0.370000 1.308940
1500.000000 -0.360000 1.308957
1500.000000 -0.350000 1.308618
1500.000000 -0.340000 1.307921
1500.000000 -0.330000 1.306861
1500.000000 -0.320000 1.305437
1500.000000 -0.310000 1.303647
1500.000000 -0.300000 1.301487
1500.000000 -0.290000 1.298955
1500.000000 -0.280000 1.296050
1500.000000 -0.270000 1.292770
1500.000000 -0.260000 1.289114
1500.000000 -0.250000 1.285079
1500.000000 -0.240000 1.280665
1500.000000 -0.230000 1.275870
1500.000000 -0.220000 1.270694
1500.000000 -0.210000 1.265136
1500.000000 -0.200000 1.259196
1500.000000 -0.190000 1.252873
1500.000000 -0.180000 1.246167
1500.000000 -0.170000 1.239078
1500.000000 -0.160000 1.231607
1500.000000 -0.150000 1.223754
1500.000000 -0.140000 1.215519
1500.000000 -0.130000 1.206904
1500.000000 -0.120000 1.197910
1500.000000 -0.110000 1.188537
1500.000000 -0.100000 1.178788
1500.000000 -0.090000 1.168664
1500.000000 -0.080000 1.158166
1500.000000 -0.070000 1.147298
1500.000000 -0.060000 1.136060
1500.000000 -0.050000 1.124456
1500.000000 -0.040000 1.112487
1500.000000 -0.030000 1.100158
1500.000000 -0.020000 1.087470
1500.000000 -0.010000 1.074427
1500.000000 -0.000000 1.061033
1500.000000 0.010000 1.047290
1500.000000 0.020000 1.033203
1500.000000 0.030000 1.018775
1500.000000 0.040000 1.004011
1500.000000 0.050000 0.988914
1500.000000 0.060000 0.973489
1500.000000 0.070000 0.957741
1500.000000 0.080000 0.941674
1500.000000 0.090000 0.925294
1500.000000 0.100000 0.908604
1500.000000 0.110000 0.891612
1500.000000 0.120000 0.874321
1500.000000 0.130000 0.856738
1500.000000 0.140000 0.838868
1500.000000 0.150000 0.820717
1500.000000 0.160000 0.802291
1500.000000 0.170000 0.783596
1500.000000 0.180000 0.764638
1500.000000 0.190000 0.745424
1500.000000 0.200000 0.725961
1500.000000 0.210000 0.706254
1500.000000 0.220000 0.686311
1500.000000 0.230000 0.666138
1500.000000 0.240000 0.645742
1500.000000 0.250000 0.625132
1500.000000 0.260000 0.604313
1500.000000 0.270000 0.583293
1500.000000 0.280000 0.562079
1500.000000 0.290000 0.540680
1500.000000 0.300000 0.519102
1500.000000 0.310000 0.497353
1500.000000 0.320000 0.475441
1500.000000 0.330000 0.453374
1500.000000 0.340000 0.431159
1500.000000 0.350000 0.408805
1500.000000 0.360000 0.386319
1500.000000 0.370000 0.363711
1500.000000 0.380000 0.340986
1500.000000 0.390000 0.318155
1500.000000 0.400000 0.295225
1500.000000 0.410000 0.272204
1500.000000 0.420000 0.249101
1500.000000 0.430000 0.225924
1500.000000 0.440000 0.202681
1500.000000 0.450000 0.179381
1500.000000 0.460000 0.156031
1500.000000 0.470000 0.132641
1500.000000 0.480000 0.109219
1500.000000 0.490000 0.085773
1500.000000 0.500000 0.062311
1500.000000 0.510000 0.038841
1500.000000 0.520000 0.015373
1500.000000 0.530000 -0.008086
1500.000000 0.540000 -0.031527
1500.000000 0.550000 -0.054942
1500.000000 0.560000 -0.078323
1500.000000 0.570000 -0.101661
1500.000000 0.580000 -0.124949
1500.000000 0.590000 -0.148178
1500.000000 0.600000 -0.171341
1500.000000 0.610000 -0.194429
1500.000000 0.620000 -0.217434
1500.000000 0.630000 -0.240349
1500.000000 0.640000 -0.263166
1500.000000 0.650000 -0.285876
1500.000000 0.660000 -0.308473
1500.000000 0.670000 -0.330948
1500.000000 0.680000 -0.353295
1500.000000 0.690000 -0.375506
1500.000000 0.700000 -0.397573
1500.000000 0.710000 -0.419489
1500.000000 0.720000 -0.441247
1500.000000 0.730000 -0.462840
1500.000000 0.740000 -0.484262
1500.000000 0.750000 -0.505505
1500.000000 0.760000 -0.526562
1500.000000 0.770000 -0.547428
1500.000000 0.780000 -0.568095
1500.000000 0.790000 -0.588557
1500.000000 0.800000 -0.608809
1500.000000 0.810000 -0.628843
1500.000000 0.820000 -0.648654
1500.000000 0.830000 -0.668236
1500.000000 0.840000 -0.687584
1500.000000 0.850000 -0.706691
1500.000000 0.860000 -0.725553
1500.000000 0.870000 -0.744163
1500.000000 0.880000 -0.762518
1500.000000 0.890000 -0.780612
1500.000000 0.900000 -0.798439
1500.000000 0.910000 -0.815996
1500.000000 0.920000 -0.833278
1500.000000 0.930000 -0.850280
1500.000000 0.940000 -0.866998
1500.000000 0.950000 -0.883427
1500.000000 0.960000 -0.899565
1500.000000 0.970000 -0.915407
1500.000000 0.980000 -0.930950
1500.000000 0.990000 -0.946190
1500.000000 1.000000 -0.961123
1500.000000 1.010000 -0.975747
1500.000000 1.020000 -0.990059
1500.000000 1.030000 -1.004055
1500.000000 1.040000 -1.017733
1500.000000 1.050000 -1.031091
1500.000000 1.060000 -1.044126
1500.000000 1.070000 -1.056836
1500.000000 1.080000 -1.069219
1500.000000 1.090000 -1.081273
1500.000000 1.100000 -1.092996
1500.000000 1.110000 -1.104387
1500.000000 1.120000 -1.115445
1500.000000 1.130000 -1.126167
1500.000000 1.140000 -1.136554
1500.000000 1.150000 -1.146603
1500.000000 1.160000 -1.156315
1500.000000 1.170000 -1.165689
1500.000000 1.180000 -1.174724
1500.000000 1.190000 -1.183420
1500.000000 1.200000 -1.191777
1500.000000 1.210000 -1.199794
1500.000000 1.220000 -1.207473
1500.000000 1.230000 -1.214813
1500.000000 1.240000 -1.221815
1500.000000 1.250000 -1.228479
1500.000000 1.260000 -1.234806
1500.000000 1.270000 -1.240797
1500.000000 1.280000 -1.246454
1500.000000 1.290000 -1.251776
1500.000000 1.300000 -1.256766
1500.000000 1.310000 -1.261425
1500.000000 1.320000 -1.265754
1500.000000 1.330000 -1.269756
1500.000000 1.340000 -1.273432
1500.000000 1.350000 -1.276784
1500.000000 1.360000 -1.279813
1500.000000 1.370000 -1.282524
1500.000000 1.380000 -1.284916
1500.000000 1.390000 -1.286994
1500.000000 1.400000 -1.288759
1500.000000 1.410000 -1.290215
1500.000000 1.420000 -1.291364
1500.000000 1.430000 -1.292209
1500.000000 1.440000 -1.292752
1500.000000 1.450000 -1.292998
1500.000000 1.460000 -1.292949
1500.000000 1.470000 -1.292608
1500.000000 1.480000 -1.291979
1500.000000 1.490000 -1.291066
1500.000000 1.500000 -1.289871
1500.000000 1.510000 -1.288399
1500.000000 1.520000 -1.286653
1500.000000 1.530000 -1.284637
1500.000000 1.540000 -1.282355
1500.000000 1.550000 -1.279811
1500.000000 1.560000 -1.277009
1500.000000 1.570000 -1.273952
1500.000000 1.580000 -1.270646
1500.000000 1.590000 -1.267094
1500.000000 1.600000 -1.263300
1500.000000 1.610000 -1.259269
1500.000000 1.620000 -1.255006
1500.000000 1.630000 -1.250514
1500.000000 1.640000 -1.245798
1500.000000 1.650000 -1.240863
1500.000000 1.660000 -1.235713
1500.000000 1.670000 -1.230352
1500.000000 1.680000 -1.224786
1500.000000 1.690000 -1.219019
1500.000000 1.700000 -1.213055
1500.000000 1.710000 -1.206900
1500.000000 1.720000 -1.200558
1500.000000 1.730000 -1.194033
1500.000000 1.740000 -1.187332
1500.000000 1.750000 -1.180457
1500.000000 1.760000 -1.173414
1500.000000 1.770000 -1.166209
1500.000000 1.780000 -1.158845
1500.000000 1.790000 -1.151327
1500.000000 1.800000 -1.143661
1500.000000 1.810000 -1.135851
1500.000000 1.820000 -1.127901
1500.000000 1.830000 -1.119817
1500.000000 1.840000 -1.111604
1500.000000 1.850000 -1.103266
1500.000000 1.860000 -1.094807
1500.000000 1.870000 -1.086234
1500.000000 1.880000 -1.077549
1500.000000 1.890000 -1.068759
1500.000000 1.900000 -1.059867
1500.000000 1.910000 -1.050879
1500.000000 1.920000 -1.041799
1500.000000 1.930000 -1.032631
1500.000000 1.940000 -1.023380
1500.000000 1.950000 -1.014051
1500.000000 1.960000 -1.004648
1500.000000 1.970000 -0.995175
1500.000000 1.980000 -0.985637
1500.000000 1.990000 -0.976039
1500.000000 2.000000 -0.966384
1500.000000 2.010000 -0.956677
1500.000000 2.020000 -0.946922
1500.000000 2.030000 -0.937123
1500.000000 2.040000 -0.927285
1500.000000 2.050000 -0.917411
1500.000000 2.060000 -0.907505
1500.000000 2.070000 -0.897572
1500.000000 2.080000 -0.887616
1500.000000 2.090000 -0.877640
1500.000000 2.100000 -0.867647
1500.000000 2.110000 -0.857643
1500.000000 2.120000 -0.847630
1500.000000 2.130000 -0.837612
1500.000000 2.140000 -0.827592
1500.000000 2.150000 -0.817575
1500.000000 2.160000 -0.807564
1500.000000 2.170000 -0.797561
1500.000000 2.180000 -0.787571
1500.000000 2.190000 -0.777596
1500.000000 2.200000 -0.767640
1500.000000 2.210000 -0.757706
1500.000000 2.220000 -0.747797
1500.000000 2.230000 -0.737915
1500.000000 2.240000 -0.728065
1500.000000 2.250000 -0.718248
1500.000000 2.260000 -0.708467
1500.000000 2.270000 -0.698725
1500.000000 2.280000 -0.689026
1500.000000 2.290000 -0.679370
1500.000000 2.300000 -0.669762
1500.000000 2.310000 -0.660203
1500.000000 2.320000 -0.650695
1500.000000 2.330000 -0.641241
1500.000000 2.340000 -0.631844
1500.000000 2.350000 -0.622505
1500.000000 2.360000 -0.613226
1500.000000 2.370000 -0.604010
1500.000000 2.380000 -0.594859
1500.000000 2.390000 -0.585773
1500.000000 2.400000 -0.576756
1500.000000 2.410000 -0.567809
1500.000000 2.420000 -0.558933
1500.000000 2.430000 -0.550130
1500.000000 2.440000 -0.541403
1500.000000 2.450000 -0.532751
1500.000000 2.460000 -0.524178
1500.000000 2.470000 -0.515683
1500.000000 2.480000 -0.507269
1500.000000 2.490000 -0.498936
1500.000000 2.500000 -0.490686
1500.000000 2.510000 -0.482520
1500.000000 2.520000 -0.474439
1500.000000 2.530000 -0.466444
1500.000000 2.540000 -0.458536
1500.000000 2.550000 -0.450716
1500.000000 2.560000 -0.442984
1500.000000 2.570000 -0.435341
1500.000000 2.580000 -0.427789
1500.000000 2.590000 -0.420328
1500.000000 2.600000 -0.412957
1500.000000 2.610000 -0.405679
1500.000000 2.620000 -0.398493
1500.000000 2.630000 -0.391400
1500.000000 2.640000 -0.384400
1500.000000 2.650000 -0.377494
1500.000000 2.660000 -0.370681
1500.000000 2.670000 -0.363963
1500.000000 2.680000 -0.357339
1500.000000 2.690000 -0.350809
1500.000000 2.700000 -0.344374
1500.000000 2.710000 -0.338034
1500.000000 2.720000 -0.331788
1500.000000 2.730000 -0.325636
1500.000000 2.740000 -0.319580
1500.000000 2.750000 -0.313617
1500.000000 2.760000 -0.307749
1500.000000 2.770000 -0.301976
1500.000000 2.780000 -0.296296
1500.000000 2.790000 -0.290710
1500.000000 2.800000 -0.285217
1500.000000 2.810000 -0.279817
1500.000000 2.820000 -0.274510
1500.000000 2.830000 -0.269296
1500.000000 2.840000 -0.264173
1500.000000 2.850000 -0.259142
1500.000000 2.860000 -0.254202
1500.000000 2.870000 -0.249352
1500.000000 2.880000 -0.244593
1500.000000 2.890000 -0.239923
1500.000000 2.900000 -0.235341
1500.000000 2.910000 -0.230849
1500.000000 2.920000 -0.226443
1500.000000 2.930000 -0.222125
1500.000000 2.940000 -0.217894
1500.000000 2.950000 -0.213747
1500.000000 2.960000 -0.209686
1500.000000 2.970000 -0.205710
1500.000000 2.980000 -0.201816
1500.000000 2.990000 -0.198006
1500.000000 3.000000 -0.194277
1500.000000 3.010000 -0.190630
1500.000000 3.020000 -0.187063
1500.000000 3.030000 -0.183576
1500.000000 3.040000 -0.180168
1500.000000 3.050000 -0.176838
1500.000000 3.060000 -0.173584
1500.000000 3.070000 -0.170407
1500.000000 3.080000 -0.167306
1500.000000 3.090000 -0.164279
1500.000000 3.100000 -0.161326
1500.000000 3.110000 -0.158445
1500.000000 3.120000 -0.155637
1500.000000 3.130000 -0.152899
1500.000000 3.140000 -0.150232
1500.000000 3.150000 -0.147634
1500.000000 3.160000 -0.145104
1500.000000 3.170000 -0.142642
1500.000000 3.180000 -0.140246
1500.000000 3.190000 -0.137916
1500.000000 3.200000 -0.135650
1500.000000 3.210000 -0.133449
1500.000000 3.220000 -0.131310
1500.000000 3.230000 -0.129233
1500.000000 3.240000 -0.127217
1500.000000 3.250000 -0.125262
1500.000000 3.260000 -0.123366
1500.000000 3.270000 -0.121528
1500.000000 3.280000 -0.119748
1500.000000 3.290000 -0.118024
1500.000000 3.300000 -0.116356
1500.000000 3.310000 -0.114744
1500.000000 3.320000 -0.113185
1500.000000 3.330000 -0.111679
1500.000000 3.340000 -0.110226
1500.000000 3.350000 -0.108824
1500.000000 3.360000 -0.107473
1500.000000 3.370000 -0.106171
1500.000000 3.380000 -0.104919
1500.000000 3.390000 -0.103715
1500.000000 3.400000 -0.102558
1500.000000 3.410000 -0.101448
1500.000000 3.420000 -0.100383
1500.000000 3.430000 -0.099364
1500.000000 3.440000 -0.098389
1500.000000 3.450000 -0.097458
1500.000000 3.460000 -0.096569
1500.000000 3.470000 -0.095723
1500.000000 3.480000 -0.094917
1500.000000 3.490000 -0.094153
1500.000000 3.500000 -0.093428
1500.000000 3.510000 -0.092743
1500.000000 3.520000 -0.092096
1500.000000 3.530000 -0.091488
1500.000000 3.540000 -0.090916
1500.000000 3.550000 -0.090382
1500.000000 3.560000 -0.089883
1500.000000 3.570000 -0.089420
1500.000000 3.580000 -0.088992
1500.000000 3.590000 -0.088598
1500.000000 3.600000 -0.088238
1500.000000 3.610000 -0.087911
1500.000000 3.620000 -0.087617
1500.000000 3.630000 -0.087355
1500.000000 3.640000 -0.087125
1500.000000 3.650000 -0.086926
1500.000000 3.660000 -0.086757
1500.000000 3.670000 -0.086619
1500.000000 3.680000 -0.086510
1500.000000 3.690000 -0.086431
1500.000000 3.700000 -0.086381
1500.000000 3.710000 -0.086359
1500.000000 3.720000 -0.086366
1500.000000 3.730000 -0.086400
1500.000000 3.740000 -0.086462
1500.000000 3.750000 -0.086550
1500.000000 3.760000 -0.086665
1500.000000 3.770000 -0.086807
1500.000000 3.780000 -0.086975
1500.000000 3.790000 -0.087168
1500.000000 3.800000 -0.087387
1500.000000 3.810000 -0.087631
1500.000000 3.820000 -0.087900
1500.000000 3.830000 -0.088194
1500.000000 3.840000 -0.088512
1500.000000 3.850000 -0.088855
1500.000000 3.860000 -0.089221
1500.000000 3.870000 -0.089611
1500.000000 3.880000 -0.090025
1500.000000 3.890000 -0.090463
1500.000000 3.900000 -0.090924
1500.000000 3.910000 -0.091407
1500.000000 3.920000 -0.091915
1500.000000 3.930000 -0.092444
1500.000000 3.940000 -0.092997
1500.000000 3.950000 -0.093573
1500.000000 3.960000 -0.094171
1500.000000 3.970000 -0.094792
1500.000000 3.980000 -0.095435
1500.000000 3.990000 -0.096100
1500.000000 4.000000 -0.096788
1500.000000 4.010000 -0.097498
1500.000000 4.020000 -0.098231
1500.000000 4.030000 -0.098986
1500.000000 4.040000 -0.099763
1500.000000 4.050000 -0.100562
1500.000000 4.060000 -0.101384
1500.000000 4.070000 -0.102228
1500.000000 4.080000 -0.103094
1500.000000 4.090000 -0.103983
1500.000000 4.100000 -0.104894
1500.000000 4.110000 -0.105828
1500.000000 4.120000 -0.106784
1500.000000 4.130000 -0.107762
1500.000000 4.140000 -0.108764
1500.000000 4.150000 -0.109788
1500.000000 4.160000 -0.110835
1500.000000 4.170000 -0.111904
1500.000000 4.180000 -0.112997
1500.000000 4.190000 -0.114113
1500.000000 4.200000 -0.115252
1500.000000 4.210000 -0.116414
1500.000000 4.220000 -0.117600
1500.000000 4.230000 -0.118809
1500.000000 4.240000 -0.120043
1500.000000 4.250000 -0.121300
1500.000000 4.260000 -0.122580
1500.000000 4.270000 -0.123885
1500.000000 4.280000 -0.125215
1500.000000 4.290000 -0.126568
1500.000000 4.300000 -0.127947
1500.000000 4.310000 -0.129350
1500.000000 4.320000 -0.130778
1500.000000 4.330000 -0.132231
1500.000000 4.340000 -0.133709
1500.000000 4.350000 -0.135212
1500.000000 4.360000 -0.136742
1500.000000 4.370000 -0.138297
1500.000000 4.380000 -0.139877
1500.000000 4.390000 -0.141484
1500.000000 4.400000 -0.143118
1500.000000 4.410000 -0.144777
1500.000000 4.420000 -0.146464
1500.000000 4.430000 -0.148177
1500.000000 4.440000 -0.149917
1500.000000 4.450000 -0.151685
1500.000000 4.460000 -0.153479
1500.000000 4.470000 -0.155302
1500.000000 4.480000 -0.157152
1500.000000 4.490000 -0.159030
1500.000000 4.500000 -0.160937
1500.000000 4.510000 -0.162872
1500.000000 4.520000 -0.164835
1500.000000 4.530000 -0.166827
1500.000000 4.540000 -0.168848
1500.000000 4.550000 -0.170898
1500.000000 4.560000 -0.172978
1500.000000 4.570000 -0.175087
1500.000000 4.580000 -0.177226
1500.000000 4.590000 -0.179395
1500.000000 4.600000 -0.181593
1500.000000 4.610000 -0.183823
1500.000000 4.620000 -0.186082
1500.000000 4.630000 -0.188372
1500.000000 4.640000 -0.190693
1500.000000 4.650000 -0.193045
1500.000000 4.660000 -0.195429
1500.000000 4.670000 -0.197843
1500.000000 4.680000 -0.200290
1500.000000 4.690000 -0.202767
1500.000000 4.700000 -0.205277
1500.000000 4.710000 -0.207819
1500.000000 4.720000 -0.210393
1500.000000 4.730000 -0.212999
1500.000000 4.740000 -0.215638
1500.000000 4.750000 -0.218310
1500.000000 4.760000 -0.221014
1500.000000 4.770000 -0.223751
1500.000000 4.780000 -0.226521
1500.000000 4.790000 -0.229325
1500.000000 4.800000 -0.232161
1500.000000 4.810000 -0.235032
1500.000000 4.820000 -0.237935
1500.000000 4.830000 -0.240873
1500.000000 4.840000 -0.243844
1500.000000 4.850000 -0.246849
1500.000000 4.860000 -0.249887
1500.000000 4.870000 -0.252960
1500.000000 4.880000 -0.256067
1500.000000 4.890000 -0.259207
1500.000000 4.900000 -0.262382
1500.000000 4.910000 -0.265591
1500.000000 4.920000 -0.268834
1500.000000 4.930000 -0.272112
1500.000000 4.940000 -0.275423
1500.000000 4.950000 -0.278768
1500.000000 4.960000 -0.282148
1500.000000 4.970000 -0.285562
1500.000000 4.980000 -0.289009
1500.000000 4.990000 -0.292491
1500.000000 5.000000 -0.296006
1500.000000 5.010000 -0.299555
1500.000000 5.020000 -0.303138
1500.000000 5.030000 -0.306754
1500.000000 5.040000 -0.310403
1500.000000 5.050000 -0.314085
1500.000000 5.060000 -0.317801
1500.000000 5.070000 -0.321549
1500.000000 5.080000 -0.325329
1500.000000 5.090000 -0.329142
1500.000000 5.100000 -0.332986
1500.000000 5.110000 -0.336862
1500.000000 5.120000 -0.340770
1500.000000 5.130000 -0.344708
1500.000000 5.140000 -0.348677
1500.000000 5.150000 -0.352675
1500.000000 5.160000 -0.356704
1500.000000 5.170000 -0.360761
1500.000000 5.180000 -0.364848
1500.000000 5.190000 -0.368962
1500.000000 5.200000 -0.373104
1500.000000 5.210000 -0.377273
1500.000000 5.220000 -0.381469
1500.000000 5.230000 -0.385690
1500.000000 5.240000 -0.389936
1500.000000 5.250000 -0.394207
1500.000000 5.260000 -0.398501
1500.000000 5.270000 -0.402818
1500.000000 5.280000 -0.407156
1500.000000 5.290000 -0.411516
1500.000000 5.300000 -0.415896
1500.000000 5.310000 -0.420295
1500.000000 5.320000 -0.424712
1500.000000 5.330000 -0.429147
1500.000000 5.340000 -0.433597
1500.000000 5.350000 -0.438062
1500.000000 5.360000 -0.442541
1500.000000 5.370000 -0.447032
1500.000000 5.380000 -0.451535
1500.000000 5.390000 -0.456048
1500.000000 5.400000 -0.460569
1500.000000 5.410000 -0.465097
1500.000000 5.420000 -0.469631
1500.000000 5.430000 -0.474170
1500.000000 5.440000 -0.478711
1500.000000 5.450000 -0.483253
1500.000000 5.460000 -0.487794
1500.000000 5.470000 -0.492333
1500.000000 5.480000 -0.496868
1500.000000 5.490000 -0.501397
1500.000000 5.500000 -0.505919
1500.000000 5.510000 -0.510431
1500.000000 5.520000 -0.514931
1500.000000 5.530000 -0.519417
1500.000000 5.540000 -0.523888
1500.000000 5.550000 -0.528341
1500.000000 5.560000 -0.532773
1500.000000 5.570000 -0.537184
1500.000000 5.580000 -0.541570
1500.000000 5.590000 -0.545929
1500.000000 5.600000 -0.550258
1500.000000 5.610000 -0.554556
1500.000000 5.620000 -0.558819
1500.000000 5.630000 -0.563046
1500.000000 5.640000 -0.567233
1500.000000 5.650000 -0.571378
1500.000000 5.660000 -0.575478
1500.000000 5.670000 -0.579530
1500.000000 5.680000 -0.583532
1500.000000 5.690000 -0.587481
1500.000000 5.700000 -0.591373
1500.000000 5.710000 -0.595207
1500.000000 5.720000 -0.598977
1500.000000 5.730000 -0.602683
1500.000000 5.740000 -0.606320
1500.000000 5.750000 -0.609885
1500.000000 5.760000 -0.613376
1500.000000 5.770000 -0.616789
1500.000000 5.780000 -0.620120
1500.000000 5.790000 -0.623367
1500.000000 5.800000 -0.626525
1500.000000 5.810000 -0.629592
1500.000000 5.820000 -0.632565
1500.000000 5.830000 -0.635439
1500.000000 5.840000 -0.638211
1500.000000 5.850000 -0.640877
1500.000000 5.860000 -0.643435
1500.000000 5.870000 -0.645880
1500.000000 5.880000 -0.648210
1500.000000 5.890000 -0.650419
1500.000000 5.900000 -0.652505
1500.000000 5.910000 -0.654463
1500.000000 5.920000 -0.656291
1500.000000 5.930000 -0.657985
1500.000000 5.940000 -0.659540
1500.000000 5.950000 -0.660953
1500.000000 5.960000 -0.662220
1500.000000 5.970000 -0.663338
1500.000000 5.980000 -0.664303
1500.000000 5.990000 -0.665110
1500.000000 6.000000 -0.665757
1500.000000 6.010000 -0.666240
1500.000000 6.020000 -0.666554
1500.000000 6.030000 -0.666697
1500.000000 6.040000 -0.666664
1500.000000 6.050000 -0.666451
1500.000000 6.060000 -0.666056
1500.000000 6.070000 -0.665474
1500.000000 6.080000 -0.664702
1500.000000 6.090000 -0.663737
1500.000000 6.100000 -0.662574
1500.000000 6.110000 -0.661210
1500.000000 6.120000 -0.659642
1500.000000 6.130000 -0.657866
1500.000000 6.140000 -0.655879
1500.000000 6.150000 -0.653678
1500.000000 6.160000 -0.651259
1500.000000 6.170000 -0.648619
1500.000000 6.180000 -0.645756
1500.000000 6.190000 -0.642665
1500.000000 6.200000 -0.639343
1500.000000 6.210000 -0.635789
1500.000000 6.220000 -0.631999
1500.000000 6.230000 -0.627969
1500.000000 6.240000 -0.623699
1500.000000 6.250000 -0.619183
1500.000000 6.260000 -0.614421
1500.000000 6.270000 -0.609410
1500.000000 6.280000 -0.604147
1500.000000 6.290000 -0.598630
1500.000000 6.300000 -0.592857
1500.000000 6.310000 -0.586825
1500.000000 6.320000 -0.580533
1500.000000 6.330000 -0.573979
1500.000000 6.340000 -0.567161
1500.000000 6.350000 -0.560077
1500.000000 6.360000 -0.552726
1500.000000 6.370000 -0.545107
1500.000000 6.380000 -0.537218
1500.000000 6.390000 -0.529057
1500.000000 6.400000 -0.520625
1500.000000 6.410000 -0.511919
1500.000000 6.420000 -0.502940
1500.000000 6.430000 -0.493686
1500.000000 6.440000 -0.484158
1500.000000 6.450000 -0.474353
1500.000000 6.460000 -0.464274
1500.000000 6.470000 -0.453918
1500.000000 6.480000 -0.443287
1500.000000 6.490000 -0.432380
1500.000000 6.500000 -0.421199
1500.000000 6.510000 -0.409742
1500.000000 6.520000 -0.398012
1500.000000 6.530000 -0.386009
1500.000000 6.540000 -0.373733
1500.000000 6.550000 -0.361187
1500.000000 6.560000 -0.348370
1500.000000 6.570000 -0.335286
1500.000000 6.580000 -0.321934
1500.000000 6.590000 -0.308318
1500.000000 6.600000 -0.294439
1500.000000 6.610000 -0.280298
1500.000000 6.620000 -0.265900
1500.000000 6.630000 -0.251244
1500.000000 6.640000 -0.236336
1500.000000 6.650000 -0.221176
1500.000000 6.660000 -0.205768
1500.000000 6.670000 -0.190115
1500.000000 6.680000 -0.174221
1500.000000 6.690000 -0.158088
1500.000000 6.700000 -0.141720
1500.000000 6.710000 -0.125122
1500.000000 6.720000 -0.108296
1500.000000 6.730000 -0.091247
1500.000000 6.740000 -0.073979
1500.000000 6.750000 -0.056497
1500.000000 6.760000 -0.038804
1500.000000 6.770000 -0.020906
1500.000000 6.780000 -0.002808
1500.000000 6.790000 0.015486
1500.000000 6.800000 0.033971
1500.000000 6.810000 0.052640
1500.000000 6.820000 0.071490
1500.000000 6.830000 0.090513
1500.000000 6.840000 0.109705
1500.000000 6.850000 0.129060
1500.000000 6.860000 0.148572
1500.000000 6.870000 0.168234
1500.000000 6.880000 0.188040
1500.000000 6.890000 0.207984
1500.000000 6.900000 0.228060
1500.000000 6.910000 0.248261
1500.000000 6.920000 0.268580
1500.000000 6.930000 0.289010
1500.000000 6.940000 0.309544
1500.000000 6.950000 0.330176
1500.000000 6.960000 0.350898
1500.000000 6.970000 0.371702
1500.000000 6.980000 0.392583
1500.000000 6.990000 0.413531
1500.000000 7.000000 0.434540
1500.000000 7.010000 0.455602
1500.000000 7.020000 0.476708
1500.000000 7.030000 0.497853
1500.000000 7.040000 0.519027
1500.000000 7.050000 0.540223
1500.000000 7.060000 0.561432
1500.000000 7.070000 0.582648
1500.000000 7.080000 0.603861
1500.000000 7.090000 0.625063
1500.000000 7.100000 0.646247
1500.000000 7.110000 0.667404
1500.000000 7.120000 0.688526
1500.000000 7.130000 0.709605
1500.000000 7.140000 0.730632
1500.000000 7.150000 0.751600
1500.000000 7.160000 0.772500
1500.000000 7.170000 0.793323
1500.000000 7.180000 0.814061
1500.000000 7.190000 0.834707
1500.000000 7.200000 0.855251
1500.000000 7.210000 0.875686
1500.000000 7.220000 0.896003
1500.000000 7.230000 0.916194
1500.000000 7.240000 0.936251
1500.000000 7.250000 0.956165
1500.000000 7.260000 0.975929
1500.000000 7.270000 0.995535
1500.000000 7.280000 1.014974
1500.000000 7.290000 1.034239
1500.000000 7.300000 1.053321
1500.000000 7.310000 1.072213
1500.000000 7.320000 1.090908
1500.000000 7.330000 1.109396
1500.000000 7.340000 1.127672
1500.000000 7.350000 1.145727
1500.000000 7.360000 1.163553
1500.000000 7.370000 1.181145
1500.000000 7.380000 1.198493
1500.000000 7.390000 1.215592
1500.000000 7.400000 1.232435
1500.000000 7.410000 1.249013
1500.000000 7.420000 1.265321
1500.000000 7.430000 1.281352
1500.000000 7.440000 1.297100
1500.000000 7.450000 1.312558
1500.000000 7.460000 1.327719
1500.000000 7.470000 1.342578
1500.000000 7.480000 1.357129
1500.000000 7.490000 1.371366
1500.000000 7.500000 1.385283
1500.000000 7.510000 1.398874
1500.000000 7.520000 1.412135
1500.000000 7.530000 1.425061
1500.000000 7.540000 1.437645
1500.000000 7.550000 1.449884
1500.000000 7.560000 1.461772
1500.000000 7.570000 1.473305
1500.000000 7.580000 1.484479
1500.000000 7.590000 1.495290
1500.000000 7.600000 1.505733
1500.000000 7.610000 1.515805
1500.000000 7.620000 1.525502
1500.000000 7.630000 1.534821
1500.000000 7.640000 1.543758
1500.000000 7.650000 1.552310
1500.000000 7.660000 1.560475
1500.000000 7.670000 1.568250
1500.000000 7.680000 1.575632
1500.000000 7.690000 1.582620
1500.000000 7.700000 1.589210
1500.000000 7.710000 1.595401
1500.000000 7.720000 1.601192
1500.000000 7.730000 1.606581
1500.000000 7.740000 1.611566
1500.000000 7.750000 1.616147
1500.000000 7.760000 1.620322
1500.000000 7.770000 1.624092
1500.000000 7.780000 1.627455
1500.000000 7.790000 1.630410
1500.000000 7.800000 1.632959
1500.000000 7.810000 1.635101
1500.000000 7.820000 1.636837
1500.000000 7.830000 1.638166
1500.000000 7.840000 1.639090
1500.000000 7.850000 1.639609
1500.000000 7.860000 1.639724
1500.000000 7.870000 1.639438
1500.000000 7.880000 1.638751
1500.000000 7.890000 1.637664
1500.000000 7.900000 1.636180
1500.000000 7.910000 1.634301
1500.000000 7.920000 1.632029
1500.000000 7.930000 1.629366
1500.000000 7.940000 1.626315
1500.000000 7.950000 1.622878
1500.000000 7.960000 1.619059
1500.000000 7.970000 1.614860
1500.000000 7.980000 1.610285
1500.000000 7.990000 1.605337
1500.000000 8.000000 1.600019
1500.000000 8.010000 1.594337
1500.000000 8.020000 1.588292
1500.000000 8.030000 1.581890
1500.000000 8.040000 1.575134
1500.000000 8.050000 1.568029
1500.000000 8.060000 1.560579
1500.000000 8.070000 1.552789
1500.000000 8.080000 1.544664
1500.000000 8.090000 1.536208
1500.000000 8.100000 1.527427
1500.000000 8.110000 1.518325
1500.000000 8.120000 1.508908
1500.000000 8.130000 1.499182
1500.000000 8.140000 1.489151
1500.000000 8.150000 1.478822
1500.000000 8.160000 1.468200
1500.000000 8.170000 1.457290
1500.000000 8.180000 1.446099
1500.000000 8.190000 1.434633
1500.000000 8.200000 1.422898
1500.000000 8.210000 1.410900
1500.000000 8.220000 1.398644
1500.000000 8.230000 1.386139
1500.000000 8.240000 1.373389
1500.000000 8.250000 1.360401
1500.000000 8.260000 1.347182
1500.000000 8.270000 1.333739
1500.000000 8.280000 1.320078
1500.000000 8.290000 1.306205
1500.000000 8.300000 1.292128
1500.000000 8.310000 1.277853
1500.000000 8.320000 1.263386
1500.000000 8.330000 1.248736
1500.000000 8.340000 1.233908
1500.000000 8.350000 1.218910
1500.000000 8.360000 1.203748
1500.000000 8.370000 1.188429
1500.000000 8.380000 1.172961
1500.000000 8.390000 1.157350
1500.000000 8.400000 1.141603
1500.000000 8.410000 1.125727
1500.000000 8.420000 1.109729
1500.000000 8.430000 1.093616
1500.000000 8.440000 1.077395
1500.000000 8.450000 1.061072
1500.000000 8.460000 1.044655
1500.000000 8.470000 1.028151
1500.000000 8.480000 1.011565
1500.000000 8.490000 0.994906
1500.000000 8.500000 0.978179
1500.000000 8.510000 0.961392
1500.000000 8.520000 0.944551
1500.000000 8.530000 0.927662
1500.000000 8.540000 0.910733
1500.000000 8.550000 0.893770
1500.000000 8.560000 0.876779
1500.000000 8.570000 0.859767
1500.000000 8.580000 0.842740
1500.000000 8.590000 0.825704
1500.000000 8.600000 0.808665
1500.000000 8.610000 0.791630
1500.000000 8.620000 0.774605
1500.000000 8.630000 0.757595
1500.000000 8.640000 0.740607
1500.000000 8.650000 0.723647
1500.000000 8.660000 0.706719
1500.000000 8.670000 0.689831
1500.000000 8.680000 0.672987
1500.000000 8.690000 0.656192
1500.000000 8.700000 0.639453
1500.000000 8.710000 0.622775
1500.000000 8.720000 0.606162
1500.000000 8.730000 0.589620
1500.000000 8.740000 0.573154
1500.000000 8.750000 0.556768
1500.000000 8.760000 0.540469
1500.000000 8.770000 0.524259
1500.000000 8.780000 0.508144
1500.000000 8.790000 0.492129
1500.000000 8.800000 0.476217
1500.000000 8.810000 0.460413
1500.000000 8.820000 0.444721
1500.000000 8.830000 0.429146
1500.000000 8.840000 0.413690
1500.000000 8.850000 0.398359
1500.000000 8.860000 0.383155
1500.000000 8.870000 0.368082
1500.000000 8.880000 0.353144
1500.000000 8.890000 0.338344
1500.000000 8.900000 0.323686
1500.000000 8.910000 0.309172
1500.000000 8.920000 0.294805
1500.000000 8.930000 0.280589
1500.000000 8.940000 0.266527
1500.000000 8.950000 0.252620
1500.000000 8.960000 0.238872
1500.000000 8.970000 0.225284
1500.000000 8.980000 0.211860
1500.000000 8.990000 0.198602
1500.000000 9.000000 0.185511
1500.000000 9.010000 0.172590
1500.000000 9.020000 0.159841
1500.000000 9.030000 0.147265
1500.000000 9.040000 0.134864
1500.000000 9.050000 0.122640
1500.000000 9.060000 0.110594
1500.000000 9.070000 0.098728
1500.000000 9.080000 0.087042
1500.000000 9.090000 0.075538
1500.000000 9.100000 0.064217
1500.000000 9.110000 0.053080
1500.000000 9.120000 0.042128
1500.000000 9.130000 0.031361
1500.000000 9.140000 0.020781
1500.000000 9.150000 0.010387
1500.000000 9.160000 0.000180
1500.000000 9.170000 -0.009840
1500.000000 9.180000 -0.019671
1500.000000 9.190000 -0.029315
1500.000000 9.200000 -0.038771
1500.000000 9.210000 -0.048039
1500.000000 9.220000 -0.057118
1500.000000 9.230000 -0.066011
1500.000000 9.240000 -0.074715
1500.000000 9.250000 -0.083233
1500.000000 9.260000 -0.091564
1500.000000 9.270000 -0.099709
1500.000000 9.280000 -0.107668
1500.000000 9.290000 -0.115442
1500.000000 9.300000 -0.123032
1500.000000 9.310000 -0.130439
1500.000000 9.320000 -0.137663
1500.000000 9.330000 -0.144706
1500.000000 9.340000 -0.151568
1500.000000 9.350000 -0.158250
1500.000000 9.360000 -0.164754
1500.000000 9.370000 -0.171081
1500.000000 9.380000 -0.177232
1500.000000 9.390000 -0.183209
1500.000000 9.400000 -0.189012
1500.000000 9.410000 -0.194643
1500.000000 9.420000 -0.200104
1500.000000 9.430000 -0.205396
1500.000000 9.440000 -0.210520
1500.000000 9.450000 -0.215479
1500.000000 9.460000 -0.220274
1500.000000 9.470000 -0.224906
1500.000000 9.480000 -0.229378
1500.000000 9.490000 -0.233691
1500.000000 9.500000 -0.237847
1500.000000 9.510000 -0.241847
1500.000000 9.520000 -0.245695
1500.000000 9.530000 -0.249390
1500.000000 9.540000 -0.252937
1500.000000 9.550000 -0.256335
1500.000000 9.560000 -0.259589
1500.000000 9.570000 -0.262698
1500.000000 9.580000 -0.265666
1500.000000 9.590000 -0.268495
1500.000000 9.600000 -0.271186
1500.000000 9.610000 -0.273742
1500.000000 9.620000 -0.276164
1500.000000 9.630000 -0.278456
1500.000000 9.640000 -0.280619
1500.000000 9.650000 -0.282654
1500.000000 9.660000 -0.284565
1500.000000 9.670000 -0.286354
1500.000000 9.680000 -0.288022
1500.000000 9.690000 -0.289572
1500.000000 9.700000 -0.291007
1500.000000 9.710000 -0.292327
1500.000000 9.720000 -0.293536
1500.000000 9.730000 -0.294635
1500.000000 9.740000 -0.295627
1500.000000 9.750000 -0.296514
1500.000000 9.760000 -0.297298
1500.000000 9.770000 -0.297981
1500.000000 9.780000 -0.298566
1500.000000 9.790000 -0.299054
1500.000000 9.800000 -0.299448
1500.000000 9.810000 -0.299750
1500.000000 9.820000 -0.299962
1500.000000 9.830000 -0.300086
1500.000000 9.840000 -0.300124
1500.000000 9.850000 -0.300078
1500.000000 9.860000 -0.299951
1500.000000 9.870000 -0.299744
1500.000000 9.880000 -0.299460
1500.000000 9.890000 -0.299100
1500.000000 9.900000 -0.298667
1500.000000 9.910000 -0.298162
1500.000000 9.920000 -0.297588
1500.000000 9.930000 -0.296946
1500.000000 9.940000 -0.296239
1500.000000 9.950000 -0.295468
1500.000000 9.960000 -0.294635
1500.000000 9.970000 -0.293742
1500.000000 9.980000 -0.292791
1500.000000 9.990000 -0.291783
1500.000000 10.000000 -0.290721
1500.000000 10.010000 -0.289607
1500.000000 10.020000 -0.288441
1500.000000 10.030000 -0.287226
1500.000000 10.040000 -0.285964
1500.000000 10.050000 -0.284656
1500.000000 10.060000 -0.283303
1500.000000 10.070000 -0.281908
1500.000000 10.080000 -0.280472
1500.000000 10.090000 -0.278996
1500.000000 10.100000 -0.277483
1500.000000 10.110000 -0.275933
1500.000000 10.120000 -0.274348
1500.000000 10.130000 -0.272729
1500.000000 10.140000 -0.271079
1500.000000 10.150000 -0.269398
1500.000000 10.160000 -0.267687
1500.000000 10.170000 -0.265949
1500.000000 10.180000 -0.264184
1500.000000 10.190000 -0.262394
1500.000000 10.200000 -0.260579
1500.000000 10.210000 -0.258742
1500.000000 10.220000 -0.256883
1500.000000 10.230000 -0.255003
1500.000000 10.240000 -0.253104
1500.000000 10.250000 -0.251187
1500.000000 10.260000 -0.249253
1500.000000 10.270000 -0.247302
1500.000000 10.280000 -0.245337
1500.000000 10.290000 -0.243357
1500.000000 10.300000 -0.241365
1500.000000 10.310000 -0.239360
1500.000000 10.320000 -0.237344
1500.000000 10.330000 -0.235317
1500.000000 10.340000 -0.233281
1500.000000 10.350000 -0.231237
1500.000000 10.360000 -0.229185
1500.000000 10.370000 -0.227125
1500.000000 10.380000 -0.225060
1500.000000 10.390000 -0.222989
1500.000000 10.400000 -0.220913
1500.000000 10.410000 -0.218833
1500.000000 10.420000 -0.216749
1500.000000 10.430000 -0.214663
1500.000000 10.440000 -0.212574
1500.000000 10.450000 -0.210484
1500.000000 10.460000 -0.208393
1500.000000 10.470000 -0.206302
1500.000000 10.480000 -0.204210
1500.000000 10.490000 -0.202119
1500.000000 10.500000 -0.200029
1500.000000 10.510000 -0.197941
1500.000000 10.520000 -0.195854
1500.000000 10.530000 -0.193770
1500.000000 10.540000 -0.191689
1500.000000 10.550000 -0.189611
1500.000000 10.560000 -0.187536
1500.000000 10.570000 -0.185466
1500.000000 10.580000 -0.183399
1500.000000 10.590000 -0.181338
1500.000000 10.600000 -0.179281
1500.000000 10.610000 -0.177229
1500.000000 10.620000 -0.175183
1500.000000 10.630000 -0.173142
1500.000000 10.640000 -0.171107
1500.000000 10.650000 -0.169079
1500.000000 10.660000 -0.167057
1500.000000 10.670000 -0.165041
1500.000000 10.680000 -0.163032
1500.000000 10.690000 -0.161031
1500.000000 10.700000 -0.159036
1500.000000 10.710000 -0.157049
1500.000000 10.720000 -0.155069
1500.000000 10.730000 -0.153097
1500.000000 10.740000 -0.151132
1500.000000 10.750000 -0.149175
1500.000000 10.760000 -0.147227
1500.000000 10.770000 -0.145286
1500.000000 10.780000 -0.143353
1500.000000 10.790000 -0.141429
1500.000000 10.800000 -0.139514
1500.000000 10.810000 -0.137606
1500.000000 10.820000 -0.135708
1500.000000 10.830000 -0.133817
1500.000000 10.840000 -0.131936
1500.000000 10.850000 -0.130064
1500.000000 10.860000 -0.128200
1500.000000 10.870000 -0.126345
1500.000000 10.880000 -0.124499
1500.000000 10.890000 -0.122663
1500.000000 10.900000 -0.120835
1500.000000 10.910000 -0.119017
1500.000000 10.920000 -0.117207
1500.000000 10.930000 -0.115408
1500.000000 10.940000 -0.113617
1500.000000 10.950000 -0.111836
1500.000000 10.960000 -0.110065
1500.000000 10.970000 -0.108303
1500.000000 10.980000 -0.106551
1500.000000 10.990000 -0.104809
1500.000000 11.000000 -0.103077
1500.000000 11.010000 -0.101354
1500.000000 11.020000 -0.099642
1500.000000 11.030000 -0.097940
1500.000000 11.040000 -0.096248
1500.000000 11.050000 -0.094567
1500.000000 11.060000 -0.092896
1500.000000 11.070000 -0.091235
1500.000000 11.080000 -0.089586
1500.000000 11.090000 -0.087947
1500.000000 11.100000 -0.086319
1500.000000 11.110000 -0.084703
1500.000000 11.120000 -0.083098
1500.000000 11.130000 -0.081504
1500.000000 11.140000 -0.079923
1500.000000 11.150000 -0.078353
1500.000000 11.160000 -0.076795
1500.000000 11.170000 -0.075250
1500.000000 11.180000 -0.073717
1500.000000 11.190000 -0.072197
1500.000000 11.200000 -0.070690
1500.000000 11.210000 -0.069197
1500.000000 11.220000 -0.067717
1500.000000 11.230000 -0.066250
1500.000000 11.240000 -0.064798
1500.000000 11.250000 -0.063360
1500.000000 11.260000 -0.061937
1500.000000 11.270000 -0.060529
1500.000000 11.280000 -0.059136
1500.000000 11.290000 -0.057759
1500.000000 11.300000 -0.056397
1500.000000 11.310000 -0.055052
1500.000000 11.320000 -0.053724
1500.000000 11.330000 -0.052412
1500.000000 11.340000 -0.051119
1500.000000 11.350000 -0.049842
1500.000000 11.360000 -0.048585
1500.000000 11.370000 -0.047345
1500.000000 11.380000 -0.046125
1500.000000 11.390000 -0.044924
1500.000000 11.400000 -0.043744
1500.000000 11.410000 -0.042583
1500.000000 11.420000 -0.041444
1500.000000 11.430000 -0.040325
1500.000000 11.440000 -0.039229
1500.000000 11.450000 -0.038154
1500.000000 11.460000 -0.037103
1500.000000 11.470000 -0.036075
1500.000000 11.480000 -0.035070
1500.000000 11.490000 -0.034090
1500.000000 11.500000 -0.033134
1500.000000 11.510000 -0.032204
1500.000000 11.520000 -0.031300
1500.000000 11.530000 -0.030422
1500.000000 11.540000 -0.029571
1500.000000 11.550000 -0.028747
1500.000000 11.560000 -0.027952
1500.000000 11.570000 -0.027185
1500.000000 11.580000 -0.026447
1500.000000 11.590000 -0.025739
1500.000000 11.600000 -0.025062
1500.000000 11.610000 -0.024415
1500.000000 11.620000 -0.023800
1500.000000 11.630000 -0.023216
1500.000000 11.640000 -0.022666
1500.000000 11.650000 -0.022148
1500.000000 11.660000 -0.021665
1500.000000 11.670000 -0.021215
1500.000000 11.680000 -0.020801
1500.000000 11.690000 -0.020422
1500.000000 11.700000 -0.020079
1500.000000 11.710000 -0.019773
1500.000000 11.720000 -0.019504
1500.000000 11.730000 -0.019272
1500.000000 11.740000 -0.019079
1500.000000 11.750000 -0.018925
1500.000000 11.760000 -0.018810
1500.000000 11.770000 -0.018736
1500.000000 11.780000 -0.018701
1500.000000 11.790000 -0.018708
1500.000000 11.800000 -0.018756
1500.000000 11.810000 -0.018847
1500.000000 11.820000 -0.018979
1500.000000 11.830000 -0.019155
1500.000000 11.840000 -0.019375
1500.000000 11.850000 -0.019638
1500.000000 11.860000 -0.019946
1500.000000 11.870000 -0.020298
1500.000000 11.880000 -0.020696
1500.000000 11.890000 -0.021140
1500.000000 11.900000 -0.021630
1500.000000 11.910000 -0.022166
1500.000000 11.920000 -0.022749
1500.000000 11.930000 -0.023380
1500.000000 11.940000 -0.024058
1500.000000 11.950000 -0.024784
1500.000000 11.960000 -0.025558
1500.000000 11.970000 -0.026381
1500.000000 11.980000 -0.027252
1500.000000 11.990000 -0.028173
1500.000000 12.000000 -0.029143
1500.000000 12.010000 -0.030162
1500.000000 12.020000 -0.031231
1500.000000 12.030000 -0.032350
1500.000000 12.040000 -0.033519
1500.000000 12.050000 -0.034739
1500.000000 12.060000 -0.036008
1500.000000 12.070000 -0.037328
1500.000000 12.080000 -0.038698
1500.000000 12.090000 -0.040119
1500.000000 12.100000 -0.041590
1500.000000 12.110000 -0.043111
1500.000000 12.120000 -0.044683
1500.000000 12.130000 -0.046306
1500.000000 12.140000 -0.047978
1500.000000 12.150000 -0.049701
1500.000000 12.160000 -0.051474
1500.000000 12.170000 -0.053297
1500.000000 12.180000 -0.055170
1500.000000 12.190000 -0.057092
1500.000000 12.200000 -0.059063
1500.000000 12.210000 -0.061083
1500.000000 12.220000 -0.063153
1500.000000 12.230000 -0.065270
1500.000000 12.240000 -0.067436
1500.000000 12.250000 -0.069649
1500.000000 12.260000 -0.071909
1500.000000 12.270000 -0.074217
1500.000000 12.280000 -0.076571
1500.000000 12.290000 -0.078970
1500.000000 12.300000 -0.081416
1500.000000 12.310000 -0.083906
1500.000000 12.320000 -0.086440
1500.000000 12.330000 -0.089018
1500.000000 12.340000 -0.091640
1500.000000 12.350000 -0.094304
1500.000000 12.360000 -0.097009
1500.000000 12.370000 -0.099756
1500.000000 12.380000 -0.102543
1500.000000 12.390000 -0.105370
1500.000000 12.400000 -0.108236
1500.000000 12.410000 -0.111140
1500.000000 12.420000 -0.114081
1500.000000 12.430000 -0.117059
1500.000000 12.440000 -0.120072
1500.000000 12.450000 -0.123120
1500.000000 12.460000 -0.126201
1500.000000 12.470000 -0.129315
1500.000000 12.480000 -0.132461
1500.000000 12.490000 -0.135638
1500.000000 12.500000 -0.138845
1500.000000 12.510000 -0.142080
1500.000000 12.520000 -0.145344
1500.000000 12.530000 -0.148633
1500.000000 12.540000 -0.151949
1500.000000 12.550000 -0.155288
1500.000000 12.560000 -0.158651
1500.000000 12.570000 -0.162036
1500.000000 12.580000 -0.165442
1500.000000 12.590000 -0.168868
1500.000000 12.600000 -0.172312
1500.000000 12.610000 -0.175774
1500.000000 12.620000 -0.179251
1500.000000 12.630000 -0.182744
1500.000000 12.640000 -0.186250
1500.000000 12.650000 -0.189768
1500.000000 12.660000 -0.193297
1500.000000 12.670000 -0.196835
1500.000000 12.680000 -0.200382
1500.000000 12.690000 -0.203936
1500.000000 12.700000 -0.207495
1500.000000 12.710000 -0.211059
1500.000000 12.720000 -0.214625
1500.000000 12.730000 -0.218193
1500.000000 12.740000 -0.221761
1500.000000 12.750000 -0.225327
1500.000000 12.760000 -0.228891
1500.000000 12.770000 -0.232451
1500.000000 12.780000 -0.236005
1500.000000 12.790000 -0.239553
1500.000000 12.800000 -0.243092
1500.000000 12.810000 -0.246621
1500.000000 12.820000 -0.250139
1500.000000 12.830000 -0.253644
1500.000000 12.840000 -0.257136
1500.000000 12.850000 -0.260612
1500.000000 12.860000 -0.264071
1500.000000 12.870000 -0.267512
1500.000000 12.880000 -0.270933
1500.000000 12.890000 -0.274333
1500.000000 12.900000 -0.277711
1500.000000 12.910000 -0.281064
1500.000000 12.920000 -0.284393
1500.000000 12.930000 -0.287695
1500.000000 12.940000 -0.290968
1500.000000 12.950000 -0.294213
1500.000000 12.960000 -0.297426
1500.000000 12.970000 -0.300608
1500.000000 12.980000 -0.303756
1500.000000 12.990000 -0.306869
1500.000000 13.000000 -0.309946
1500.000000 13.010000 -0.312986
1500.000000 13.020000 -0.315987
1500.000000 13.030000 -0.318948
1500.000000 13.040000 -0.321868
1500.000000 13.050000 -0.324745
1500.000000 13.060000 -0.327579
1500.000000 13.070000 -0.330368
1500.000000 13.080000 -0.333111
1500.000000 13.090000 -0.335806
1500.000000 13.100000 -0.338453
1500.000000 13.110000 -0.341051
1500.000000 13.120000 -0.343598
1500.000000 13.130000 -0.346093
1500.000000 13.140000 -0.348535
1500.000000 13.150000 -0.350924
1500.000000 13.160000 -0.353258
1500.000000 13.170000 -0.355535
1500.000000 13.180000 -0.357756
1500.000000 13.190000 -0.359919
1500.000000 13.200000 -0.362023
1500.000000 13.210000 -0.364068
1500.000000 13.220000 -0.366051
1500.000000 13.230000 -0.367974
1500.000000 13.240000 -0.369834
1500.000000 13.250000 -0.371631
1500.000000 13.260000 -0.373364
1500.000000 13.270000 -0.375032
1500.000000 13.280000 -0.376635
1500.000000 13.290000 -0.378172
1500.000000 13.300000 -0.379642
1500.000000 13.310000 -0.381045
1500.000000 13.320000 -0.382380
1500.000000 13.330000 -0.383646
1500.000000 13.340000 -0.384842
1500.000000 13.350000 -0.385970
1500.000000 13.360000 -0.387026
1500.000000 13.370000 -0.388012
1500.000000 13.380000 -0.388927
1500.000000 13.390000 -0.389771
1500.000000 13.400000 -0.390542
1500.000000 13.410000 -0.391241
1500.000000 13.420000 -0.391867
1500.000000 13.430000 -0.392420
1500.000000 13.440000 -0.392900
1500.000000 13.450000 -0.393307
1500.000000 13.460000 -0.393639
1500.000000 13.470000 -0.393898
1500.000000 13.480000 -0.394083
1500.000000 13.490000 -0.394193
1500.000000 13.500000 -0.394229
1500.000000 13.510000 -0.394191
1500.000000 13.520000 -0.394078
1500.000000 13.530000 -0.393891
1500.000000 13.540000 -0.393629
1500.000000 13.550000 -0.393293
1500.000000 13.560000 -0.392882
1500.000000 13.570000 -0.392398
1500.000000 13.580000 -0.391839
1500.000000 13.590000 -0.391206
1500.000000 13.600000 -0.390500
1500.000000 13.610000 -0.389720
1500.000000 13.620000 -0.388866
1500.000000 13.630000 -0.387940
1500.000000 13.640000 -0.386941
1500.000000 13.650000 -0.385869
1500.000000 13.660000 -0.384725
1500.000000 13.670000 -0.383510
1500.000000 13.680000 -0.382223
1500.000000 13.690000 -0.380865
1500.000000 13.700000 -0.379436
1500.000000 13.710000 -0.377938
1500.000000 13.720000 -0.376370
1500.000000 13.730000 -0.374733
1500.000000 13.740000 -0.373027
1500.000000 13.750000 -0.371254
1500.000000 13.760000 -0.369413
1500.000000 13.770000 -0.367505
1500.000000 13.780000 -0.365532
1500.000000 13.790000 -0.363492
1500.000000 13.800000 -0.361388
1500.000000 13.810000 -0.359220
1500.000000 13.820000 -0.356988
1500.000000 13.830000 -0.354694
1500.000000 13.840000 -0.352337
1500.000000 13.850000 -0.349920
1500.000000 13.860000 -0.347442
1500.000000 13.870000 -0.344904
1500.000000 13.880000 -0.342308
1500.000000 13.890000 -0.339654
1500.000000 13.900000 -0.336942
1500.000000 13.910000 -0.334174
1500.000000 13.920000 -0.331351
1500.000000 13.930000 -0.328474
1500.000000 13.940000 -0.325542
1500.000000 13.950000 -0.322559
1500.000000 13.960000 -0.319523
1500.000000 13.970000 -0.316437
1500.000000 13.980000 -0.313301
1500.000000 13.990000 -0.310116
1500.000000 14.000000 -0.306883
1500.000000 14.010000 -0.303604
1500.000000 14.020000 -0.300278
1500.000000 14.030000 -0.296908
1500.000000 14.040000 -0.293494
1500.000000 14.050000 -0.290037
1500.000000 14.060000 -0.286539
1500.000000 14.070000 -0.283000
1500.000000 14.080000 -0.279422
1500.000000 14.090000 -0.275805
1500.000000 14.100000 -0.272150
1500.000000 14.110000 -0.268459
1500.000000 14.120000 -0.264734
1500.000000 14.130000 -0.260973
1500.000000 14.140000 -0.257180
1500.000000 14.150000 -0.253355
1500.000000 14.160000 -0.249499
1500.000000 14.170000 -0.245614
1500.000000 14.180000 -0.241700
1500.000000 14.190000 -0.237758
1500.000000 14.200000 -0.233790
1500.000000 14.210000 -0.229797
1500.000000 14.220000 -0.225780
1500.000000 14.230000 -0.221739
1500.000000 14.240000 -0.217677
1500.000000 14.250000 -0.213594
1500.000000 14.260000 -0.209492
1500.000000 14.270000 -0.205371
1500.000000 14.280000 -0.201233
1500.000000 14.290000 -0.197079
1500.000000 14.300000 -0.192909
1500.000000 14.310000 -0.188726
1500.000000 14.320000 -0.184530
1500.000000 14.330000 -0.180322
1500.000000 14.340000 -0.176103
1500.000000 14.350000 -0.171875
1500.000000 14.360000 -0.167639
1500.000000 14.370000 -0.163395
1500.000000 14.380000 -0.159145
1500.000000 14.390000 -0.154891
1500.000000 14.400000 -0.150632
1500.000000 14.410000 -0.146370
1500.000000 14.420000 -0.142106
1500.000000 14.430000 -0.137842
1500.000000 14.440000 -0.133577
1500.000000 14.450000 -0.129315
1500.000000 14.460000 -0.125054
1500.000000 14.470000 -0.120797
1500.000000 14.480000 -0.116545
1500.000000 14.490000 -0.112298
1500.000000 14.500000 -0.108057
1500.000000 14.510000 -0.103824
1500.000000 14.520000 -0.099599
1500.000000 14.530000 -0.095384
1500.000000 14.540000 -0.091180
1500.000000 14.550000 -0.086986
1500.000000 14.560000 -0.082806
1500.000000 14.570000 -0.078638
1500.000000 14.580000 -0.074485
1500.000000 14.590000 -0.070347
1500.000000 14.600000 -0.066225
1500.000000 14.610000 -0.062120
1500.000000 14.620000 -0.058033
1500.000000 14.630000 -0.053965
1500.000000 14.640000 -0.049916
1500.000000 14.650000 -0.045888
1500.000000 14.660000 -0.041881
1500.000000 14.670000 -0.037897
1500.000000 14.680000 -0.033935
1500.000000 14.690000 -0.029997
1500.000000 14.700000 -0.026084
1500.000000 14.710000 -0.022196
1500.000000 14.720000 -0.018334
1500.000000 14.730000 -0.014499
1500.000000 14.740000 -0.010691
1500.000000 14.750000 -0.006912
1500.000000 14.760000 -0.003162
1500.000000 14.770000 0.000559
1500.000000 14.780000 0.004249
1500.000000 14.790000 0.007909
1500.000000 14.800000 0.011536
1500.000000 14.810000 0.015132
1500.000000 14.820000 0.018694
1500.000000 14.830000 0.022223
1500.000000 14.840000 0.025718
1500.000000 14.850000 0.029179
1500.000000 14.860000 0.032604
1500.000000 14.870000 0.035993
1500.000000 14.880000 0.039347
1500.000000 14.890000 0.042663
1500.000000 14.900000 0.045943
1500.000000 14.910000 0.049185
1500.000000 14.920000 0.052388
1500.000000 14.930000 0.055553
1500.000000 14.940000 0.058679
1500.000000 14.950000 0.061766
1500.000000 14.960000 0.064813
1500.000000 14.970000 0.067819
1500.000000 14.980000 0.070786
1500.000000 14.990000 0.073711
1500.000000 15.000000 0.076595
