-10.000000 0.003485
-9.990000 0.003449
-9.980000 0.003414
-9.970000 0.003378
-9.960000 0.003343
-9.950000 0.003308
-9.940000 0.003272
-9.930000 0.003237
-9.920000 0.003202
-9.910000 0.003167
-9.900000 0.003132
-9.890000 0.003097
-9.880000 0.003061
-9.870000 0.003026
-9.860000 0.002991
-9.850000 0.002955
-9.840000 0.002920
-9.830000 0.002884
-9.820000 0.002848
-9.810000 0.002812
-9.800000 0.002776
-9.790000 0.002739
-9.780000 0.002702
-9.770000 0.002665
-9.760000 0.002628
-9.750000 0.002590
-9.740000 0.002552
-9.730000 0.002513
-9.720000 0.002474
-9.710000 0.002434
-9.700000 0.002395
-9.690000 0.002354
-9.680000 0.002313
-9.670000 0.002272
-9.660000 0.002229
-9.650000 0.002187
-9.640000 0.002143
-9.630000 0.002099
-9.620000 0.002055
-9.610000 0.002009
-9.600000 0.001963
-9.590000 0.001916
-9.580000 0.001869
-9.570000 0.001820
-9.560000 0.001771
-9.550000 0.001721
-9.540000 0.001670
-9.530000 0.001618
-9.520000 0.001566
-9.510000 0.001512
-9.500000 0.001457
-9.490000 0.001402
-9.480000 0.001346
-9.470000 0.001289
-9.460000 0.001230
-9.450000 0.001171
-9.440000 0.001111
-9.430000 0.001050
-9.420000 0.000988
-9.410000 0.000925
-9.400000 0.000861
-9.390000 0.000796
-9.380000 0.000730
-9.370000 0.000663
-9.360000 0.000595
-9.350000 0.000526
-9.340000 0.000456
-9.330000 0.000386
-9.320000 0.000314
-9.310000 0.000242
-9.300000 0.000168
-9.290000 0.000094
-9.280000 0.000019
-9.270000 -0.000057
-9.260000 -0.000134
-9.250000 -0.000211
-9.240000 -0.000289
-9.230000 -0.000368
-9.220000 -0.000448
-9.210000 -0.000528
-9.200000 -0.000608
-9.190000 -0.000690
-9.180000 -0.000772
-9.170000 -0.000854
-9.160000 -0.000937
-9.150000 -0.001020
-9.140000 -0.001103
-9.130000 -0.001187
-9.120000 -0.001271
-9.110000 -0.001355
-9.100000 -0.001440
-9.090000 -0.001524
-9.080000 -0.001609
-9.070000 -0.001693
-9.060000 -0.001778
-9.050000 -0.001862
-9.040000 -0.001946
-9.030000 -0.002030
-9.020000 -0.002114
-9.010000 -0.002197
-9.000000 -0.002280
-8.990000 -0.002362
-8.980000 -0.002444
-8.970000 -0.002525
-8.960000 -0.002606
-8.950000 -0.002685
-8.940000 -0.002764
-8.930000 -0.002842
-8.920000 -0.002919
-8.910000 -0.002995
-8.900000 -0.003070
-8.890000 -0.003144
-8.880000 -0.003217
-8.870000 -0.003288
-8.860000 -0.003358
-8.850000 -0.003426
-8.840000 -0.003493
-8.830000 -0.003559
-8.820000 -0.003623
-8.810000 -0.003685
-8.800000 -0.003746
-8.790000 -0.003805
-8.780000 -0.003862
-8.770000 -0.003917
-8.760000 -0.003970
-8.750000 -0.004021
-8.740000 -0.004070
-8.730000 -0.004116
-8.720000 -0.004161
-8.710000 -0.004203
-8.700000 -0.004243
-8.690000 -0.004281
-8.680000 -0.004316
-8.670000 -0.004349
-8.660000 -0.004380
-8.650000 -0.004407
-8.640000 -0.004433
-8.630000 -0.004455
-8.620000 -0.004475
-8.610000 -0.004492
-8.600000 -0.004507
-8.590000 -0.004518
-8.580000 -0.004527
-8.570000 -0.004533
-8.560000 -0.004535
-8.550000 -0.004535
-8.540000 -0.004532
-8.530000 -0.004526
-8.520000 -0.004517
-8.510000 -0.004505
-8.500000 -0.004489
-8.490000 -0.004470
-8.480000 -0.004449
-8.470000 -0.004424
-8.460000 -0.004395
-8.450000 -0.004364
-8.440000 -0.004329
-8.430000 -0.004290
-8.420000 -0.004249
-8.410000 -0.004203
-8.400000 -0.004155
-8.390000 -0.004103
-8.380000 -0.004047
-8.370000 -0.003987
-8.360000 -0.003925
-8.350000 -0.003858
-8.340000 -0.003788
-8.330000 -0.003714
-8.320000 -0.003636
-8.310000 -0.003554
-8.300000 -0.003469
-8.290000 -0.003379
-8.280000 -0.003286
-8.270000 -0.003188
-8.260000 -0.003086
-8.250000 -0.002980
-8.240000 -0.002870
-8.230000 -0.002756
-8.220000 -0.002637
-8.210000 -0.002513
-8.200000 -0.002385
-8.190000 -0.002252
-8.180000 -0.002115
-8.170000 -0.001973
-8.160000 -0.001825
-8.150000 -0.001673
-8.140000 -0.001515
-8.130000 -0.001352
-8.120000 -0.001184
-8.110000 -0.001010
-8.100000 -0.000830
-8.090000 -0.000644
-8.080000 -0.000452
-8.070000 -0.000254
-8.060000 -0.000050
-8.050000 0.000161
-8.040000 0.000379
-8.030000 0.000603
-8.020000 0.000835
-8.010000 0.001074
-8.000000 0.001321
-7.990000 0.001575
-7.980000 0.001837
-7.970000 0.002108
-7.960000 0.002387
-7.950000 0.002675
-7.940000 0.002972
-7.930000 0.003278
-7.920000 0.003594
-7.910000 0.003920
-7.900000 0.004256
-7.890000 0.004602
-7.880000 0.004959
-7.870000 0.005327
-7.860000 0.005707
-7.850000 0.006098
-7.840000 0.006502
-7.830000 0.006918
-7.820000 0.007347
-7.810000 0.007789
-7.800000 0.008244
-7.790000 0.008714
-7.780000 0.009198
-7.770000 0.009696
-7.760000 0.010210
-7.750000 0.010739
-7.740000 0.011285
-7.730000 0.011846
-7.720000 0.012425
-7.710000 0.013021
-7.700000 0.013634
-7.690000 0.014266
-7.680000 0.014916
-7.670000 0.015585
-7.660000 0.016274
-7.650000 0.016983
-7.640000 0.017712
-7.630000 0.018462
-7.620000 0.019233
-7.610000 0.020026
-7.600000 0.020841
-7.590000 0.021679
-7.580000 0.022541
-7.570000 0.023426
-7.560000 0.024335
-7.550000 0.025268
-7.540000 0.026227
-7.530000 0.027211
-7.520000 0.028221
-7.510000 0.029257
-7.500000 0.030320
-7.490000 0.031411
-7.480000 0.032529
-7.470000 0.033675
-7.460000 0.034850
-7.450000 0.036054
-7.440000 0.037287
-7.430000 0.038550
-7.420000 0.039843
-7.410000 0.041166
-7.400000 0.042521
-7.390000 0.043906
-7.380000 0.045323
-7.370000 0.046772
-7.360000 0.048253
-7.350000 0.049767
-7.340000 0.051313
-7.330000 0.052892
-7.320000 0.054505
-7.310000 0.056151
-7.300000 0.057830
-7.290000 0.059544
-7.280000 0.061292
-7.270000 0.063073
-7.260000 0.064890
-7.250000 0.066740
-7.240000 0.068625
-7.230000 0.070545
-7.220000 0.072500
-7.210000 0.074489
-7.200000 0.076513
-7.190000 0.078571
-7.180000 0.080664
-7.170000 0.082792
-7.160000 0.084954
-7.150000 0.087151
-7.140000 0.089382
-7.130000 0.091646
-7.120000 0.093945
-7.110000 0.096277
-7.100000 0.098643
-7.090000 0.101041
-7.080000 0.103472
-7.070000 0.105936
-7.060000 0.108432
-7.050000 0.110959
-7.040000 0.113517
-7.030000 0.116106
-7.020000 0.118726
-7.010000 0.121374
-7.000000 0.124053
-6.990000 0.126759
-6.980000 0.129494
-6.970000 0.132256
-6.960000 0.135044
-6.950000 0.137858
-6.940000 0.140698
-6.930000 0.143562
-6.920000 0.146449
-6.910000 0.149360
-6.900000 0.152292
-6.890000 0.155245
-6.880000 0.158219
-6.870000 0.161211
-6.860000 0.164222
-6.850000 0.167250
-6.840000 0.170295
-6.830000 0.173354
-6.820000 0.176427
-6.810000 0.179514
-6.800000 0.182612
-6.790000 0.185721
-6.780000 0.188839
-6.770000 0.191966
-6.760000 0.195100
-6.750000 0.198239
-6.740000 0.201383
-6.730000 0.204530
-6.720000 0.207679
-6.710000 0.210829
-6.700000 0.213977
-6.690000 0.217124
-6.680000 0.220266
-6.670000 0.223404
-6.660000 0.226535
-6.650000 0.229658
-6.640000 0.232772
-6.630000 0.235875
-6.620000 0.238965
-6.610000 0.242042
-6.600000 0.245103
-6.590000 0.248147
-6.580000 0.251173
-6.570000 0.254178
-6.560000 0.257162
-6.550000 0.260123
-6.540000 0.263058
-6.530000 0.265968
-6.520000 0.268849
-6.510000 0.271701
-6.500000 0.274522
-6.490000 0.277310
-6.480000 0.280064
-6.470000 0.282782
-6.460000 0.285463
-6.450000 0.288104
-6.440000 0.290705
-6.430000 0.293264
-6.420000 0.295779
-6.410000 0.298248
-6.400000 0.300671
-6.390000 0.303046
-6.380000 0.305370
-6.370000 0.307643
-6.360000 0.309863
-6.350000 0.312029
-6.340000 0.314138
-6.330000 0.316191
-6.320000 0.318184
-6.310000 0.320118
-6.300000 0.321989
-6.290000 0.323798
-6.280000 0.325543
-6.270000 0.327221
-6.260000 0.328833
-6.250000 0.330376
-6.240000 0.331850
-6.230000 0.333253
-6.220000 0.334584
-6.210000 0.335841
-6.200000 0.337024
-6.190000 0.338132
-6.180000 0.339163
-6.170000 0.340117
-6.160000 0.340991
-6.150000 0.341786
-6.140000 0.342500
-6.130000 0.343133
-6.120000 0.343683
-6.110000 0.344149
-6.100000 0.344532
-6.090000 0.344829
-6.080000 0.345040
-6.070000 0.345165
-6.060000 0.345203
-6.050000 0.345152
-6.040000 0.345014
-6.030000 0.344786
-6.020000 0.344468
-6.010000 0.344061
-6.000000 0.343563
-5.990000 0.342973
-5.980000 0.342293
-5.970000 0.341521
-5.960000 0.340657
-5.950000 0.339701
-5.940000 0.338653
-5.930000 0.337512
-5.920000 0.336278
-5.910000 0.334952
-5.900000 0.333532
-5.890000 0.332021
-5.880000 0.330416
-5.870000 0.328719
-5.860000 0.326930
-5.850000 0.325048
-5.840000 0.323074
-5.830000 0.321009
-5.820000 0.318852
-5.810000 0.316604
-5.800000 0.314266
-5.790000 0.311837
-5.780000 0.309319
-5.770000 0.306712
-5.760000 0.304015
-5.750000 0.301231
-5.740000 0.298360
-5.730000 0.295402
-5.720000 0.292358
-5.710000 0.289229
-5.700000 0.286016
-5.690000 0.282719
-5.680000 0.279340
-5.670000 0.275880
-5.660000 0.272338
-5.650000 0.268718
-5.640000 0.265018
-5.630000 0.261242
-5.620000 0.257389
-5.610000 0.253460
-5.600000 0.249458
-5.590000 0.245384
-5.580000 0.241237
-5.570000 0.237021
-5.560000 0.232736
-5.550000 0.228384
-5.540000 0.223965
-5.530000 0.219482
-5.520000 0.214936
-5.510000 0.210329
-5.500000 0.205661
-5.490000 0.200934
-5.480000 0.196151
-5.470000 0.191313
-5.460000 0.186420
-5.450000 0.181476
-5.440000 0.176481
-5.430000 0.171438
-5.420000 0.166347
-5.410000 0.161211
-5.400000 0.156032
-5.390000 0.150812
-5.380000 0.145551
-5.370000 0.140253
-5.360000 0.134918
-5.350000 0.129549
-5.340000 0.124147
-5.330000 0.118715
-5.320000 0.113254
-5.310000 0.107767
-5.300000 0.102255
-5.290000 0.096719
-5.280000 0.091163
-5.270000 0.085588
-5.260000 0.079996
-5.250000 0.074389
-5.240000 0.068769
-5.230000 0.063138
-5.220000 0.057497
-5.210000 0.051850
-5.200000 0.046197
-5.190000 0.040542
-5.180000 0.034885
-5.170000 0.029229
-5.160000 0.023576
-5.150000 0.017927
-5.140000 0.012286
-5.130000 0.006653
-5.120000 0.001031
-5.110000 -0.004579
-5.100000 -0.010174
-5.090000 -0.015752
-5.080000 -0.021312
-5.070000 -0.026851
-5.060000 -0.032368
-5.050000 -0.037861
-5.040000 -0.043328
-5.030000 -0.048767
-5.020000 -0.054176
-5.010000 -0.059554
-5.000000 -0.064898
-4.990000 -0.070207
-4.980000 -0.075479
-4.970000 -0.080713
-4.960000 -0.085906
-4.950000 -0.091057
-4.940000 -0.096164
-4.930000 -0.101226
-4.920000 -0.106240
-4.910000 -0.111207
-4.900000 -0.116122
-4.890000 -0.120987
-4.880000 -0.125797
-4.870000 -0.130554
-4.860000 -0.135254
-4.850000 -0.139896
-4.840000 -0.144479
-4.830000 -0.149002
-4.820000 -0.153464
-4.810000 -0.157862
-4.800000 -0.162197
-4.790000 -0.166466
-4.780000 -0.170668
-4.770000 -0.174803
-4.760000 -0.178869
-4.750000 -0.182866
-4.740000 -0.186791
-4.730000 -0.190645
-4.720000 -0.194426
-4.710000 -0.198133
-4.700000 -0.201766
-4.690000 -0.205323
-4.680000 -0.208805
-4.670000 -0.212209
-4.660000 -0.215537
-4.650000 -0.218786
-4.640000 -0.221956
-4.630000 -0.225047
-4.620000 -0.228058
-4.610000 -0.230989
-4.600000 -0.233839
-4.590000 -0.236608
-4.580000 -0.239296
-4.570000 -0.241902
-4.560000 -0.244426
-4.550000 -0.246868
-4.540000 -0.249228
-4.530000 -0.251505
-4.520000 -0.253700
-4.510000 -0.255812
-4.500000 -0.257842
-4.490000 -0.259790
-4.480000 -0.261655
-4.470000 -0.263437
-4.460000 -0.265138
-4.450000 -0.266757
-4.440000 -0.268295
-4.430000 -0.269751
-4.420000 -0.271127
-4.410000 -0.272422
-4.400000 -0.273637
-4.390000 -0.274773
-4.380000 -0.275830
-4.370000 -0.276808
-4.360000 -0.277708
-4.350000 -0.278531
-4.340000 -0.279278
-4.330000 -0.279948
-4.320000 -0.280544
-4.310000 -0.281065
-4.300000 -0.281513
-4.290000 -0.281888
-4.280000 -0.282191
-4.270000 -0.282423
-4.260000 -0.282585
-4.250000 -0.282677
-4.240000 -0.282702
-4.230000 -0.282660
-4.220000 -0.282551
-4.210000 -0.282378
-4.200000 -0.282140
-4.190000 -0.281840
-4.180000 -0.281478
-4.170000 -0.281055
-4.160000 -0.280573
-4.150000 -0.280033
-4.140000 -0.279435
-4.130000 -0.278782
-4.120000 -0.278074
-4.110000 -0.277313
-4.100000 -0.276500
-4.090000 -0.275635
-4.080000 -0.274722
-4.070000 -0.273760
-4.060000 -0.272750
-4.050000 -0.271696
-4.040000 -0.270596
-4.030000 -0.269454
-4.020000 -0.268270
-4.010000 -0.267045
-4.000000 -0.265781
-3.990000 -0.264480
-3.980000 -0.263141
-3.970000 -0.261768
-3.960000 -0.260360
-3.950000 -0.258920
-3.940000 -0.257448
-3.930000 -0.255946
-3.920000 -0.254416
-3.910000 -0.252857
-3.900000 -0.251273
-3.890000 -0.249663
-3.880000 -0.248029
-3.870000 -0.246373
-3.860000 -0.244695
-3.850000 -0.242997
-3.840000 -0.241280
-3.830000 -0.239544
-3.820000 -0.237792
-3.810000 -0.236024
-3.800000 -0.234241
-3.790000 -0.232445
-3.780000 -0.230636
-3.770000 -0.228816
-3.760000 -0.226985
-3.750000 -0.225144
-3.740000 -0.223295
-3.730000 -0.221438
-3.720000 -0.219575
-3.710000 -0.217705
-3.700000 -0.215830
-3.690000 -0.213952
-3.680000 -0.212069
-3.670000 -0.210184
-3.660000 -0.208297
-3.650000 -0.206409
-3.640000 -0.204520
-3.630000 -0.202632
-3.620000 -0.200744
-3.610000 -0.198858
-3.600000 -0.196973
-3.590000 -0.195091
-3.580000 -0.193212
-3.570000 -0.191336
-3.560000 -0.189465
-3.550000 -0.187598
-3.540000 -0.185735
-3.530000 -0.183878
-3.520000 -0.182027
-3.510000 -0.180181
-3.500000 -0.178341
-3.490000 -0.176508
-3.480000 -0.174681
-3.470000 -0.172862
-3.460000 -0.171049
-3.450000 -0.169244
-3.440000 -0.167446
-3.430000 -0.165656
-3.420000 -0.163873
-3.410000 -0.162099
-3.400000 -0.160331
-3.390000 -0.158572
-3.380000 -0.156821
-3.370000 -0.155077
-3.360000 -0.153341
-3.350000 -0.151613
-3.340000 -0.149892
-3.330000 -0.148180
-3.320000 -0.146474
-3.310000 -0.144776
-3.300000 -0.143086
-3.290000 -0.141403
-3.280000 -0.139726
-3.270000 -0.138057
-3.260000 -0.136394
-3.250000 -0.134737
-3.240000 -0.133087
-3.230000 -0.131444
-3.220000 -0.129806
-3.210000 -0.128173
-3.200000 -0.126547
-3.190000 -0.124925
-3.180000 -0.123308
-3.170000 -0.121697
-3.160000 -0.120089
-3.150000 -0.118487
-3.140000 -0.116888
-3.130000 -0.115293
-3.120000 -0.113701
-3.110000 -0.112113
-3.100000 -0.110528
-3.090000 -0.108946
-3.080000 -0.107367
-3.070000 -0.105790
-3.060000 -0.104215
-3.050000 -0.102642
-3.040000 -0.101071
-3.030000 -0.099502
-3.020000 -0.097934
-3.010000 -0.096367
-3.000000 -0.094801
-2.990000 -0.093235
-2.980000 -0.091671
-2.970000 -0.090107
-2.960000 -0.088543
-2.950000 -0.086979
-2.940000 -0.085415
-2.930000 -0.083851
-2.920000 -0.082287
-2.910000 -0.080722
-2.900000 -0.079157
-2.890000 -0.077592
-2.880000 -0.076025
-2.870000 -0.074458
-2.860000 -0.072891
-2.850000 -0.071322
-2.840000 -0.069752
-2.830000 -0.068182
-2.820000 -0.066611
-2.810000 -0.065038
-2.800000 -0.063465
-2.790000 -0.061890
-2.780000 -0.060315
-2.770000 -0.058738
-2.760000 -0.057161
-2.750000 -0.055583
-2.740000 -0.054003
-2.730000 -0.052423
-2.720000 -0.050841
-2.710000 -0.049259
-2.700000 -0.047676
-2.690000 -0.046092
-2.680000 -0.044508
-2.670000 -0.042922
-2.660000 -0.041336
-2.650000 -0.039749
-2.640000 -0.038162
-2.630000 -0.036574
-2.620000 -0.034985
-2.610000 -0.033395
-2.600000 -0.031805
-2.590000 -0.030215
-2.580000 -0.028623
-2.570000 -0.027031
-2.560000 -0.025439
-2.550000 -0.023845
-2.540000 -0.022251
-2.530000 -0.020656
-2.520000 -0.019060
-2.510000 -0.017462
-2.500000 -0.015864
-2.490000 -0.014264
-2.480000 -0.012663
-2.470000 -0.011060
-2.460000 -0.009455
-2.450000 -0.007848
-2.440000 -0.006238
-2.430000 -0.004626
-2.420000 -0.003011
-2.410000 -0.001392
-2.400000 0.000230
-2.390000 0.001856
-2.380000 0.003487
-2.370000 0.005122
-2.360000 0.006763
-2.350000 0.008410
-2.340000 0.010063
-2.330000 0.011724
-2.320000 0.013392
-2.310000 0.015068
-2.300000 0.016754
-2.290000 0.018449
-2.280000 0.020154
-2.270000 0.021871
-2.260000 0.023600
-2.250000 0.025342
-2.240000 0.027098
-2.230000 0.028868
-2.220000 0.030655
-2.210000 0.032458
-2.200000 0.034280
-2.190000 0.036120
-2.180000 0.037981
-2.170000 0.039863
-2.160000 0.041767
-2.150000 0.043696
-2.140000 0.045649
-2.130000 0.047630
-2.120000 0.049638
-2.110000 0.051675
-2.100000 0.053744
-2.090000 0.055844
-2.080000 0.057979
-2.070000 0.060149
-2.060000 0.062356
-2.050000 0.064602
-2.040000 0.066888
-2.030000 0.069216
-2.020000 0.071587
-2.010000 0.074005
-2.000000 0.076469
-1.990000 0.078983
-1.980000 0.081548
-1.970000 0.084165
-1.960000 0.086838
-1.950000 0.089567
-1.940000 0.092354
-1.930000 0.095202
-1.920000 0.098113
-1.910000 0.101088
-1.900000 0.104129
-1.890000 0.107239
-1.880000 0.110420
-1.870000 0.113672
-1.860000 0.117000
-1.850000 0.120404
-1.840000 0.123886
-1.830000 0.127449
-1.820000 0.131095
-1.810000 0.134825
-1.800000 0.138641
-1.790000 0.142546
-1.780000 0.146542
-1.770000 0.150630
-1.760000 0.154813
-1.750000 0.159092
-1.740000 0.163469
-1.730000 0.167946
-1.720000 0.172525
-1.710000 0.177208
-1.700000 0.181996
-1.690000 0.186892
-1.680000 0.191896
-1.670000 0.197010
-1.660000 0.202237
-1.650000 0.207578
-1.640000 0.213033
-1.630000 0.218605
-1.620000 0.224295
-1.610000 0.230104
-1.600000 0.236034
-1.590000 0.242085
-1.580000 0.248260
-1.570000 0.254558
-1.560000 0.260980
-1.550000 0.267529
-1.540000 0.274204
-1.530000 0.281007
-1.520000 0.287937
-1.510000 0.294996
-1.500000 0.302184
-1.490000 0.309502
-1.480000 0.316949
-1.470000 0.324526
-1.460000 0.332233
-1.450000 0.340070
-1.440000 0.348037
-1.430000 0.356134
-1.420000 0.364361
-1.410000 0.372716
-1.400000 0.381200
-1.390000 0.389812
-1.380000 0.398551
-1.370000 0.407417
-1.360000 0.416408
-1.350000 0.425523
-1.340000 0.434761
-1.330000 0.444121
-1.320000 0.453601
-1.310000 0.463201
-1.300000 0.472917
-1.290000 0.482748
-1.280000 0.492693
-1.270000 0.502750
-1.260000 0.512915
-1.250000 0.523187
-1.240000 0.533564
-1.230000 0.544043
-1.220000 0.554620
-1.210000 0.565295
-1.200000 0.576062
-1.190000 0.586920
-1.180000 0.597866
-1.170000 0.608895
-1.160000 0.620005
-1.150000 0.631192
-1.140000 0.642453
-1.130000 0.653783
-1.120000 0.665179
-1.110000 0.676636
-1.100000 0.688151
-1.090000 0.699719
-1.080000 0.711336
-1.070000 0.722998
-1.060000 0.734700
-1.050000 0.746436
-1.040000 0.758204
-1.030000 0.769996
-1.020000 0.781810
-1.010000 0.793638
-1.000000 0.805477
-0.990000 0.817321
-0.980000 0.829165
-0.970000 0.841002
-0.960000 0.852829
-0.950000 0.864638
-0.940000 0.876424
-0.930000 0.888182
-0.920000 0.899905
-0.910000 0.911588
-0.900000 0.923225
-0.890000 0.934809
-0.880000 0.946335
-0.870000 0.957795
-0.860000 0.969185
-0.850000 0.980498
-0.840000 0.991727
-0.830000 1.002867
-0.820000 1.013910
-0.810000 1.024850
-0.800000 1.035681
-0.790000 1.046397
-0.780000 1.056990
-0.770000 1.067455
-0.760000 1.077784
-0.750000 1.087972
-0.740000 1.098012
-0.730000 1.107897
-0.720000 1.117621
-0.710000 1.127177
-0.700000 1.136559
-0.690000 1.145760
-0.680000 1.154774
-0.670000 1.163594
-0.660000 1.172215
-0.650000 1.180629
-0.640000 1.188831
-0.630000 1.196814
-0.620000 1.204572
-0.610000 1.212099
-0.600000 1.219389
-0.590000 1.226436
-0.580000 1.233234
-0.570000 1.239776
-0.560000 1.246058
-0.550000 1.252074
-0.540000 1.257818
-0.530000 1.263284
-0.520000 1.268467
-0.510000 1.273362
-0.500000 1.277964
-0.490000 1.282267
-0.480000 1.286267
-0.470000 1.289958
-0.460000 1.293336
-0.450000 1.296397
-0.440000 1.299136
-0.430000 1.301548
-0.420000 1.303629
-0.410000 1.305376
-0.400000 1.306784
-0.390000 1.307850
-0.380000 1.308570
-0.370000 1.308940
-0.360000 1.308957
-0.350000 1.308618
-0.340000 1.307921
-0.330000 1.306861
-0.320000 1.305437
-0.310000 1.303647
-0.300000 1.301487
-0.290000 1.298955
-0.280000 1.296050
-0.270000 1.292770
-0.260000 1.289114
-0.250000 1.285079
-0.240000 1.280665
-0.230000 1.275870
-0.220000 1.270694
-0.210000 1.265136
-0.200000 1.259196
-0.190000 1.252873
-0.180000 1.246167
-0.170000 1.239078
-0.160000 1.231607
-0.150000 1.223754
-0.140000 1.215519
-0.130000 1.206904
-0.120000 1.197910
-0.110000 1.188537
-0.100000 1.178788
-0.090000 1.168664
-0.080000 1.158166
-0.070000 1.147298
-0.060000 1.136060
-0.050000 1.124456
-0.040000 1.112487
-0.030000 1.100158
-0.020000 1.087470
-0.010000 1.074427
-0.000000 1.061033
0.010000 1.047290
0.020000 1.033203
0.030000 1.018775
0.040000 1.004011
0.050000 0.988914
0.060000 0.973489
0.070000 0.957741
0.080000 0.941674
0.090000 0.925294
0.100000 0.908604
0.110000 0.891612
0.120000 0.874321
0.130000 0.856738
0.140000 0.838868
0.150000 0.820717
0.160000 0.802291
0.170000 0.783596
0.180000 0.764638
0.190000 0.745424
0.200000 0.725961
0.210000 0.706254
0.220000 0.686311
0.230000 0.666138
0.240000 0.645742
0.250000 0.625132
0.260000 0.604313
0.270000 0.583293
0.280000 0.562079
0.290000 0.540680
0.300000 0.519102
0.310000 0.497353
0.320000 0.475441
0.330000 0.453374
0.340000 0.431159
0.350000 0.408805
0.360000 0.386319
0.370000 0.363711
0.380000 0.340986
0.390000 0.318155
0.400000 0.295225
0.410000 0.272204
0.420000 0.249101
0.430000 0.225924
0.440000 0.202681
0.450000 0.179381
0.460000 0.156031
0.470000 0.132641
0.480000 0.109219
0.490000 0.085773
0.500000 0.062311
0.510000 0.038841
0.520000 0.015373
0.530000 -0.008086
0.540000 -0.031527
0.550000 -0.054942
0.560000 -0.078323
0.570000 -0.101661
0.580000 -0.124949
0.590000 -0.148178
0.600000 -0.171341
0.610000 -0.194429
0.620000 -0.217434
0.630000 -0.240349
0.640000 -0.263166
0.650000 -0.285876
0.660000 -0.308473
0.670000 -0.330948
0.680000 -0.353295
0.690000 -0.375506
0.700000 -0.397573
0.710000 -0.419489
0.720000 -0.441247
0.730000 -0.462840
0.740000 -0.484262
0.750000 -0.505505
0.760000 -0.526562
0.770000 -0.547428
0.780000 -0.568095
0.790000 -0.588557
0.800000 -0.608809
0.810000 -0.628843
0.820000 -0.648654
0.830000 -0.668236
0.840000 -0.687584
0.850000 -0.706691
0.860000 -0.725553
0.870000 -0.744163
0.880000 -0.762518
0.890000 -0.780612
0.900000 -0.798439
0.910000 -0.815996
0.920000 -0.833278
0.930000 -0.850280
0.940000 -0.866998
0.950000 -0.883427
0.960000 -0.899565
0.970000 -0.915407
0.980000 -0.930950
0.990000 -0.946190
1.000000 -0.961123
1.010000 -0.975747
1.020000 -0.990059
1.030000 -1.004055
1.040000 -1.017733
1.050000 -1.031091
1.060000 -1.044126
1.070000 -1.056836
1.080000 -1.069219
1.090000 -1.081273
1.100000 -1.092996
1.110000 -1.104387
1.120000 -1.115445
1.130000 -1.126167
1.140000 -1.136554
1.150000 -1.146603
1.160000 -1.156315
1.170000 -1.165689
1.180000 -1.174724
1.190000 -1.183420
1.200000 -1.191777
1.210000 -1.199794
1.220000 -1.207473
1.230000 -1.214813
1.240000 -1.221815
1.250000 -1.228479
1.260000 -1.234806
1.270000 -1.240797
1.280000 -1.246454
1.290000 -1.251776
1.300000 -1.256766
1.310000 -1.261425
1.320000 -1.265754
1.330000 -1.269756
1.340000 -1.273432
1.350000 -1.276784
1.360000 -1.279813
1.370000 -1.282524
1.380000 -1.284916
1.390000 -1.286994
1.400000 -1.288759
1.410000 -1.290215
1.420000 -1.291364
1.430000 -1.292209
1.440000 -1.292752
1.450000 -1.292998
1.460000 -1.292949
1.470000 -1.292608
1.480000 -1.291979
1.490000 -1.291066
1.500000 -1.289871
1.510000 -1.288399
1.520000 -1.286653
1.530000 -1.284637
1.540000 -1.282355
1.550000 -1.279811
1.560000 -1.277009
1.570000 -1.273952
1.580000 -1.270646
1.590000 -1.267094
1.600000 -1.263300
1.610000 -1.259269
1.620000 -1.255006
1.630000 -1.250514
1.640000 -1.245798
1.650000 -1.240863
1.660000 -1.235713
1.670000 -1.230352
1.680000 -1.224786
1.690000 -1.219019
1.700000 -1.213055
1.710000 -1.206900
1.720000 -1.200558
1.730000 -1.194033
1.740000 -1.187332
1.750000 -1.180457
1.760000 -1.173414
1.770000 -1.166209
1.780000 -1.158845
1.790000 -1.151327
1.800000 -1.143661
1.810000 -1.135851
1.820000 -1.127901
1.830000 -1.119817
1.840000 -1.111604
1.850000 -1.103266
1.860000 -1.094807
1.870000 -1.086234
1.880000 -1.077549
1.890000 -1.068759
1.900000 -1.059867
1.910000 -1.050879
1.920000 -1.041799
1.930000 -1.032631
1.940000 -1.023380
1.950000 -1.014051
1.960000 -1.004648
1.970000 -0.995175
1.980000 -0.985637
1.990000 -0.976039
2.000000 -0.966384
2.010000 -0.956677
2.020000 -0.946922
2.030000 -0.937123
2.040000 -0.927285
2.050000 -0.917411
2.060000 -0.907505
2.070000 -0.897572
2.080000 -0.887616
2.090000 -0.877640
2.100000 -0.867647
2.110000 -0.857643
2.120000 -0.847630
2.130000 -0.837612
2.140000 -0.827592
2.150000 -0.817575
2.160000 -0.807564
2.170000 -0.797561
2.180000 -0.787571
2.190000 -0.777596
2.200000 -0.767640
2.210000 -0.757706
2.220000 -0.747797
2.230000 -0.737915
2.240000 -0.728065
2.250000 -0.718248
2.260000 -0.708467
2.270000 -0.698725
2.280000 -0.689026
2.290000 -0.679370
2.300000 -0.669762
2.310000 -0.660203
2.320000 -0.650695
2.330000 -0.641241
2.340000 -0.631844
2.350000 -0.622505
2.360000 -0.613226
2.370000 -0.604010
2.380000 -0.594859
2.390000 -0.585773
2.400000 -0.576756
2.410000 -0.567809
2.420000 -0.558933
2.430000 -0.550130
2.440000 -0.541403
2.450000 -0.532751
2.460000 -0.524178
2.470000 -0.515683
2.480000 -0.507269
2.490000 -0.498936
2.500000 -0.490686
2.510000 -0.482520
2.520000 -0.474439
2.530000 -0.466444
2.540000 -0.458536
2.550000 -0.450716
2.560000 -0.442984
2.570000 -0.435341
2.580000 -0.427789
2.590000 -0.420328
2.600000 -0.412957
2.610000 -0.405679
2.620000 -0.398493
2.630000 -0.391400
2.640000 -0.384400
2.650000 -0.377494
2.660000 -0.370681
2.670000 -0.363963
2.680000 -0.357339
2.690000 -0.350809
2.700000 -0.344374
2.710000 -0.338034
2.720000 -0.331788
2.730000 -0.325636
2.740000 -0.319580
2.750000 -0.313617
2.760000 -0.307749
2.770000 -0.301976
2.780000 -0.296296
2.790000 -0.290710
2.800000 -0.285217
2.810000 -0.279817
2.820000 -0.274510
2.830000 -0.269296
2.840000 -0.264173
2.850000 -0.259142
2.860000 -0.254202
2.870000 -0.249352
2.880000 -0.244593
2.890000 -0.239923
2.900000 -0.235341
2.910000 -0.230849
2.920000 -0.226443
2.930000 -0.222125
2.940000 -0.217894
2.950000 -0.213747
2.960000 -0.209686
2.970000 -0.205710
2.980000 -0.201816
2.990000 -0.198006
3.000000 -0.194277
3.010000 -0.190630
3.020000 -0.187063
3.030000 -0.183576
3.040000 -0.180168
3.050000 -0.176838
3.060000 -0.173584
3.070000 -0.170407
3.080000 -0.167306
3.090000 -0.164279
3.100000 -0.161326
3.110000 -0.158445
3.120000 -0.155637
3.130000 -0.152899
3.140000 -0.150232
3.150000 -0.147634
3.160000 -0.145104
3.170000 -0.142642
3.180000 -0.140246
3.190000 -0.137916
3.200000 -0.135650
3.210000 -0.133449
3.220000 -0.131310
3.230000 -0.129233
3.240000 -0.127217
3.250000 -0.125262
3.260000 -0.123366
3.270000 -0.121528
3.280000 -0.119748
3.290000 -0.118024
3.300000 -0.116356
3.310000 -0.114744
3.320000 -0.113185
3.330000 -0.111679
3.340000 -0.110226
3.350000 -0.108824
3.360000 -0.107473
3.370000 -0.106171
3.380000 -0.104919
3.390000 -0.103715
3.400000 -0.102558
3.410000 -0.101448
3.420000 -0.100383
3.430000 -0.099364
3.440000 -0.098389
3.450000 -0.097458
3.460000 -0.096569
3.470000 -0.095723
3.480000 -0.094917
3.490000 -0.094153
3.500000 -0.093428
3.510000 -0.092743
3.520000 -0.092096
3.530000 -0.091488
3.540000 -0.090916
3.550000 -0.090382
3.560000 -0.089883
3.570000 -0.089420
3.580000 -0.088992
3.590000 -0.088598
3.600000 -0.088238
3.610000 -0.087911
3.620000 -0.087617
3.630000 -0.087355
3.640000 -0.087125
3.650000 -0.086926
3.660000 -0.086757
3.670000 -0.086619
3.680000 -0.086510
3.690000 -0.086431
3.700000 -0.086381
3.710000 -0.086359
3.720000 -0.086366
3.730000 -0.086400
3.740000 -0.086462
3.750000 -0.086550
3.760000 -0.086665
3.770000 -0.086807
3.780000 -0.086975
3.790000 -0.087168
3.800000 -0.087387
3.810000 -0.087631
3.820000 -0.087900
3.830000 -0.088194
3.840000 -0.088512
3.850000 -0.088855
3.860000 -0.089221
3.870000 -0.089611
3.880000 -0.090025
3.890000 -0.090463
3.900000 -0.090924
3.910000 -0.091407
3.920000 -0.091915
3.930000 -0.092444
3.940000 -0.092997
3.950000 -0.093573
3.960000 -0.094171
3.970000 -0.094792
3.980000 -0.095435
3.990000 -0.096100
4.000000 -0.096788
4.010000 -0.097498
4.020000 -0.098231
4.030000 -0.098986
4.040000 -0.099763
4.050000 -0.100562
4.060000 -0.101384
4.070000 -0.102228
4.080000 -0.103094
4.090000 -0.103983
4.100000 -0.104894
4.110000 -0.105828
4.120000 -0.106784
4.130000 -0.107762
4.140000 -0.108764
4.150000 -0.109788
4.160000 -0.110835
4.170000 -0.111904
4.180000 -0.112997
4.190000 -0.114113
4.200000 -0.115252
4.210000 -0.116414
4.220000 -0.117600
4.230000 -0.118809
4.240000 -0.120043
4.250000 -0.121300
4.260000 -0.122580
4.270000 -0.123885
4.280000 -0.125215
4.290000 -0.126568
4.300000 -0.127947
4.310000 -0.129350
4.320000 -0.130778
4.330000 -0.132231
4.340000 -0.133709
4.350000 -0.135212
4.360000 -0.136742
4.370000 -0.138297
4.380000 -0.139877
4.390000 -0.141484
4.400000 -0.143118
4.410000 -0.144777
4.420000 -0.146464
4.430000 -0.148177
4.440000 -0.149917
4.450000 -0.151685
4.460000 -0.153479
4.470000 -0.155302
4.480000 -0.157152
4.490000 -0.159030
4.500000 -0.160937
4.510000 -0.162872
4.520000 -0.164835
4.530000 -0.166827
4.540000 -0.168848
4.550000 -0.170898
4.560000 -0.172978
4.570000 -0.175087
4.580000 -0.177226
4.590000 -0.179395
4.600000 -0.181593
4.610000 -0.183823
4.620000 -0.186082
4.630000 -0.188372
4.640000 -0.190693
4.650000 -0.193045
4.660000 -0.195429
4.670000 -0.197843
4.680000 -0.200290
4.690000 -0.202767
4.700000 -0.205277
4.710000 -0.207819
4.720000 -0.210393
4.730000 -0.212999
4.740000 -0.215638
4.750000 -0.218310
4.760000 -0.221014
4.770000 -0.223751
4.780000 -0.226521
4.790000 -0.229325
4.800000 -0.232161
4.810000 -0.235032
4.820000 -0.237935
4.830000 -0.240873
4.840000 -0.243844
4.850000 -0.246849
4.860000 -0.249887
4.870000 -0.252960
4.880000 -0.256067
4.890000 -0.259207
4.900000 -0.262382
4.910000 -0.265591
4.920000 -0.268834
4.930000 -0.272112
4.940000 -0.275423
4.950000 -0.278768
4.960000 -0.282148
4.970000 -0.285562
4.980000 -0.289009
4.990000 -0.292491
5.000000 -0.296006
5.010000 -0.299555
5.020000 -0.303138
5.030000 -0.306754
5.040000 -0.310403
5.050000 -0.314085
5.060000 -0.317801
5.070000 -0.321549
5.080000 -0.325329
5.090000 -0.329142
5.100000 -0.332986
5.110000 -0.336862
5.120000 -0.340770
5.130000 -0.344708
5.140000 -0.348677
5.150000 -0.352675
5.160000 -0.356704
5.170000 -0.360761
5.180000 -0.364848
5.190000 -0.368962
5.200000 -0.373104
5.210000 -0.377273
5.220000 -0.381469
5.230000 -0.385690
5.240000 -0.389936
5.250000 -0.394207
5.260000 -0.398501
5.270000 -0.402818
5.280000 -0.407156
5.290000 -0.411516
5.300000 -0.415896
5.310000 -0.420295
5.320000 -0.424712
5.330000 -0.429147
5.340000 -0.433597
5.350000 -0.438062
5.360000 -0.442541
5.370000 -0.447032
5.380000 -0.451535
5.390000 -0.456048
5.400000 -0.460569
5.410000 -0.465097
5.420000 -0.469631
5.430000 -0.474170
5.440000 -0.478711
5.450000 -0.483253
5.460000 -0.487794
5.470000 -0.492333
5.480000 -0.496868
5.490000 -0.501397
5.500000 -0.505919
5.510000 -0.510431
5.520000 -0.514931
5.530000 -0.519417
5.540000 -0.523888
5.550000 -0.528341
5.560000 -0.532773
5.570000 -0.537184
5.580000 -0.541570
5.590000 -0.545929
5.600000 -0.550258
5.610000 -0.554556
5.620000 -0.558819
5.630000 -0.563046
5.640000 -0.567233
5.650000 -0.571378
5.660000 -0.575478
5.670000 -0.579530
5.680000 -0.583532
5.690000 -0.587481
5.700000 -0.591373
5.710000 -0.595207
5.720000 -0.598977
5.730000 -0.602683
5.740000 -0.606320
5.750000 -0.609885
5.760000 -0.613376
5.770000 -0.616789
5.780000 -0.620120
5.790000 -0.623367
5.800000 -0.626525
5.810000 -0.629592
5.820000 -0.632565
5.830000 -0.635439
5.840000 -0.638211
5.850000 -0.640877
5.860000 -0.643435
5.870000 -0.645880
5.880000 -0.648210
5.890000 -0.650419
5.900000 -0.652505
5.910000 -0.654463
5.920000 -0.656291
5.930000 -0.657985
5.940000 -0.659540
5.950000 -0.660953
5.960000 -0.662220
5.970000 -0.663338
5.980000 -0.664303
5.990000 -0.665110
6.000000 -0.665757
6.010000 -0.666240
6.020000 -0.666554
6.030000 -0.666697
6.040000 -0.666664
6.050000 -0.666451
6.060000 -0.666056
6.070000 -0.665474
6.080000 -0.664702
6.090000 -0.663737
6.100000 -0.662574
6.110000 -0.661210
6.120000 -0.659642
6.130000 -0.657866
6.140000 -0.655879
6.150000 -0.653678
6.160000 -0.651259
6.170000 -0.648619
6.180000 -0.645756
6.190000 -0.642665
6.200000 -0.639343
6.210000 -0.635789
6.220000 -0.631999
6.230000 -0.627969
6.240000 -0.623699
6.250000 -0.619183
6.260000 -0.614421
6.270000 -0.609410
6.280000 -0.604147
6.290000 -0.598630
6.300000 -0.592857
6.310000 -0.586825
6.320000 -0.580533
6.330000 -0.573979
6.340000 -0.567161
6.350000 -0.560077
6.360000 -0.552726
6.370000 -0.545107
6.380000 -0.537218
6.390000 -0.529057
6.400000 -0.520625
6.410000 -0.511919
6.420000 -0.502940
6.430000 -0.493686
6.440000 -0.484158
6.450000 -0.474353
6.460000 -0.464274
6.470000 -0.453918
6.480000 -0.443287
6.490000 -0.432380
6.500000 -0.421199
6.510000 -0.409742
6.520000 -0.398012
6.530000 -0.386009
6.540000 -0.373733
6.550000 -0.361187
6.560000 -0.348370
6.570000 -0.335286
6.580000 -0.321934
6.590000 -0.308318
6.600000 -0.294439
6.610000 -0.280298
6.620000 -0.265900
6.630000 -0.251244
6.640000 -0.236336
6.650000 -0.221176
6.660000 -0.205768
6.670000 -0.190115
6.680000 -0.174221
6.690000 -0.158088
6.700000 -0.141720
6.710000 -0.125122
6.720000 -0.108296
6.730000 -0.091247
6.740000 -0.073979
6.750000 -0.056497
6.760000 -0.038804
6.770000 -0.020906
6.780000 -0.002808
6.790000 0.015486
6.800000 0.033971
6.810000 0.052640
6.820000 0.071490
6.830000 0.090513
6.840000 0.109705
6.850000 0.129060
6.860000 0.148572
6.870000 0.168234
6.880000 0.188040
6.890000 0.207984
6.900000 0.228060
6.910000 0.248261
6.920000 0.268580
6.930000 0.289010
6.940000 0.309544
6.950000 0.330176
6.960000 0.350898
6.970000 0.371702
6.980000 0.392583
6.990000 0.413531
7.000000 0.434540
7.010000 0.455602
7.020000 0.476708
7.030000 0.497853
7.040000 0.519027
7.050000 0.540223
7.060000 0.561432
7.070000 0.582648
7.080000 0.603861
7.090000 0.625063
7.100000 0.646247
7.110000 0.667404
7.120000 0.688526
7.130000 0.709605
7.140000 0.730632
7.150000 0.751600
7.160000 0.772500
7.170000 0.793323
7.180000 0.814061
7.190000 0.834707
7.200000 0.855251
7.210000 0.875686
7.220000 0.896003
7.230000 0.916194
7.240000 0.936251
7.250000 0.956165
7.260000 0.975929
7.270000 0.995535
7.280000 1.014974
7.290000 1.034239
7.300000 1.053321
7.310000 1.072213
7.320000 1.090908
7.330000 1.109396
7.340000 1.127672
7.350000 1.145727
7.360000 1.163553
7.370000 1.181145
7.380000 1.198493
7.390000 1.215592
7.400000 1.232435
7.410000 1.249013
7.420000 1.265321
7.430000 1.281352
7.440000 1.297100
7.450000 1.312558
7.460000 1.327719
7.470000 1.342578
7.480000 1.357129
7.490000 1.371366
7.500000 1.385283
7.510000 1.398874
7.520000 1.412135
7.530000 1.425061
7.540000 1.437645
7.550000 1.449884
7.560000 1.461772
7.570000 1.473305
7.580000 1.484479
7.590000 1.495290
7.600000 1.505733
7.610000 1.515805
7.620000 1.525502
7.630000 1.534821
7.640000 1.543758
7.650000 1.552310
7.660000 1.560475
7.670000 1.568250
7.680000 1.575632
7.690000 1.582620
7.700000 1.589210
7.710000 1.595401
7.720000 1.601192
7.730000 1.606581
7.740000 1.611566
7.750000 1.616147
7.760000 1.620322
7.770000 1.624092
7.780000 1.627455
7.790000 1.630410
7.800000 1.632959
7.810000 1.635101
7.820000 1.636837
7.830000 1.638166
7.840000 1.639090
7.850000 1.639609
7.860000 1.639724
7.870000 1.639438
7.880000 1.638751
7.890000 1.637664
7.900000 1.636180
7.910000 1.634301
7.920000 1.632029
7.930000 1.629366
7.940000 1.626315
7.950000 1.622878
7.960000 1.619059
7.970000 1.614860
7.980000 1.610285
7.990000 1.605337
8.000000 1.600019
8.010000 1.594337
8.020000 1.588292
8.030000 1.581890
8.040000 1.575134
8.050000 1.568029
8.060000 1.560579
8.070000 1.552789
8.080000 1.544664
8.090000 1.536208
8.100000 1.527427
8.110000 1.518325
8.120000 1.508908
8.130000 1.499182
8.140000 1.489151
8.150000 1.478822
8.160000 1.468200
8.170000 1.457290
8.180000 1.446099
8.190000 1.434633
8.200000 1.422898
8.210000 1.410900
8.220000 1.398644
8.230000 1.386139
8.240000 1.373389
8.250000 1.360401
8.260000 1.347182
8.270000 1.333739
8.280000 1.320078
8.290000 1.306205
8.300000 1.292128
8.310000 1.277853
8.320000 1.263386
8.330000 1.248736
8.340000 1.233908
8.350000 1.218910
8.360000 1.203748
8.370000 1.188429
8.380000 1.172961
8.390000 1.157350
8.400000 1.141603
8.410000 1.125727
8.420000 1.109729
8.430000 1.093616
8.440000 1.077395
8.450000 1.061072
8.460000 1.044655
8.470000 1.028151
8.480000 1.011565
8.490000 0.994906
8.500000 0.978179
8.510000 0.961392
8.520000 0.944551
8.530000 0.927662
8.540000 0.910733
8.550000 0.893770
8.560000 0.876779
8.570000 0.859767
8.580000 0.842740
8.590000 0.825704
8.600000 0.808665
8.610000 0.791630
8.620000 0.774605
8.630000 0.757595
8.640000 0.740607
8.650000 0.723647
8.660000 0.706719
8.670000 0.689831
8.680000 0.672987
8.690000 0.656192
8.700000 0.639453
8.710000 0.622775
8.720000 0.606162
8.730000 0.589620
8.740000 0.573154
8.750000 0.556768
8.760000 0.540469
8.770000 0.524259
8.780000 0.508144
8.790000 0.492129
8.800000 0.476217
8.810000 0.460413
8.820000 0.444721
8.830000 0.429146
8.840000 0.413690
8.850000 0.398359
8.860000 0.383155
8.870000 0.368082
8.880000 0.353144
8.890000 0.338344
8.900000 0.323686
8.910000 0.309172
8.920000 0.294805
8.930000 0.280589
8.940000 0.266527
8.950000 0.252620
8.960000 0.238872
8.970000 0.225284
8.980000 0.211860
8.990000 0.198602
9.000000 0.185511
9.010000 0.172590
9.020000 0.159841
9.030000 0.147265
9.040000 0.134864
9.050000 0.122640
9.060000 0.110594
9.070000 0.098728
9.080000 0.087042
9.090000 0.075538
9.100000 0.064217
9.110000 0.053080
9.120000 0.042128
9.130000 0.031361
9.140000 0.020781
9.150000 0.010387
9.160000 0.000180
9.170000 -0.009840
9.180000 -0.019671
9.190000 -0.029315
9.200000 -0.038771
9.210000 -0.048039
9.220000 -0.057118
9.230000 -0.066011
9.240000 -0.074715
9.250000 -0.083233
9.260000 -0.091564
9.270000 -0.099709
9.280000 -0.107668
9.290000 -0.115442
9.300000 -0.123032
9.310000 -0.130439
9.320000 -0.137663
9.330000 -0.144706
9.340000 -0.151568
9.350000 -0.158250
9.360000 -0.164754
9.370000 -0.171081
9.380000 -0.177232
9.390000 -0.183209
9.400000 -0.189012
9.410000 -0.194643
9.420000 -0.200104
9.430000 -0.205396
9.440000 -0.210520
9.450000 -0.215479
9.460000 -0.220274
9.470000 -0.224906
9.480000 -0.229378
9.490000 -0.233691
9.500000 -0.237847
9.510000 -0.241847
9.520000 -0.245695
9.530000 -0.249390
9.540000 -0.252937
9.550000 -0.256335
9.560000 -0.259589
9.570000 -0.262698
9.580000 -0.265666
9.590000 -0.268495
9.600000 -0.271186
9.610000 -0.273742
9.620000 -0.276164
9.630000 -0.278456
9.640000 -0.280619
9.650000 -0.282654
9.660000 -0.284565
9.670000 -0.286354
9.680000 -0.288022
9.690000 -0.289572
9.700000 -0.291007
9.710000 -0.292327
9.720000 -0.293536
9.730000 -0.294635
9.740000 -0.295627
9.750000 -0.296514
9.760000 -0.297298
9.770000 -0.297981
9.780000 -0.298566
9.790000 -0.299054
9.800000 -0.299448
9.810000 -0.299750
9.820000 -0.299962
9.830000 -0.300086
9.840000 -0.300124
9.850000 -0.300078
9.860000 -0.299951
9.870000 -0.299744
9.880000 -0.299460
9.890000 -0.299100
9.900000 -0.298667
9.910000 -0.298162
9.920000 -0.297588
9.930000 -0.296946
9.940000 -0.296239
9.950000 -0.295468
9.960000 -0.294635
9.970000 -0.293742
9.980000 -0.292791
9.990000 -0.291783
10.000000 -0.290721
10.010000 -0.289607
10.020000 -0.288441
10.030000 -0.287226
10.040000 -0.285964
10.050000 -0.284656
10.060000 -0.283303
10.070000 -0.281908
10.080000 -0.280472
10.090000 -0.278996
10.100000 -0.277483
10.110000 -0.275933
10.120000 -0.274348
10.130000 -0.272729
10.140000 -0.271079
10.150000 -0.269398
10.160000 -0.267687
10.170000 -0.265949
10.180000 -0.264184
10.190000 -0.262394
10.200000 -0.260579
10.210000 -0.258742
10.220000 -0.256883
10.230000 -0.255003
10.240000 -0.253104
10.250000 -0.251187
10.260000 -0.249253
10.270000 -0.247302
10.280000 -0.245337
10.290000 -0.243357
10.300000 -0.241365
10.310000 -0.239360
10.320000 -0.237344
10.330000 -0.235317
10.340000 -0.233281
10.350000 -0.231237
10.360000 -0.229185
10.370000 -0.227125
10.380000 -0.225060
10.390000 -0.222989
10.400000 -0.220913
10.410000 -0.218833
10.420000 -0.216749
10.430000 -0.214663
10.440000 -0.212574
10.450000 -0.210484
10.460000 -0.208393
10.470000 -0.206302
10.480000 -0.204210
10.490000 -0.202119
10.500000 -0.200029
10.510000 -0.197941
10.520000 -0.195854
10.530000 -0.193770
10.540000 -0.191689
10.550000 -0.189611
10.560000 -0.187536
10.570000 -0.185466
10.580000 -0.183399
10.590000 -0.181338
10.600000 -0.179281
10.610000 -0.177229
10.620000 -0.175183
10.630000 -0.173142
10.640000 -0.171107
10.650000 -0.169079
10.660000 -0.167057
10.670000 -0.165041
10.680000 -0.163032
10.690000 -0.161031
10.700000 -0.159036
10.710000 -0.157049
10.720000 -0.155069
10.730000 -0.153097
10.740000 -0.151132
10.750000 -0.149175
10.760000 -0.147227
10.770000 -0.145286
10.780000 -0.143353
10.790000 -0.141429
10.800000 -0.139514
10.810000 -0.137606
10.820000 -0.135708
10.830000 -0.133817
10.840000 -0.131936
10.850000 -0.130064
10.860000 -0.128200
10.870000 -0.126345
10.880000 -0.124499
10.890000 -0.122663
10.900000 -0.120835
10.910000 -0.119017
10.920000 -0.117207
10.930000 -0.115408
10.940000 -0.113617
10.950000 -0.111836
10.960000 -0.110065
10.970000 -0.108303
10.980000 -0.106551
10.990000 -0.104809
11.000000 -0.103077
11.010000 -0.101354
11.020000 -0.099642
11.030000 -0.097940
11.040000 -0.096248
11.050000 -0.094567
11.060000 -0.092896
11.070000 -0.091235
11.080000 -0.089586
11.090000 -0.087947
11.100000 -0.086319
11.110000 -0.084703
11.120000 -0.083098
11.130000 -0.081504
11.140000 -0.079923
11.150000 -0.078353
11.160000 -0.076795
11.170000 -0.075250
11.180000 -0.073717
11.190000 -0.072197
11.200000 -0.070690
11.210000 -0.069197
11.220000 -0.067717
11.230000 -0.066250
11.240000 -0.064798
11.250000 -0.063360
11.260000 -0.061937
11.270000 -0.060529
11.280000 -0.059136
11.290000 -0.057759
11.300000 -0.056397
11.310000 -0.055052
11.320000 -0.053724
11.330000 -0.052412
11.340000 -0.051119
11.350000 -0.049842
11.360000 -0.048585
11.370000 -0.047345
11.380000 -0.046125
11.390000 -0.044924
11.400000 -0.043744
11.410000 -0.042583
11.420000 -0.041444
11.430000 -0.040325
11.440000 -0.039229
11.450000 -0.038154
11.460000 -0.037103
11.470000 -0.036075
11.480000 -0.035070
11.490000 -0.034090
11.500000 -0.033134
11.510000 -0.032204
11.520000 -0.031300
11.530000 -0.030422
11.540000 -0.029571
11.550000 -0.028747
11.560000 -0.027952
11.570000 -0.027185
11.580000 -0.026447
11.590000 -0.025739
11.600000 -0.025062
11.610000 -0.024415
11.620000 -0.023800
11.630000 -0.023216
11.640000 -0.022666
11.650000 -0.022148
11.660000 -0.021665
11.670000 -0.021215
11.680000 -0.020801
11.690000 -0.020422
11.700000 -0.020079
11.710000 -0.019773
11.720000 -0.019504
11.730000 -0.019272
11.740000 -0.019079
11.750000 -0.018925
11.760000 -0.018810
11.770000 -0.018736
11.780000 -0.018701
11.790000 -0.018708
11.800000 -0.018756
11.810000 -0.018847
11.820000 -0.018979
11.830000 -0.019155
11.840000 -0.019375
11.850000 -0.019638
11.860000 -0.019946
11.870000 -0.020298
11.880000 -0.020696
11.890000 -0.021140
11.900000 -0.021630
11.910000 -0.022166
11.920000 -0.022749
11.930000 -0.023380
11.940000 -0.024058
11.950000 -0.024784
11.960000 -0.025558
11.970000 -0.026381
11.980000 -0.027252
11.990000 -0.028173
12.000000 -0.029143
12.010000 -0.030162
12.020000 -0.031231
12.030000 -0.032350
12.040000 -0.033519
12.050000 -0.034739
12.060000 -0.036008
12.070000 -0.037328
12.080000 -0.038698
12.090000 -0.040119
12.100000 -0.041590
12.110000 -0.043111
12.120000 -0.044683
12.130000 -0.046306
12.140000 -0.047978
12.150000 -0.049701
12.160000 -0.051474
12.170000 -0.053297
12.180000 -0.055170
12.190000 -0.057092
12.200000 -0.059063
12.210000 -0.061083
12.220000 -0.063153
12.230000 -0.065270
12.240000 -0.067436
12.250000 -0.069649
12.260000 -0.071909
12.270000 -0.074217
12.280000 -0.076571
12.290000 -0.078970
12.300000 -0.081416
12.310000 -0.083906
12.320000 -0.086440
12.330000 -0.089018
12.340000 -0.091640
12.350000 -0.094304
12.360000 -0.097009
12.370000 -0.099756
12.380000 -0.102543
12.390000 -0.105370
12.400000 -0.108236
12.410000 -0.111140
12.420000 -0.114081
12.430000 -0.117059
12.440000 -0.120072
12.450000 -0.123120
12.460000 -0.126201
12.470000 -0.129315
12.480000 -0.132461
12.490000 -0.135638
12.500000 -0.138845
12.510000 -0.142080
12.520000 -0.145344
12.530000 -0.148633
12.540000 -0.151949
12.550000 -0.155288
12.560000 -0.158651
12.570000 -0.162036
12.580000 -0.165442
12.590000 -0.168868
12.600000 -0.172312
12.610000 -0.175774
12.620000 -0.179251
12.630000 -0.182744
12.640000 -0.186250
12.650000 -0.189768
12.660000 -0.193297
12.670000 -0.196835
12.680000 -0.200382
12.690000 -0.203936
12.700000 -0.207495
12.710000 -0.211059
12.720000 -0.214625
12.730000 -0.218193
12.740000 -0.221761
12.750000 -0.225327
12.760000 -0.228891
12.770000 -0.232451
12.780000 -0.236005
12.790000 -0.239553
12.800000 -0.243092
12.810000 -0.246621
12.820000 -0.250139
12.830000 -0.253644
12.840000 -0.257136
12.850000 -0.260612
12.860000 -0.264071
12.870000 -0.267512
12.880000 -0.270933
12.890000 -0.274333
12.900000 -0.277711
12.910000 -0.281064
12.920000 -0.284393
12.930000 -0.287695
12.940000 -0.290968
12.950000 -0.294213
12.960000 -0.297426
12.970000 -0.300608
12.980000 -0.303756
12.990000 -0.306869
13.000000 -0.309946
13.010000 -0.312986
13.020000 -0.315987
13.030000 -0.318948
13.040000 -0.321868
13.050000 -0.324745
13.060000 -0.327579
13.070000 -0.330368
13.080000 -0.333111
13.090000 -0.335806
13.100000 -0.338453
13.110000 -0.341051
13.120000 -0.343598
13.130000 -0.346093
13.140000 -0.348535
13.150000 -0.350924
13.160000 -0.353258
13.170000 -0.355535
13.180000 -0.357756
13.190000 -0.359919
13.200000 -0.362023
13.210000 -0.364068
13.220000 -0.366051
13.230000 -0.367974
13.240000 -0.369834
13.250000 -0.371631
13.260000 -0.373364
13.270000 -0.375032
13.280000 -0.376635
13.290000 -0.378172
13.300000 -0.379642
13.310000 -0.381045
13.320000 -0.382380
13.330000 -0.383646
13.340000 -0.384842
13.350000 -0.385970
13.360000 -0.387026
13.370000 -0.388012
13.380000 -0.388927
13.390000 -0.389771
13.400000 -0.390542
13.410000 -0.391241
13.420000 -0.391867
13.430000 -0.392420
13.440000 -0.392900
13.450000 -0.393307
13.460000 -0.393639
13.470000 -0.393898
13.480000 -0.394083
13.490000 -0.394193
13.500000 -0.394229
13.510000 -0.394191
13.520000 -0.394078
13.530000 -0.393891
13.540000 -0.393629
13.550000 -0.393293
13.560000 -0.392882
13.570000 -0.392398
13.580000 -0.391839
13.590000 -0.391206
13.600000 -0.390500
13.610000 -0.389720
13.620000 -0.388866
13.630000 -0.387940
13.640000 -0.386941
13.650000 -0.385869
13.660000 -0.384725
13.670000 -0.383510
13.680000 -0.382223
13.690000 -0.380865
13.700000 -0.379436
13.710000 -0.377938
13.720000 -0.376370
13.730000 -0.374733
13.740000 -0.373027
13.750000 -0.371254
13.760000 -0.369413
13.770000 -0.367505
13.780000 -0.365532
13.790000 -0.363492
13.800000 -0.361388
13.810000 -0.359220
13.820000 -0.356988
13.830000 -0.354694
13.840000 -0.352337
13.850000 -0.349920
13.860000 -0.347442
13.870000 -0.344904
13.880000 -0.342308
13.890000 -0.339654
13.900000 -0.336942
13.910000 -0.334174
13.920000 -0.331351
13.930000 -0.328474
13.940000 -0.325542
13.950000 -0.322559
13.960000 -0.319523
13.970000 -0.316437
13.980000 -0.313301
13.990000 -0.310116
14.000000 -0.306883
14.010000 -0.303604
14.020000 -0.300278
14.030000 -0.296908
14.040000 -0.293494
14.050000 -0.290037
14.060000 -0.286539
14.070000 -0.283000
14.080000 -0.279422
14.090000 -0.275805
14.100000 -0.272150
14.110000 -0.268459
14.120000 -0.264734
14.130000 -0.260973
14.140000 -0.257180
14.150000 -0.253355
14.160000 -0.249499
14.170000 -0.245614
14.180000 -0.241700
14.190000 -0.237758
14.200000 -0.233790
14.210000 -0.229797
14.220000 -0.225780
14.230000 -0.221739
14.240000 -0.217677
14.250000 -0.213594
14.260000 -0.209492
14.270000 -0.205371
14.280000 -0.201233
14.290000 -0.197079
14.300000 -0.192909
14.310000 -0.188726
14.320000 -0.184530
14.330000 -0.180322
14.340000 -0.176103
14.350000 -0.171875
14.360000 -0.167639
14.370000 -0.163395
14.380000 -0.159145
14.390000 -0.154891
14.400000 -0.150632
14.410000 -0.146370
14.420000 -0.142106
14.430000 -0.137842
14.440000 -0.133577
14.450000 -0.129315
14.460000 -0.125054
14.470000 -0.120797
14.480000 -0.116545
14.490000 -0.112298
14.500000 -0.108057
14.510000 -0.103824
14.520000 -0.099599
14.530000 -0.095384
14.540000 -0.091180
14.550000 -0.086986
14.560000 -0.082806
14.570000 -0.078638
14.580000 -0.074485
14.590000 -0.070347
14.600000 -0.066225
14.610000 -0.062120
14.620000 -0.058033
14.630000 -0.053965
14.640000 -0.049916
14.650000 -0.045888
14.660000 -0.041881
14.670000 -0.037897
14.680000 -0.033935
14.690000 -0.029997
14.700000 -0.026084
14.710000 -0.022196
14.720000 -0.018334
14.730000 -0.014499
14.740000 -0.010691
14.750000 -0.006912
14.760000 -0.003162
14.770000 0.000559
14.780000 0.004249
14.790000 0.007909
14.800000 0.011536
14.810000 0.015132
14.820000 0.018694
14.830000 0.022223
14.840000 0.025718
14.850000 0.029179
14.860000 0.032604
14.870000 0.035993
14.880000 0.039347
14.890000 0.042663
14.900000 0.045943
14.910000 0.049185
14.920000 0.052388
14.930000 0.055553
14.940000 0.058679
14.950000 0.061766
14.960000 0.064813
14.970000 0.067819
14.980000 0.070786
14.990000 0.073711
15.000000 0.076595
