S0001 400.000000 0.326950 0.127500
S0002 410.000000 0.309504 0.127500
S0003 420.000000 0.303404 0.127500
S0004 430.000000 0.287943 0.127500
S0005 440.000000 0.282553 0.127500
S0006 450.000000 0.268936 0.127500
S0007 460.000000 0.265390 0.127500
S0008 470.000000 0.252553 0.127500
S0009 480.000000 0.251064 0.127500
S0010 490.000000 0.240426 0.127500
S0011 500.000000 0.241064 0.127500
S0012 510.000000 0.232553 0.127500
S0013 520.000000 0.235390 0.127500
S0014 530.000000 0.229149 0.127500
S0015 540.000000 0.234043 0.127500
S0016 550.000000 0.229787 0.127500
S0017 560.000000 0.237943 0.127500
S0018 570.000000 0.236879 0.127500
S0019 580.000000 0.247021 0.127500
S0020 590.000000 0.248298 0.127500
S0021 600.000000 0.260638 0.127500
S0022 610.000000 0.265035 0.127500
S0023 620.000000 0.280142 0.127500
S0024 630.000000 0.287730 0.127500
S0025 640.000000 0.306099 0.127500
S0026 650.000000 0.315461 0.127500
S0027 660.000000 0.336454 0.127500
S0028 670.000000 0.348652 0.127500
S0029 680.000000 0.371844 0.127500
S0030 690.000000 0.386738 0.127500
S0031 700.000000 0.412340 0.127500
S0032 710.000000 0.429362 0.127500
S0033 720.000000 0.457234 0.127500
S0034 730.000000 0.476241 0.127500
S0035 740.000000 0.505674 0.127500
S0036 750.000000 0.526170 0.127500
S0037 760.000000 0.557163 0.127500
S0038 770.000000 0.578511 0.127500
S0039 780.000000 0.610000 0.127500
S0040 790.000000 0.632411 0.127500
S0041 800.000000 0.664752 0.127500
S0042 810.000000 0.687092 0.127500
S0043 820.000000 0.718794 0.127500
S0044 830.000000 0.740000 0.127500
S0045 840.000000 0.770993 0.127500
S0046 850.000000 0.791206 0.127500
S0047 860.000000 0.820142 0.127500
S0048 870.000000 0.838652 0.127500
S0049 880.000000 0.867589 0.127500
S0050 890.000000 0.880284 0.127500
S0051 900.000000 0.907801 0.127500
S0052 910.000000 0.920355 0.127500
S0053 920.000000 0.942766 0.127500
S0054 930.000000 0.953901 0.127500
S0055 940.000000 0.973333 0.127500
S0056 950.000000 0.981418 0.127500
S0057 960.000000 0.998723 0.127500
S0058 970.000000 1.003688 0.127500
S0059 980.000000 1.018085 0.127500
S0060 990.000000 1.020426 0.127500
S0061 1000.000000 1.032128 0.127500
S0062 1010.000000 1.032624 0.127500
S0063 1020.000000 1.041135 0.127500
S0064 1030.000000 1.039220 0.127500
S0065 1040.000000 1.045957 0.127500
S0066 1050.000000 1.041347 0.127500
S0067 1060.000000 1.045957 0.127500
S0068 1070.000000 1.039220 0.127500
S0069 1080.000000 1.041702 0.127500
S0070 1090.000000 1.033050 0.127500
S0071 1100.000000 1.033617 0.127500
S0072 1110.000000 1.023191 0.127500
S0073 1120.000000 1.022128 0.127500
S0074 1130.000000 1.010000 0.127500
S0075 1140.000000 1.007660 0.127500
S0076 1150.000000 0.993617 0.127500
S0077 1160.000000 0.989362 0.127500
S0078 1170.000000 0.974681 0.127500
S0079 1180.000000 0.969220 0.127500
S0080 1190.000000 0.952979 0.127500
S0081 1200.000000 0.946525 0.127500
S0082 1210.000000 0.929220 0.127500
S0083 1220.000000 0.921489 0.127500
S0084 1230.000000 0.903191 0.127500
S0085 1240.000000 0.894965 0.127500
S0086 1250.000000 0.875957 0.127500
S0087 1260.000000 0.866241 0.127500
S0088 1270.000000 0.846596 0.127500
S0089 1280.000000 0.836454 0.127500
S0090 1290.000000 0.815957 0.127500
S0091 1300.000000 0.804965 0.127500
S0092 1310.000000 0.783972 0.127500
S0093 1320.000000 0.772837 0.127500
S0094 1330.000000 0.751631 0.127500
S0095 1340.000000 0.740000 0.127500
S0096 1350.000000 0.719078 0.127500
S0097 1360.000000 0.707589 0.127500
S0098 1370.000000 0.685674 0.127500
S0099 1380.000000 0.673830 0.127500
S0100 1390.000000 0.652128 0.127500
S0101 1400.000000 0.639787 0.127500
S0102 1410.000000 0.617730 0.127500
S0103 1420.000000 0.604965 0.127500
S0104 1430.000000 0.582199 0.127500
S0105 1440.000000 0.569716 0.127500
S0106 1450.000000 0.548156 0.127500
S0107 1460.000000 0.536525 0.127500
S0108 1470.000000 0.516241 0.127500
S0109 1480.000000 0.506454 0.127500
S0110 1490.000000 0.487305 0.127500
S0111 1500.000000 0.478085 0.127500
S0112 1510.000000 0.457872 0.127500
S0113 1520.000000 0.446525 0.127500
S0114 1530.000000 0.424965 0.127500
S0115 1540.000000 0.412766 0.127500
S0116 1550.000000 0.390426 0.127500
S0117 1560.000000 0.379504 0.127500
S0118 1570.000000 0.358936 0.127500
S0119 1580.000000 0.349149 0.127500
S0120 1590.000000 0.330142 0.127500
S0121 1600.000000 0.322128 0.127500
S0122 1610.000000 0.305177 0.127500
S0123 1620.000000 0.298865 0.127500
S0124 1630.000000 0.282979 0.127500
S0125 1640.000000 0.278582 0.127500
S0126 1650.000000 0.264397 0.127500
S0127 1660.000000 0.261277 0.127500
S0128 1670.000000 0.249362 0.127500
S0129 1680.000000 0.248794 0.127500
S0130 1690.000000 0.239078 0.127500
S0131 1700.000000 0.239716 0.127500
S0132 1710.000000 0.232340 0.127500
S0133 1720.000000 0.236383 0.127500
S0134 1730.000000 0.230496 0.127500
S0135 1740.000000 0.236879 0.127500
S0136 1750.000000 0.233191 0.127500
S0137 1760.000000 0.240709 0.127500
S0138 1770.000000 0.239504 0.127500
S0139 1780.000000 0.249291 0.127500
S0140 1790.000000 0.249716 0.127500
S0141 1800.000000 0.261844 0.127500
