540.400390 6.951040
550.670975 6.943878
560.775608 6.926749
571.053673 6.917835
581.341675 6.900173
591.547874 6.889851
601.849921 6.872361
612.168070 6.860343
622.487997 6.842562
632.795057 6.828804
643.100820 6.810910
653.509075 6.796387
663.902310 6.778350
674.199009 6.763182
684.621208 6.746523
695.031275 6.730355
705.419716 6.714344
715.813873 6.697431
726.232512 6.682638
736.729481 6.665913
747.088434 6.653509
757.548220 6.637702
768.037341 6.627497
778.356030 6.612659
788.786923 6.605094
799.214462 6.591030
809.569299 6.586827
819.982688 6.575298
830.345554 6.575051
840.656936 6.566942
850.973348 6.569416
861.271112 6.565882
871.478402 6.570928
881.645443 6.570349
891.871186 6.581352
902.015291 6.583255
912.053091 6.595682
922.090915 6.603022
932.063404 6.617472
941.998117 6.627280
951.857480 6.643677
961.584026 6.654191
971.379764 6.673114
981.294863 6.684764
990.633441 6.704142
1000.368934 6.716296
1010.358913 6.736307
1019.454070 6.746815
1029.221014 6.767714
1038.966044 6.778845
1048.304407 6.797649
1058.018082 6.809583
1067.532305 6.826824
1077.060015 6.838840
1086.685551 6.854613
1096.232512 6.866364
1105.863332 6.880320
1115.416647 6.891910
1125.025178 6.904363
1134.751506 6.915883
1144.304269 6.926296
1153.965119 6.938318
1163.672596 6.947307
1173.316420 6.958405
1183.018339 6.965924
1192.721798 6.976953
1202.435523 6.982867
1212.179673 6.993701
1221.916297 6.998452
1231.697260 7.009020
1241.441818 7.012162
1251.184662 7.022537
1261.047985 7.025080
1270.826579 7.034549
1280.580637 7.035810
1290.465101 7.045675
1300.304865 7.046117
1310.108698 7.055465
1319.968993 7.054732
1329.860260 7.063293
1339.721162 7.062060
1349.549153 7.069331
1359.471642 7.067646
1369.391473 7.074586
1379.231476 7.072405
1389.129643 7.078388
1399.066434 7.076243
1408.997808 7.081604
1418.923786 7.079331
1428.855332 7.084911
1438.866279 7.082396
1448.860805 7.086506
1458.759636 7.083039
1468.754172 7.086042
1478.778762 7.080419
1488.677739 7.081520
1498.628658 7.075318
1508.615031 7.076997
1518.533343 7.072421
1528.527901 7.075070
1538.579619 7.070855
1548.590512 7.074136
1558.696838 7.069581
1568.904610 7.072383
1579.041719 7.067311
1589.168153 7.070446
1599.220458 7.064870
1609.154397 7.066927
1619.099404 7.059471
1628.967639 7.058711
1638.770564 7.048072
1648.765100 7.044176
1658.827974 7.031309
1668.852596 7.025551
1679.047211 7.011379
1689.289354 7.004916
1699.510384 6.990288
1709.737836 6.983624
1719.935514 6.967068
1730.212302 6.960835
1740.451027 6.943395
1750.614497 6.936147
1760.911634 6.919632
1771.213178 6.910637
1781.461868 6.894275
1791.711644 6.885433
