482.700195 8.245000
492.835488 8.240000
502.887804 8.235000
513.026837 8.240000
523.170838 8.220000
533.273937 8.215000
543.424960 8.210000
553.584035 8.200000
563.743999 8.195000
573.897528 8.195000
584.050410 8.190000
594.254537 8.180000
604.451155 8.175000
614.599505 8.175000
624.810604 8.170000
635.015637 8.165000
645.209858 8.160000
655.406937 8.160000
665.616256 8.155000
675.864740 8.150000
686.044217 8.150000
696.274110 8.150000
706.518670 8.150000
716.678015 8.160000
726.893461 8.160000
737.107231 8.165000
747.284650 8.170000
757.491344 8.175000
767.672777 8.190000
777.828468 8.200000
787.986674 8.205000
798.135556 8.210000
808.239201 8.210000
818.322722 8.235000
828.435593 8.245000
838.507645 8.255000
848.526545 8.270000
858.545457 8.280000
868.531702 8.285000
878.499058 8.300000
888.428740 8.300000
898.292013 8.310000
908.189882 8.330000
918.147431 8.330000
927.816721 8.345000
937.684467 8.350000
947.679457 8.350000
957.227035 8.370000
967.110507 8.375000
976.983022 8.370000
986.652203 8.380000
996.509041 8.390000
1006.266152 8.390000
1016.030007 8.395000
1025.842776 8.395000
1035.616256 8.400000
1045.431666 8.400000
1055.208324 8.395000
1065.012589 8.400000
1074.875753 8.405000
1084.652135 8.410000
1094.482559 8.405000
1104.336298 8.405000
1114.158210 8.405000
1124.009170 8.400000
1133.860899 8.400000
1143.717761 8.400000
1153.589836 8.395000
1163.458148 8.390000
1173.348630 8.395000
1183.220909 8.390000
1193.092331 8.395000
1203.023992 8.385000
1212.913290 8.390000
1222.790319 8.385000
1232.732550 8.385000
1242.652432 8.380000
1252.554349 8.385000
1262.484496 8.375000
1272.430130 8.375000
1282.360581 8.370000
1292.274576 8.370000
1302.235821 8.360000
1312.195737 8.365000
1322.115738 8.370000
1332.064822 8.360000
1342.033217 8.360000
1351.998904 8.360000
1361.961893 8.365000
1371.927666 8.365000
1381.933140 8.355000
1391.930403 8.355000
1401.879818 8.345000
1411.877086 8.345000
1421.889381 8.345000
1431.838869 8.345000
1441.814329 8.335000
1451.807516 8.335000
1461.766672 8.340000
1471.763951 8.340000
1481.789809 8.335000
1491.795256 8.335000
1501.848419 8.325000
1511.952305 8.315000
1522.020860 8.315000
1532.084077 8.310000
1542.110229 8.310000
1552.077198 8.300000
1562.049702 8.300000
1571.983820 8.305000
1581.885282 8.310000
1591.882550 8.300000
1601.913987 8.295000
1611.926298 8.295000
1622.023605 8.290000
1632.144677 8.285000
1642.255192 8.280000
1652.368918 8.260000
1662.467757 8.255000
1672.606151 8.250000
1682.725513 8.245000
1692.807249 8.240000
1702.955817 8.230000
1713.106589 8.225000
1723.230934 8.220000
1733.355822 8.210000
