61110 37.0 NaN 44.0 0.0 -7.0 109.9415 33.6075 109.9568 33.5156 110.0228 33.1193 110.0532 32.9354
61107 28.0 NaN 35.4 0.0 -7.4 110.2646 33.8323 110.2799 33.7350 110.3224 33.4630 110.3527 33.2682
41203 34.0 NaN 35.9 0.0 -1.9 111.6301 34.0863 111.6329 34.0614 111.6811 33.6380 111.6867 33.5881
41204 31.0 NaN 30.8 0.0 0.2 111.7203 34.4029 111.7200 34.4058 111.7653 33.9963 111.7647 34.0022
14903 30.0 0.0 30.4 0.0 -0.4 110.4779 34.4367 110.4787 34.4310 110.5362 34.0457 110.5379 34.0342
14899 24.0 0.0 25.3 0.0 -1.3 112.7315 35.0902 112.7328 35.0729 112.7562 34.7783 112.7589 34.7438
61059 34.0 0.0 32.5 0.0 1.5 108.2164 34.6307 108.2121 34.6501 108.3114 34.1961 108.3030 34.2351
14896 37.0 0.0 32.3 0.0 4.7 111.3251 34.9611 111.3175 35.0224 111.3836 34.4831 111.3687 34.6058
14894 27.0 0.0 23.7 0.0 3.3 113.0179 35.4115 113.0148 35.4546 113.0424 35.0631 113.0364 35.1493
62369 38.0 0.0 41.9 0.0 -3.9 107.5969 34.9716 107.6086 34.9227 107.7107 34.4921 107.7338 34.3944
41227 34.0 0.0 35.4 0.0 -1.4 113.7631 35.6263 113.7640 35.6079 113.7839 35.1897 113.7856 35.1529
14886 44.0 0.0 35.2 0.0 8.8 112.6087 35.5208 112.5994 35.6330 112.6553 34.9575 112.6368 35.1820
14883 32.0 0.0 30.0 0.0 2.0 110.8991 35.6507 110.8957 35.6757 110.9541 35.2434 110.9473 35.2934
62378 44.0 0.0 38.7 0.0 5.3 108.1873 35.1953 108.1727 35.2616 108.3085 34.6410 108.2796 34.7736
61124 28.0 0.0 31.3 0.0 -3.3 110.4449 35.7480 110.4511 35.7067 110.4978 35.3927 110.5101 35.3101
61123 48.0 0.0 40.1 0.0 7.9 110.1630 35.4791 110.1471 35.5791 110.2587 34.8709 110.2274 35.0708
61092 29.0 0.0 31.2 0.0 -2.2 109.6759 35.7384 109.6808 35.7104 109.7391 35.3721 109.7488 35.3160
14877 24.0 0.0 32.4 0.0 -8.4 111.3426 36.0750 111.3555 35.9689 111.3795 35.7710 111.4051 35.5589
62387 45.0 0.0 46.1 0.0 -1.1 108.0338 35.4470 108.0370 35.4331 108.1594 34.8837 108.1656 34.8558
61125 39.0 0.0 39.6 0.0 -0.6 110.5191 35.9054 110.5203 35.8974 110.5911 35.4134 110.5934 35.3974
61117 37.0 0.0 40.3 0.0 -3.3 109.7049 35.8996 109.7120 35.8587 109.7846 35.4346 109.7985 35.3527
61093 46.0 0.0 44.1 0.0 1.9 109.3422 35.8326 109.3379 35.8561 109.4472 35.2563 109.4387 35.3032
14875 37.0 0.0 37.5 0.0 -0.5 113.4183 36.2752 113.4187 36.2684 113.4454 35.8072 113.4462 35.7935
14872 34.0 0.0 44.9 0.0 -10.9 111.8306 36.3112 111.8453 36.1734 111.8760 35.8830 111.9050 35.6073
14869 39.0 0.0 42.8 0.0 -3.8 113.0142 36.5243 113.0175 36.4771 113.0485 36.0342 113.0550 35.9398
61063 46.0 0.0 51.5 0.0 -5.5 108.5918 36.1064 108.6060 36.0376 108.7087 35.5359 108.7367 35.3984
14863 40.0 0.0 48.4 0.0 -8.4 110.5320 36.5086 110.5474 36.4035 110.6045 36.0103 110.6348 35.8000
62409 32.0 0.0 34.8 0.0 -2.8 107.8092 36.3575 107.8173 36.3226 107.8995 35.9635 107.9154 35.8937
61109 40.0 0.0 48.0 0.0 -8.0 110.0985 36.5526 110.1144 36.4532 110.1774 36.0558 110.2086 35.8570
61130 41.0 0.0 48.8 0.0 -7.8 109.7050 36.5318 109.7217 36.4345 109.7917 36.0236 109.8246 35.8291
14860 37.0 0.0 43.7 0.0 -6.7 112.9885 36.8434 112.9944 36.7602 113.0212 36.3812 113.0328 36.2149
14862 34.0 0.0 35.8 0.0 -1.8 113.8200 36.9519 113.8210 36.9299 113.8393 36.5272 113.8413 36.4833
14861 42.0 0.0 41.8 0.0 0.2 113.4398 36.8429 113.4397 36.8454 113.4697 36.3185 113.4694 36.3236
62411 43.0 0.0 42.1 0.0 0.9 107.4133 36.3193 107.4106 36.3305 107.5402 35.7925 107.5348 35.8150
61065 48.0 0.0 57.9 0.0 -9.9 108.0531 36.3597 108.0802 36.2379 108.1835 35.7701 108.2368 35.5264
14858 40.0 0.0 54.4 0.0 -14.4 111.7221 36.8622 111.7417 36.6831 111.7764 36.3651 111.8150 36.0069
14857 42.0 0.0 54.3 0.0 -12.3 111.3013 36.8702 111.3200 36.7177 111.3647 36.3495 111.4015 36.0443
61132 43.0 0.0 49.6 0.0 -6.6 110.1306 36.8400 110.1435 36.7584 110.2141 36.3095 110.2395 36.1463
14854 44.0 0.0 49.2 0.0 -5.2 113.4394 37.1389 113.4431 37.0746 113.4705 36.5933 113.4777 36.4647
61116 47.0 0.0 54.1 0.0 -7.1 110.5393 37.1184 110.5519 37.0315 110.6228 36.5413 110.6477 36.3675
61133 44.0 0.0 51.2 0.0 -7.2 110.1238 37.1291 110.1377 37.0411 110.2087 36.5897 110.2362 36.4137
14847 42.0 0.0 51.4 0.0 -9.4 113.1707 37.4291 113.1783 37.3132 113.2043 36.9114 113.2193 36.6797
61097 47.0 0.0 51.9 0.0 -4.9 109.2917 37.1075 109.3026 37.0483 109.3965 36.5341 109.4179 36.4157
14844 48.0 0.0 49.6 0.0 -1.6 111.3768 37.4023 111.3792 37.3822 111.4468 36.8144 111.4516 36.7742
61128 47.0 0.0 56.0 0.0 -9.0 110.0308 37.4155 110.0484 37.3065 110.1224 36.8433 110.1569 36.6252
61100 48.0 0.0 53.5 0.0 -5.5 109.7308 37.4040 109.7422 37.3367 109.8294 36.8206 109.8519 36.6860
61098 44.0 0.0 49.7 0.0 -5.7 109.3359 37.4465 109.3484 37.3776 109.4325 36.9128 109.4573 36.7751
14841 49.0 0.0 50.4 0.0 -1.4 111.4048 37.7362 111.4069 37.7189 111.4753 37.1402 111.4793 37.1056
15733 53.0 0.0 54.1 0.0 -1.1 107.6397 37.3942 107.6427 37.3816 107.7874 36.7592 107.7932 36.7339
14830 44.0 0.0 44.0 0.0 -0.0 113.4535 38.1072 113.4536 38.1068 113.4837 37.5724 113.4837 37.5715
15743 45.0 0.0 47.8 0.0 -2.8 108.0617 38.1311 108.0691 38.0973 108.1788 37.5973 108.1935 37.5297
15798 53.0 0.0 57.4 0.0 -4.4 109.7362 38.3283 109.7450 38.2764 109.8424 37.6969 109.8597 37.5932
14837 51.0 0.0 39.0 0.0 12.0 113.4187 38.6701 113.4103 38.8143 113.4536 38.0587 113.4372 38.3471
15725 48.0 0.0 46.5 0.0 1.5 108.7781 38.3555 108.7745 38.3735 108.8904 37.7864 108.8834 37.8225
15724 47.0 0.0 49.7 0.0 -2.7 108.3645 38.3561 108.3713 38.3241 108.4813 37.8002 108.4946 37.7362
15796 45.0 0.0 42.2 0.0 2.8 110.1313 38.7595 110.1261 38.7926 110.2147 38.2261 110.2044 38.2923
14802 30.0 0.0 33.1 0.0 -3.1 112.1605 39.2649 112.1640 39.2278 112.1944 38.9088 112.2014 38.8347
15714 45.0 0.0 44.4 0.0 0.6 108.3765 38.9650 108.3751 38.9717 108.4867 38.4390 108.4839 38.4522
14808 34.0 0.0 35.4 0.0 -1.4 112.1933 39.5138 112.1949 39.4968 112.2311 39.1127 112.2342 39.0786
15711 48.0 0.0 50.5 0.0 -2.5 107.2341 38.8993 107.2413 38.8703 107.3701 38.3422 107.3842 38.2842
15810 47.0 0.0 42.6 0.0 4.4 111.3678 39.3860 111.3617 39.4374 111.4335 38.8333 111.4213 38.9360
15708 53.0 0.0 50.5 0.0 2.5 108.0344 39.1297 108.0281 39.1582 108.1694 38.5147 108.1570 38.5717
13811 38.0 0.0 34.8 0.0 3.2 114.6849 39.7886 114.6842 39.8261 114.6935 39.3414 114.6920 39.4163
15707 53.0 0.0 51.1 0.0 1.9 107.5883 39.1370 107.5830 39.1593 107.7311 38.5239 107.7208 38.5685
14813 39.0 0.0 43.1 0.0 -4.1 112.5959 39.7920 112.5999 39.7435 112.6333 39.3345 112.6412 39.2377
15819 41.0 0.0 40.0 0.0 1.0 112.2258 39.7523 112.2248 39.7638 112.2705 39.2717 112.2684 39.2948
15705 41.0 0.0 44.5 0.0 -3.5 108.7046 39.4515 108.7127 39.4112 108.7996 38.9754 108.8155 38.8948
15704 48.0 0.0 50.0 0.0 -2.0 108.3498 39.3918 108.3548 39.3683 108.4665 38.8358 108.4763 38.7889
15827 35.0 0.0 36.2 0.0 -1.2 113.4105 40.1544 113.4112 40.1410 113.4339 39.7458 113.4355 39.7189
15824 42.0 0.0 39.9 0.0 2.1 113.0116 40.0672 113.0098 40.0921 113.0456 39.5772 113.0421 39.6270
15818 46.0 0.0 37.9 0.0 8.1 112.1717 40.0302 112.1628 40.1241 112.2223 39.4947 112.2047 39.6826
15702 55.0 0.0 53.8 0.0 1.2 107.6584 39.4890 107.6553 39.5025 107.8042 38.8571 107.7980 38.8841
13807 46.0 0.0 47.3 0.0 -1.3 114.2259 40.3289 114.2263 40.3139 114.2434 39.7947 114.2444 39.7647
13808 39.0 0.0 45.7 0.0 -6.7 114.6558 40.4271 114.6574 40.3494 114.6649 39.9742 114.6679 39.8187
15821 50.0 0.0 45.3 0.0 4.7 112.6005 40.2824 112.5960 40.3368 112.6477 39.7033 112.6389 39.8120
15776 38.0 0.0 36.1 0.0 1.9 109.6852 40.4818 109.6816 40.5032 109.7590 40.0469 109.7518 40.0897
13806 42.0 0.0 46.7 0.0 -4.7 115.0535 40.7250 115.0539 40.6705 115.0574 40.2405 115.0583 40.1314
15820 62.0 0.0 55.0 0.0 7.0 112.6035 40.4919 112.5969 40.5720 112.6615 39.7789 112.6486 39.9391
15816 44.0 0.0 36.9 0.0 7.1 112.1942 40.6937 112.1864 40.7758 112.2416 40.1881 112.2263 40.3523
15774 36.0 0.0 36.5 0.0 -0.5 110.5080 40.7832 110.5089 40.7770 110.5675 40.3720 110.5693 40.3596
15773 38.0 0.0 35.5 0.0 2.5 110.1209 40.7676 110.1163 40.7966 110.1886 40.3343 110.1796 40.3925
15772 39.0 0.0 32.1 0.0 6.9 109.6987 40.7548 109.6853 40.8331 109.7737 40.3110 109.7473 40.4677
13803 44.0 0.0 47.9 0.0 -3.9 115.0816 41.0201 115.0819 40.9758 115.0853 40.5158 115.0859 40.4273
15860 40.0 0.0 43.0 0.0 -3.0 113.8398 41.0854 113.8413 41.0512 113.8601 40.6277 113.8632 40.5592
15836 36.0 0.0 37.3 0.0 -1.3 112.2778 41.0989 112.2792 41.0839 112.3154 40.6879 112.3181 40.6578
15756 35.0 0.0 39.7 0.0 -4.7 110.5201 41.1252 110.5278 41.0719 110.5774 40.7281 110.5927 40.6215
15853 39.0 0.0 41.7 0.0 -2.7 113.3839 41.3099 113.3857 41.2791 113.4097 40.8658 113.4133 40.8044
15749 40.0 0.0 37.7 0.0 2.3 109.6993 41.0614 109.6950 41.0870 109.7758 40.6092 109.7672 40.6605
15859 38.0 0.0 45.4 0.0 -7.4 113.8129 41.4430 113.8168 41.3589 113.8325 41.0111 113.8401 40.8430
15760 35.0 0.0 40.3 0.0 -5.3 110.9009 41.4386 110.9089 41.3786 110.9534 41.0434 110.9693 40.9233
15752 35.0 0.0 37.7 0.0 -2.7 110.1075 41.4372 110.1122 41.4073 110.1693 41.0432 110.1786 40.9835
15748 46.0 0.0 43.5 0.0 2.5 109.6888 41.3159 109.6840 41.3439 109.7762 40.7992 109.7668 40.8551
15692 39.0 0.0 32.7 0.0 6.3 108.3032 41.2837 108.2881 41.3546 108.3953 40.8479 108.3655 40.9897
15858 42.0 0.0 45.4 0.0 -3.4 113.7939 41.7527 113.7956 41.7148 113.8156 41.2787 113.8191 41.2028
15846 38.0 0.0 44.4 0.0 -6.4 113.0404 41.8039 113.0454 41.7314 113.0697 41.3756 113.0796 41.2305
15769 49.0 0.0 48.6 0.0 0.4 111.7682 41.6990 111.7677 41.7036 111.8269 41.1485 111.8259 41.1579
15834 44.0 0.0 47.6 0.0 -3.6 112.1729 41.7797 112.1767 41.7395 112.2196 41.2851 112.2272 41.2047
15845 43.0 0.0 54.9 0.0 -11.9 113.1185 42.1801 113.1274 42.0467 113.1503 41.6992 113.1678 41.4325
15838 20.0 NaN 61.7 0.0 -41.7 112.5620 42.8665 112.6003 42.4050 112.5804 42.6450 112.6559 41.7221
15762 20.0 NaN 40.7 0.0 -20.7 111.3517 42.8946 111.3791 42.6661 111.3782 42.6740 111.4324 42.2170
