106.3971794 35.2891868
106.4301637 35.24465857
106.4389915 35.2295762
106.4550758 35.20993841
106.4872222 35.17065369
106.50898 35.15698461
106.5466795 35.12359651
106.5634272 35.09862722
106.5778499 35.08946318
106.6017916 35.05990238
106.6241793 35.04087618
106.6408931 35.01588739
106.6632626 34.99685146
106.6791926 34.97712678
106.7014262 34.95798489
106.7371158 34.93479247
106.7599934 34.91026746
106.7813976 34.89633539
106.8035311 34.87709426
106.8313521 34.8638261
106.8528677 34.84998759
106.9013374 34.8280514
106.9300729 34.80964937
106.9724228 34.78733876
107.0003995 34.77422467
107.0219275 34.76041456
107.0642262 34.73807862
107.0785648 34.72886555
107.1215604 34.70121615
107.1421926 34.6925402
107.1642314 34.6732026
107.1855603 34.65918562
107.2211001 34.63581124
107.2502948 34.61185428
107.2787909 34.5932395
107.3072768 34.57461535
107.3478827 34.56266214
107.3685305 34.55401448
107.3962883 34.54070114
107.4233392 34.53271474
107.4696162 34.52672618
107.4973478 34.5133904
107.5243758 34.50538312
107.5777518 34.4947407
107.610443 34.4926656
107.6565814 34.48647625
107.6899222 34.47898469
107.7168631 34.47084339
107.7431188 34.46804909
107.7629791 34.4646115
107.7892298 34.46180691
107.814797 34.4643485
107.8410422 34.46153343
107.8800655 34.45997601
107.9056263 34.46249894
107.956702 34.46744324
107.9822399 34.46990369
108.0396983 34.47542109
108.0722982 34.47314052
108.1105995 34.47679344
108.1425159 34.47982804
108.1744309 34.48285325
108.2127273 34.48647266
108.2446396 34.4894797
108.2758765 34.49780987
108.2943487 34.50492907
108.3312892 34.5191418
108.3561415 34.5268301
108.3803219 34.53983175
108.4115536 34.54806963
108.4357392 34.56105584
108.4669757 34.56927676
108.496881 34.58815582
108.5210754 34.60111712
108.5580367 34.61521384
108.6000573 34.64052529
108.6299829 34.65935173
108.6541826 34.672187
108.6777239 34.69033707
108.7089768 34.69836043
108.7595468 34.70452092
108.800273 34.72012456
108.8251519 34.74088781
108.8486012 34.76925292
108.8785751 34.78787874
108.9092137 34.80117025
108.9392075 34.81976339
108.9698618 34.83302566
109.0126581 34.85264869
109.0305369 34.86485068
109.0554683 34.87225492
109.0720488 34.89507807
109.1148818 34.91465587
109.1583789 34.92890268
109.1826827 34.94159036
109.2127492 34.96007235
109.2434754 34.97322408
109.2671566 34.99116895
109.2786766 35.00279183
109.3094225 35.01592369
109.3215939 35.02223532
109.3446536 35.04545778
109.3703011 35.04744548
109.3959517 35.04942749
109.4222486 35.04609889
109.4414909 35.04757803
109.4742066 35.04472987
109.5005097 35.04138331
109.526175 35.04333862
109.5518432 35.04528848
109.5845641 35.04242686
109.6230534 35.04538521
109.6557632 35.04254149
109.682689 35.03389895
109.7089984 35.03052032
109.734683 35.03243244
109.7603708 35.03433871
109.7860619 35.03623961
109.8123826 35.03283144
109.8380793 35.03472229
109.8573537 35.03613631
109.895908 35.03895619
109.9209917 35.0461342
109.9454561 35.05861329
109.9705451 35.06578842
109.9950195 35.07826024
110.0188815 35.09602746
110.0363196 35.11332372
110.0608412 35.12573978
110.0859909 35.13284661
110.1117632 35.1346478
110.1369239 35.14174503
110.1679226 35.15458603
110.1860264 35.1665396
110.2170304 35.17938314
110.2474274 35.19752513
110.2713837 35.21521613
110.2888937 35.23245885
110.3070343 35.24438358
110.3246352 35.26153822
110.4293346 35.61073667
110.7351086 35.93103883
110.9457324 36.27436478
111.2751361 37.60729266
111.3609684 38.02220188
111.5996236 38.55417217
112.0035195 39.12076561
112.5252073 39.3706367
112.884924 40.370533
112.7201265 40.47233199
112.4740376 40.46295576
112.4321377 40.46062451
112.3767085 40.45218271
112.3488004 40.45060843
112.3003984 40.44252873
112.2589959 40.43483162
112.2311224 40.4332314
112.2036805 40.4263124
112.1762453 40.41938208
112.1423224 40.40676736
112.1016439 40.39394823
112.0674644 40.38678872
112.0198942 40.37356295
111.9861849 40.36107126
111.9589622 40.35425751
111.9179176 40.34668085
111.8699732 40.33870808
111.8423224 40.33717718
111.8146735 40.33563953
111.7874836 40.32877648
111.7529063 40.3267983
111.7049792 40.31870643
111.649684 40.31549879
111.6220414 40.31388497
111.6087032 40.30777179
111.57416 40.30574189
111.5465132 40.3040828
111.5257792 40.3028305
111.4912281 40.30073456
111.4497764 40.29820613
111.4078651 40.30103123
111.3526585 40.29770824
111.3043637 40.29478017
111.2560773 40.29183017
111.2284895 40.29013568
111.193488 40.29331355
111.1590094 40.29117556
111.1314302 40.2894582
111.0969604 40.28730224
111.0625013 40.28516113
111.0280485 40.28301115
110.9935997 40.28085112
110.9591554 40.27868087
110.9316029 40.27693751
110.9035016 40.28048957
110.8552938 40.27743566
110.82775 40.2756854
110.800209 40.27392816
110.7657848 40.2717232
110.7175976 40.26861546
110.6688411 40.27078505
110.6413099 40.26898806
110.6063166 40.27203021
110.5787888 40.27022153
110.5506738 40.27371545
110.5087901 40.27629405
110.466902 40.27885717
110.4387744 40.28232455
110.3762311 40.2834828
110.3193377 40.29569165
110.269919 40.3030403
110.2142196 40.30463038
110.1578795 40.31149901
110.0877477 40.31739555
110.0451439 40.32515747
110.0031658 40.3276179
109.9474004 40.32911551
109.9267302 40.32768368
109.8985097 40.33108179
109.8633926 40.33399348
109.8213771 40.33641249
109.7793537 40.33881623
109.7511086 40.34218006
109.7090714 40.34455914
109.6670148 40.3469399
109.6173546 40.35414352
109.5678582 40.36100957
109.5245724 40.37361949
109.474988 40.38055011
109.4243435 40.39330677
109.3805846 40.40650752
109.336784 40.41969945
109.2938308 40.42733604
109.2647017 40.43595264
109.2286423 40.44405664
109.1925665 40.45215119
109.1641368 40.45543368
109.1349595 40.46402056
109.106513 40.46729043
109.0773122 40.47586503
109.0411688 40.48391974
108.991147 40.49092926
108.9479525 40.49853735
108.9047279 40.50613743
108.8900695 40.51042558
108.8399142 40.51743458
108.7889414 40.52975178
108.7456636 40.53726092
108.7240178 40.54100954
108.6876631 40.54902444
108.6512902 40.55703062
108.6218381 40.5655756
108.5923405 40.57414738
108.5480637 40.58699583
108.4959523 40.60463628
108.4585772 40.61798965
108.4359682 40.62706955
108.3924297 40.63450989
108.3619872 40.64836154
108.316704 40.66646119
108.2643519 40.6840313
108.233755 40.69792278
108.2040015 40.70646914
108.1733607 40.72035263
108.151452 40.72407852
108.1067378 40.7368686
108.0698868 40.74484321
108.0259918 40.75226053
107.9899835 40.75486346
107.9478307 40.75155041
107.8976934 40.75305939
107.8554535 40.74976358
107.8272888 40.747557
107.7850344 40.74423409
107.7507336 40.73609703
107.7182795 40.71723993
107.691958 40.70428865
107.6665618 40.68598461
107.6411204 40.66771549
107.6147663 40.65478653
107.5884185 40.64185043
107.5619488 40.6289911
107.5444847 40.60594367
107.5181076 40.59302318
107.4926743 40.57475196
107.4733724 40.56237931
107.4479589 40.54409526
107.4084421 40.52466848
107.383054 40.50636599
107.3647339 40.48862877
107.3534765 40.4714621
107.3422253 40.45429576
107.3197415 40.41996184
107.2953722 40.39629993
107.2851074 40.37379525
107.2748516 40.35129225
107.2566046 40.3335413
107.2463662 40.31103923
107.235175 40.29387108
107.2268741 40.26071056
107.2045289 40.22637819
107.1751839 40.19145267
107.1528925 40.15711742
107.1376442 40.12337939
107.1153992 40.08904605
107.0990793 40.06561275
107.0817561 40.04260315
107.0653957 40.01428151
107.0480948 39.99126552
107.0387946 39.96353497
107.0285474 39.94111261
107.006106 39.90690101
106.9967861 39.87919041
106.9865222 39.85678228
106.9832977 39.83497564
106.9730461 39.81256801
106.9797098 39.77547148
106.9825625 39.75957678
106.966256 39.73127147
106.9559908 39.70887987
106.9405911 39.67529449
106.9471854 39.63825269
106.9500093 39.62238101
106.9547114 39.59593245
106.9804127 39.57132943
106.9990879 39.54611992
107.0168094 39.52620232
107.0213942 39.49980782
107.0241201 39.48397443
107.0207907 39.46224562
107.0053656 39.42872067
107.0099102 39.40233991
106.9935809 39.3740908
106.9840742 39.34649442
106.967623 39.31826766
106.9572493 39.29593319
106.9399443 39.27296128
106.9304803 39.24534771
106.9210236 39.21773119
106.9133464 39.17957374
106.9090681 39.16312809
106.9056774 39.14141388
106.8962433 39.11378985
106.89286 39.09207405
106.8894777 39.07035783
106.8860976 39.0486416
106.8836122 39.02165633
106.8847737 38.9735913
106.8883635 38.9525192
106.8886244 38.9097318
106.8879889 38.87221565
106.8855622 38.84523418
106.8753397 38.82286638
106.8592001 38.79457457
106.8411145 38.77681431
106.8308654 38.75444179
106.8137539 38.73139827
106.8025826 38.71428344
106.7844931 38.69650291
106.755228 38.66159624
106.7388825 38.6332669
106.7173993 38.59372714
106.6959337 38.5541731
106.6615461 38.50798153
106.6521672 38.48028896
106.6419039 38.45785859
106.6274091 38.41893789
106.6093591 38.40107942
106.5931044 38.3726792
106.5897775 38.35092011
106.5864528 38.32916044
106.575287 38.31197131
106.5727216 38.28493051
106.561531 38.26773055
106.567636 38.23084527
106.5651018 38.20380116
106.5694586 38.1774538
106.5729406 38.15637671
106.5772924 38.13002978
106.5816402 38.10368368
106.5842474 38.08787577
106.5860541 38.03448036
106.5817835 38.01796751
106.5723797 37.99020698
106.5706647 37.95786521
106.5611352 37.93007274
106.557637 37.90826126
106.5498022 37.86990581
106.5342639 37.83610038
106.5187188 37.80227479
106.5031455 37.76843232
106.4927689 37.74586296
106.4763602 37.71727706
106.4728765 37.69542651
106.4693953 37.67357263
106.4514373 37.6555678
106.4540476 37.63973862
106.4455068 37.60660016
106.4419798 37.58471936
106.4264201 37.55078855
106.4228992 37.52889792
106.4194058 37.5070101
106.409953 37.47910462
106.3944951 37.44515952
106.3910616 37.42327404
106.3876303 37.40138621
106.3893475 37.390817
106.3883133 37.3530176
106.3947857 37.31061549
106.3911852 37.28865535
106.3993477 37.23565869
106.4034606 37.20916696
106.4075701 37.18267228
106.4116783 37.15617488
106.4217824 37.13573105
106.447969 37.10089749
106.4580547 37.08045201
106.4689513 37.05470573
106.4730338 37.02820109
106.4635008 37.00017608
106.4607784 36.97290368
106.4512565 36.94486513
106.4477227 36.92288639
106.4449435 36.89557158
106.4413323 36.87355069
106.4393175 36.84089556
106.4373045 36.80823263
106.4276984 36.78010642
106.4196932 36.74133292
106.4236825 36.7147371
106.420879 36.68736117
106.4126183 36.64844784
106.3972879 36.60857516
106.3926809 36.59171238
106.3888268 36.56949523
106.3803884 36.53039677
106.3788114 36.49210532
106.3764806 36.45915111
106.3817634 36.42166085
106.3870436 36.38415652
106.383205 36.36188324
106.3854818 36.34580794
106.3825078 36.31822177
106.3856529 36.29684531
106.3783605 36.25246275
106.3755025 36.22491653
106.3786471 36.20352596
106.3750041 36.18131754
106.3653634 36.15293753
106.354941 36.12989789
106.3445202 36.10685047
106.3476677 36.08543836
106.3372523 36.06237796
106.3344078 36.03477954
106.3381641 36.00788748
106.3425445 35.97552816
106.3469225 35.94315722
106.3438517 35.91537836
106.348957 35.87758593
106.3525172 35.85052748
106.3552415 35.82878703
106.3572831 35.8124777
106.367406 35.78609022
106.3708062 35.7588888
106.3668081 35.7363144
106.3634913 35.70828507
106.3534572 35.67943426
106.3583087 35.64134957
106.3629655 35.60905874
106.3671728 35.57642938
106.3645812 35.54290445
106.355921 35.50305674
106.3591689 35.47562816
106.3624167 35.44818577
106.3717393 35.42705477
106.374336 35.4050845
106.3903772 35.38477166
106.3997831 35.36369208
106.4092263 35.34263838
106.4179926 35.32705824
106.3971794 35.2891868
