61110 109.859200 34.095699 1
61107 110.206299 34.201698 2
41201 110.584702 34.341301 2
41202 110.897301 34.412998 3
41203 111.578499 34.534698 1
41205 112.144402 34.796101 2
41204 111.674797 34.809399 2
14903 110.418999 34.827702 3
14902 111.725502 35.142700 3
41214 113.035698 35.249500 3
14899 112.706497 35.402000 3
61122 108.789902 35.037601 3
61059 108.120300 35.065102 2
14896 111.265900 35.438999 1
14897 111.693398 35.493900 3
41226 114.242798 35.746201 3
61121 108.791000 35.332600 3
14894 112.993103 35.759899 1
14893 112.559700 35.757000 3
14892 112.129097 35.737000 2
61135 109.274200 35.605999 3
62365 107.821098 35.407001 3
61095 110.458702 35.739601 2
61102 110.043297 35.733398 3
61101 108.826202 35.594299 3
62369 107.481796 35.450901 2
41227 113.742104 36.062901 1
14885 112.091003 36.010201 3
14886 112.561501 36.084000 2
14883 110.843498 36.057899 2
62378 108.064499 35.749500 2
61124 110.391502 36.103199 3
61123 110.065804 36.087299 1
41230 113.760803 36.370602 3
13839 114.194298 36.392101 1
61092 109.612099 36.104801 1
14882 113.396400 36.406300 3
61091 109.204201 36.088001 3
14881 113.003502 36.419800 3
14879 112.130898 36.400501 3
14877 111.305397 36.379002 2
62387 107.906502 36.010201 3
14876 110.876297 36.411900 3
61125 110.446198 36.397301 2
61089 108.816597 36.219700 2
61119 110.067101 36.405201 2
61117 109.624298 36.364601 2
13836 114.253799 36.726101 3
61093 109.235603 36.408901 2
14875 113.390900 36.743301 3
14873 112.158096 36.713501 3
14874 112.552696 36.744099 3
14872 111.784599 36.739498 1
61061 108.771698 36.526299 3
61120 110.027199 36.709801 2
14870 110.492401 36.757000 2
61118 109.632202 36.720001 2
14867 112.249802 36.946201 3
13833 113.806602 37.034801 1
14869 112.979401 37.014500 2
62403 107.888199 36.557400 2
61081 109.192596 36.733700 3
14868 112.557999 37.036201 3
61063 108.473198 36.676701 2
14863 110.458603 37.006901 3
62409 107.718002 36.751499 2
61109 110.018700 37.049301 2
61130 109.617104 37.039902 3
14860 112.955399 37.305500 2
13831 114.241302 37.356998 3
61082 109.210899 37.028599 3
14862 113.800400 37.376598 1
14861 113.409500 37.367298 1
62411 107.284599 36.845901 3
61065 107.920700 36.949200 3
14858 111.667198 37.359299 2
14856 110.914200 37.354500 3
14857 111.237000 37.390999 2
61132 110.045898 37.370499 2
13828 114.243896 37.671001 3
61131 109.636803 37.377602 3
14854 113.407898 37.684502 1
14851 111.276001 37.586201 3
61071 107.740700 37.218201 3
14850 110.894302 37.694000 3
61075 108.818703 37.481499 2
61116 110.454498 37.695400 2
61133 110.037697 37.668499 2
61073 107.624802 37.393398 3
14847 113.136597 37.946701 2
14849 113.822899 37.991001 3
61097 109.185402 37.680801 2
61074 107.311203 37.447102 3
14846 112.153397 37.998501 3
14844 111.305603 37.990101 3
15729 108.690697 37.750198 3
14843 110.889000 37.999901 3
61103 110.461998 38.003899 2
61128 109.937897 37.987598 2
61100 109.630600 37.987301 2
61098 109.237801 37.980099 3
14841 111.333298 38.332100 2
14840 110.908203 38.305099 3
61129 110.024300 38.325100 2
15733 107.489502 38.028999 3
13821 113.800102 38.618999 3
13823 114.639801 38.658901 3
14830 113.422997 38.641998 1
14827 112.125702 38.643101 3
61114 110.880798 38.650002 3
61111 110.034798 38.636902 3
61127 109.587303 38.629101 3
13820 114.672600 38.948200 3
13818 113.800102 38.941299 3
14833 112.143097 38.956200 3
15743 107.942802 38.664799 2
15798 109.628098 38.959499 2
13816 114.673798 39.259602 3
14837 113.383102 39.281502 2
15725 108.664001 38.924400 2
15724 108.246002 38.911800 1
14819 112.129097 39.281300 3
61085 110.382698 39.182598 3
15796 110.046700 39.292801 3
15795 109.619003 39.280899 3
13815 115.072899 39.614399 2
14806 113.872002 39.608799 3
14802 112.126198 39.620899 3
14801 111.723701 39.599602 3
15793 110.448502 39.579498 2
15791 109.603500 39.597000 3
15714 108.264702 39.491001 2
14808 112.155098 39.914902 2
15711 107.096001 39.456200 2
15810 111.301102 39.938702 3
15789 110.459503 39.914101 3
15708 107.897102 39.744598 2
13811 114.676201 40.235901 3
14815 113.807297 40.241199 3
15707 107.442902 39.749901 3
14813 112.557899 40.249401 1
15819 112.180496 40.232899 1
15705 108.608398 39.927601 2
15815 111.716599 40.252602 1
15809 111.334702 40.242298 3
15704 108.231201 39.947601 2
15703 107.845497 40.011299 3
13810 115.047600 40.522900 2
14816 114.231903 40.547001 3
15827 113.386703 40.563000 1
15824 112.977097 40.557201 1
15818 112.120300 40.565601 1
15702 107.510002 40.120701 1
13807 114.208000 40.863201 2
13808 114.646599 40.880100 2
15823 112.967697 40.859798 2
15821 112.552399 40.861500 1
15817 112.134499 40.851601 3
15776 109.610497 40.916698 3
13805 114.682404 41.202400 3
13806 115.049500 41.209599 1
15820 112.544296 41.204899 2
15816 112.146004 41.199200 3
15774 110.447701 41.194401 1
15773 110.052200 41.200802 1
15772 109.622597 41.198502 2
13803 115.077904 41.524300 2
15860 113.819099 41.543201 2
15848 112.983597 41.527302 3
15836 112.239700 41.509899 2
15756 110.461998 41.522202 1
15853 113.357697 41.753899 2
15749 109.621803 41.513500 2
15698 108.833099 41.486500 3
15859 113.793098 41.874802 2
15835 112.157600 41.836498 2
15760 110.847702 41.833801 2
15752 110.044899 41.831100 2
15748 109.599899 41.832600 2
15692 108.209801 41.719501 2
15858 113.771797 42.226799 3
15846 113.010597 42.232300 2
15769 111.708504 42.249401 3
15834 112.125397 42.274300 3
15851 113.329697 42.647701 3
15845 113.086197 42.660900 3
15839 112.517403 42.653702 3
15758 110.859596 42.658699 3
15754 110.474503 42.645401 3
15750 110.036102 42.610001 3
15838 112.543404 43.087898 1
15762 111.325104 43.115200 3
